25 0.620313 0.280556 0.617969 0.286111 0.617969 0.288889 0.618750 0.290278 0.618750 0.294444 0.621094 0.300000 0.619531 0.304167 0.620313 0.309722 0.621094 0.312500 0.623437 0.316667 0.623437 0.318056 0.625000 0.320833 0.628906 0.326389 0.630469 0.326389 0.632031 0.323611 0.632031 0.319444 0.631250 0.313889 0.628906 0.309722 0.628906 0.304167 0.626563 0.298611 0.625781 0.293056 0.626563 0.284722 0.623437 0.279167 0.620313 0.280556
19 0.583594 0.518056 0.578125 0.519444 0.565625 0.522222 0.542188 0.527778 0.477344 0.544444 0.470313 0.545833 0.454688 0.548611 0.439844 0.551389 0.385937 0.561111 0.378125 0.562500 0.370312 0.563889 0.333594 0.563889 0.324219 0.565278 0.309375 0.568056 0.264062 0.577778 0.253906 0.579167 0.239063 0.580556 0.208594 0.581944 0.194531 0.583333 0.174219 0.586111 0.142187 0.591667 0.126562 0.591667 0.125000 0.587500 0.117969 0.587500 0.106250 0.588889 0.106250 0.593056 0.104688 0.595833 0.095312 0.597222 0.082812 0.598611 0.033594 0.602778 0.021094 0.605556 0.009375 0.605556 0.008594 0.606944 0.000000 0.606944 0.000000 0.795833 0.009375 0.795833 0.030469 0.794444 0.135937 0.787500 0.157031 0.784722 0.283594 0.776389 0.307812 0.775000 0.336719 0.773611 0.421094 0.769444 0.454688 0.769444 0.488281 0.772222 0.555469 0.777778 0.707812 0.791667 0.741406 0.793056 0.758594 0.795833 0.775000 0.795833 0.775781 0.797222 0.790625 0.797222 0.788281 0.795833 0.784375 0.790278 0.777344 0.783333 0.775781 0.781944 0.757031 0.761111 0.750781 0.752778 0.642188 0.633333 0.635938 0.625000 0.596094 0.581944 0.589844 0.575000 0.585938 0.569444 0.585156 0.569444 0.584375 0.554167 0.585938 0.523611 0.585938 0.518056 0.583594 0.518056
21 0.000000 0.000000 0.000000 0.558333 0.006250 0.558333 0.010156 0.556944 0.012500 0.552778 0.025000 0.527778 0.028125 0.522222 0.030469 0.520833 0.035156 0.519444 0.044531 0.516667 0.064062 0.511111 0.074219 0.508333 0.096875 0.508333 0.098437 0.511111 0.103125 0.522222 0.107813 0.530556 0.110937 0.533333 0.114062 0.538889 0.114844 0.544444 0.115625 0.548611 0.116406 0.554167 0.117188 0.559722 0.114844 0.569444 0.114062 0.576389 0.112500 0.579167 0.108594 0.579167 0.107813 0.581944 0.107031 0.584722 0.107031 0.587500 0.120313 0.586111 0.121094 0.584722 0.126562 0.584722 0.126562 0.580556 0.126562 0.554167 0.134375 0.552778 0.142187 0.554167 0.142187 0.569444 0.142969 0.570833 0.142969 0.580556 0.148438 0.580556 0.156250 0.579167 0.186719 0.572222 0.194531 0.570833 0.206250 0.569444 0.233594 0.568056 0.244531 0.566667 0.253906 0.563889 0.262500 0.563889 0.263281 0.562500 0.267969 0.562500 0.267969 0.552778 0.266406 0.540278 0.264844 0.516667 0.264062 0.493056 0.263281 0.491667 0.264062 0.480556 0.274219 0.481944 0.275000 0.484722 0.275000 0.498611 0.277344 0.544444 0.278125 0.545833 0.278125 0.559722 0.278906 0.562500 0.282813 0.562500 0.293750 0.561111 0.294531 0.559722 0.298438 0.559722 0.298438 0.554167 0.297656 0.518056 0.296875 0.480556 0.296094 0.443056 0.295312 0.419444 0.292969 0.413889 0.285938 0.398611 0.285938 0.395833 0.288281 0.390278 0.296875 0.373611 0.298438 0.370833 0.313281 0.397222 0.310937 0.401389 0.308594 0.408333 0.302344 0.422222 0.300781 0.426389 0.300000 0.429167 0.300000 0.455556 0.301563 0.493056 0.301563 0.529167 0.302344 0.530556 0.302344 0.559722 0.305469 0.559722 0.316406 0.558333 0.317188 0.556944 0.322656 0.556944 0.321875 0.548611 0.319531 0.530556 0.318750 0.529167 0.319531 0.525000 0.323437 0.519444 0.334375 0.504167 0.341406 0.494444 0.344531 0.490278 0.383594 0.490278 0.385937 0.493056 0.391406 0.501389 0.393750 0.504167 0.396094 0.504167 0.405469 0.502778 0.415625 0.501389 0.425781 0.500000 0.431250 0.495833 0.435937 0.494444 0.446875 0.493056 0.458594 0.494444 0.458594 0.483333 0.459375 0.481944 0.458594 0.455556 0.470313 0.452778 0.475000 0.454167 0.475781 0.456944 0.476562 0.463889 0.477344 0.468056 0.478125 0.470833 0.490625 0.472222 0.495312 0.472222 0.495312 0.469444 0.494531 0.468056 0.494531 0.462500 0.492969 0.461111 0.490625 0.459722 0.491406 0.426389 0.493750 0.425000 0.498437 0.423611 0.508594 0.420833 0.521875 0.420833 0.532031 0.423611 0.532031 0.443056 0.532813 0.444444 0.532031 0.463889 0.517969 0.463889 0.514062 0.466667 0.514062 0.468056 0.510938 0.476389 0.509375 0.479167 0.503125 0.477778 0.503906 0.483333 0.504687 0.484722 0.504687 0.487500 0.506250 0.488889 0.507812 0.488889 0.509375 0.490278 0.510938 0.491667 0.511719 0.495833 0.508594 0.504167 0.507031 0.506944 0.509375 0.509722 0.510938 0.505556 0.511719 0.501389 0.512500 0.498611 0.536719 0.497222 0.537500 0.495833 0.542188 0.495833 0.542969 0.493056 0.545312 0.486111 0.546094 0.481944 0.550781 0.483333 0.555469 0.484722 0.557813 0.486111 0.559375 0.488889 0.560937 0.490278 0.564844 0.490278 0.575781 0.487500 0.575000 0.484722 0.572656 0.477778 0.569531 0.462500 0.565625 0.447222 0.563281 0.438889 0.562500 0.436111 0.557031 0.433333 0.548438 0.433333 0.542188 0.431944 0.539062 0.429167 0.526563 0.419444 0.521875 0.415278 0.519531 0.411111 0.518750 0.405556 0.517969 0.401389 0.516406 0.390278 0.515625 0.384722 0.512500 0.390278 0.511719 0.390278 0.505469 0.401389 0.501563 0.401389 0.496875 0.400000 0.495312 0.397222 0.493750 0.390278 0.492188 0.381944 0.500781 0.366667 0.507031 0.361111 0.508594 0.361111 0.506250 0.358333 0.503125 0.355556 0.496094 0.350000 0.494531 0.348611 0.493750 0.347222 0.492969 0.344444 0.490625 0.334722 0.487500 0.326389 0.486719 0.323611 0.485938 0.320833 0.484375 0.306944 0.483594 0.302778 0.482031 0.297222 0.480469 0.295833 0.470313 0.294444 0.468750 0.291667 0.468750 0.290278 0.464062 0.280556 0.460156 0.270833 0.459375 0.266667 0.460156 0.263889 0.462500 0.258333 0.467187 0.248611 0.467969 0.244444 0.467187 0.241667 0.463281 0.231944 0.460938 0.226389 0.453125 0.213889 0.451562 0.193056 0.446875 0.186111 0.426563 0.156944 0.420312 0.145833 0.416406 0.137500 0.413281 0.130556 0.410156 0.123611 0.408594 0.119444 0.408594 0.115278 0.410156 0.108333 0.410156 0.102778 0.412500 0.090278 0.413281 0.083333 0.414062 0.044444 0.414844 0.044444 0.418750 0.038889 0.429688 0.026389 0.426563 0.019444 0.422656 0.013889 0.418750 0.008333 0.414844 0.002778 0.412500 0.000000 0.000000 0.000000
24 0.264062 0.481944 0.264062 0.491667 0.264844 0.493056 0.265625 0.516667 0.268750 0.552778 0.268750 0.563889 0.269531 0.566667 0.278125 0.566667 0.278125 0.561111 0.277344 0.545833 0.275000 0.500000 0.274219 0.498611 0.274219 0.484722 0.273438 0.481944 0.264062 0.481944
20 0.317188 0.559722 0.303906 0.561111 0.289844 0.562500 0.289062 0.563889 0.278906 0.563889 0.278125 0.568056 0.269531 0.568056 0.268750 0.565278 0.262500 0.565278 0.248438 0.566667 0.220312 0.569444 0.206250 0.570833 0.194531 0.572222 0.186719 0.573611 0.164062 0.577778 0.156250 0.580556 0.149219 0.580556 0.148438 0.581944 0.142187 0.581944 0.141406 0.584722 0.141406 0.588889 0.142969 0.588889 0.155469 0.587500 0.167969 0.586111 0.180469 0.583333 0.192969 0.581944 0.208594 0.580556 0.239063 0.579167 0.253906 0.577778 0.264062 0.576389 0.278906 0.573611 0.301563 0.569444 0.309375 0.566667 0.316406 0.566667 0.317188 0.565278 0.323437 0.565278 0.323437 0.559722 0.317188 0.559722
3 0.508594 0.422222 0.498437 0.425000 0.493750 0.426389 0.492969 0.427778 0.491406 0.427778 0.491406 0.459722 0.494531 0.461111 0.496094 0.462500 0.496094 0.473611 0.490625 0.473611 0.477344 0.470833 0.476562 0.468056 0.475781 0.461111 0.475000 0.456944 0.474219 0.454167 0.470313 0.454167 0.460156 0.455556 0.459375 0.483333 0.459375 0.495833 0.460938 0.500000 0.465625 0.509722 0.466406 0.512500 0.467187 0.523611 0.467187 0.541667 0.468750 0.544444 0.470313 0.544444 0.477344 0.543056 0.478125 0.541667 0.481250 0.541667 0.481250 0.536111 0.482812 0.533333 0.487500 0.536111 0.488281 0.540278 0.494531 0.538889 0.495312 0.537500 0.498437 0.537500 0.500000 0.531944 0.501563 0.533333 0.503125 0.536111 0.506250 0.536111 0.507031 0.534722 0.510156 0.534722 0.509375 0.511111 0.506250 0.506944 0.507812 0.504167 0.510938 0.495833 0.510938 0.493056 0.509375 0.491667 0.507812 0.490278 0.506250 0.490278 0.504687 0.488889 0.503125 0.483333 0.503906 0.477778 0.510156 0.476389 0.510156 0.475000 0.513281 0.466667 0.516406 0.461111 0.519531 0.461111 0.532031 0.462500 0.532031 0.451389 0.531250 0.423611 0.522656 0.423611 0.521875 0.422222 0.508594 0.422222
23 0.896094 0.462500 0.896094 0.602778 0.900000 0.605556 0.906250 0.609722 0.927344 0.623611 0.929688 0.625000 0.932813 0.626389 0.939063 0.627778 0.944531 0.629167 0.962500 0.631944 0.968750 0.633333 0.972656 0.637500 0.999219 0.661111 0.999219 0.463889 0.979688 0.463889 0.978906 0.462500 0.896094 0.462500
25 0.509375 0.359722 0.508594 0.362500 0.507031 0.362500 0.504687 0.366667 0.504687 0.368056 0.503125 0.370833 0.499219 0.370833 0.492969 0.381944 0.493750 0.386111 0.494531 0.390278 0.495312 0.393056 0.496094 0.395833 0.496875 0.397222 0.498437 0.398611 0.503125 0.398611 0.504687 0.397222 0.507812 0.390278 0.509375 0.387500 0.513281 0.387500 0.515625 0.383333 0.516406 0.384722 0.518750 0.380556 0.519531 0.377778 0.519531 0.369444 0.518750 0.366667 0.515625 0.361111 0.514062 0.359722 0.509375 0.359722
27 0.978125 0.254167 0.978906 0.256944 0.979688 0.259722 0.982812 0.265278 0.983594 0.262500 0.984375 0.258333 0.985156 0.254167 0.979688 0.255556 0.978125 0.254167
27 0.975000 0.247222 0.973437 0.248611 0.975781 0.250000 0.975000 0.247222
27 0.962500 0.225000 0.963281 0.230556 0.964063 0.227778 0.962500 0.225000
27 0.985156 0.212500 0.984375 0.213889 0.979688 0.213889 0.979688 0.216667 0.982031 0.213889 0.988281 0.215278 0.988281 0.212500 0.985156 0.212500
27 0.960938 0.202778 0.960938 0.209722 0.964844 0.202778 0.960938 0.202778
27 0.413281 0.000000 0.417969 0.006944 0.422656 0.012500 0.425781 0.018056 0.427344 0.016667 0.429688 0.013889 0.435937 0.005556 0.438281 0.004167 0.439844 0.001389 0.441406 0.000000 0.413281 0.000000
25 0.603906 0.515278 0.603906 0.518056 0.603125 0.519444 0.603125 0.525000 0.603906 0.534722 0.604688 0.537500 0.604688 0.533333 0.603906 0.531944 0.603906 0.515278
25 0.471094 0.001389 0.471875 0.005556 0.474219 0.006944 0.478125 0.005556 0.483594 0.002778 0.492188 0.002778 0.492969 0.000000 0.999219 0.000000 0.999219 0.440278 0.982812 0.266667 0.983594 0.263889 0.984375 0.262500 0.985156 0.258333 0.985156 0.255556 0.978906 0.252778 0.977344 0.254167 0.975000 0.250000 0.975000 0.245833 0.972656 0.248611 0.963281 0.231944 0.964844 0.227778 0.979688 0.218056 0.982031 0.215278 0.987500 0.216667 0.989062 0.212500 0.985156 0.211111 0.979688 0.212500 0.979688 0.218056 0.964844 0.227778 0.962500 0.223611 0.960938 0.211111 0.965625 0.202778 0.960938 0.201389 0.960938 0.211111 0.962500 0.223611 0.961719 0.229167 0.963281 0.231944 0.972656 0.248611 0.975000 0.250000 0.977344 0.254167 0.978906 0.259722 0.982812 0.266667 0.999219 0.440278 0.997656 0.441667 0.989062 0.443056 0.980469 0.443056 0.901563 0.456944 0.857812 0.463889 0.812500 0.470833 0.785937 0.475000 0.776563 0.476389 0.763281 0.477778 0.745313 0.479167 0.709375 0.480556 0.691406 0.481944 0.673438 0.483333 0.650781 0.487500 0.639844 0.487500 0.636719 0.481944 0.632031 0.472222 0.628125 0.462500 0.628125 0.461111 0.625000 0.462500 0.627344 0.469444 0.627344 0.477778 0.626563 0.480556 0.623437 0.486111 0.621875 0.487500 0.620313 0.487500 0.619531 0.490278 0.617969 0.490278 0.617188 0.491667 0.607031 0.491667 0.603906 0.494444 0.603906 0.484722 0.604688 0.481944 0.607812 0.476389 0.610938 0.475000 0.611719 0.469444 0.614062 0.463889 0.608594 0.462500 0.607031 0.461111 0.603906 0.455556 0.603125 0.452778 0.603125 0.444444 0.603906 0.441667 0.607031 0.436111 0.609375 0.434722 0.610938 0.426389 0.608594 0.419444 0.608594 0.408333 0.610156 0.404167 0.610156 0.398611 0.611719 0.394444 0.612500 0.390278 0.612500 0.369444 0.610938 0.363889 0.610938 0.359722 0.605469 0.358333 0.603125 0.355556 0.600000 0.355556 0.599219 0.347222 0.600781 0.347222 0.602344 0.344444 0.600781 0.340278 0.600781 0.337500 0.604688 0.337500 0.610156 0.340278 0.612500 0.340278 0.614062 0.331944 0.614844 0.325000 0.614844 0.320833 0.614062 0.319444 0.614062 0.312500 0.614062 0.309722 0.615625 0.306944 0.615625 0.297222 0.614062 0.294444 0.614062 0.291667 0.614844 0.281944 0.613281 0.279167 0.610938 0.279167 0.609375 0.276389 0.602344 0.276389 0.600000 0.276389 0.598437 0.273611 0.599219 0.262500 0.599219 0.258333 0.597656 0.245833 0.598437 0.236111 0.597656 0.223611 0.596875 0.219444 0.591406 0.218056 0.592187 0.212500 0.590625 0.208333 0.589844 0.211111 0.592187 0.212500 0.591406 0.218056 0.591406 0.252778 0.591406 0.275000 0.589063 0.273611 0.581250 0.273611 0.579688 0.319444 0.579688 0.329167 0.582812 0.330556 0.585938 0.331944 0.591406 0.333333 0.591406 0.341667 0.592969 0.347222 0.592969 0.358333 0.582812 0.358333 0.581250 0.369444 0.579688 0.370833 0.578125 0.372222 0.575781 0.373611 0.568750 0.372222 0.567187 0.372222 0.567187 0.376389 0.567969 0.380556 0.567969 0.393056 0.571094 0.391667 0.578125 0.391667 0.579688 0.394444 0.582031 0.401389 0.577344 0.402778 0.575781 0.400000 0.575000 0.406944 0.577344 0.402778 0.582031 0.401389 0.582812 0.404167 0.584375 0.411111 0.584375 0.415278 0.582812 0.418056 0.581250 0.419444 0.576562 0.419444 0.575781 0.425000 0.575000 0.427778 0.571875 0.433333 0.570312 0.434722 0.565625 0.434722 0.564063 0.433333 0.560156 0.425000 0.556250 0.431944 0.548438 0.431944 0.542188 0.430556 0.539062 0.427778 0.535937 0.423611 0.533594 0.423611 0.526563 0.418056 0.521875 0.413889 0.520312 0.411111 0.518750 0.401389 0.517969 0.395833 0.517969 0.390278 0.520312 0.381944 0.520312 0.376389 0.519531 0.372222 0.517969 0.369444 0.515625 0.368056 0.510156 0.358333 0.507031 0.358333 0.502344 0.354167 0.499219 0.351389 0.492188 0.338889 0.488281 0.326389 0.488281 0.313889 0.485156 0.308333 0.484375 0.305556 0.483594 0.298611 0.482031 0.295833 0.478125 0.291667 0.472656 0.291667 0.470313 0.290278 0.468750 0.288889 0.467187 0.286111 0.467187 0.284722 0.464844 0.280556 0.460938 0.270833 0.460156 0.268056 0.460938 0.263889 0.465625 0.254167 0.467969 0.248611 0.468750 0.245833 0.467187 0.240278 0.469531 0.238889 0.471094 0.236111 0.471875 0.227778 0.467969 0.226389 0.465625 0.225000 0.464062 0.223611 0.462500 0.222222 0.457813 0.213889 0.457031 0.211111 0.456250 0.208333 0.455469 0.204167 0.455469 0.191667 0.453906 0.188889 0.443750 0.172222 0.441406 0.165278 0.439844 0.161111 0.438281 0.158333 0.435156 0.158333 0.432812 0.156944 0.431250 0.155556 0.429688 0.154167 0.425000 0.145833 0.424219 0.143056 0.423438 0.140278 0.422656 0.136111 0.421875 0.129167 0.416406 0.120833 0.415625 0.118056 0.414844 0.115278 0.414062 0.111111 0.414062 0.098611 0.414844 0.094444 0.415625 0.091667 0.416406 0.088889 0.418750 0.084722 0.416406 0.076389 0.415625 0.072222 0.415625 0.061111 0.416406 0.056944 0.417187 0.054167 0.417969 0.051389 0.422656 0.043056 0.424219 0.041667 0.427344 0.040278 0.428906 0.038889 0.429688 0.027778 0.430469 0.022222 0.431250 0.019444 0.432031 0.016667 0.436719 0.008333 0.438281 0.006944 0.441406 0.005556 0.442969 0.002778 0.442969 0.001389 0.471094 0.001389
20 0.669531 0.551389 0.616406 0.554167 0.605469 0.554167 0.603906 0.556944 0.598437 0.555556 0.592969 0.552778 0.591406 0.552778 0.590625 0.555556 0.589844 0.559722 0.592969 0.562500 0.595313 0.566667 0.603125 0.575000 0.613281 0.588889 0.615625 0.591667 0.617969 0.594444 0.621875 0.598611 0.631250 0.608333 0.650000 0.627778 0.725000 0.705556 0.814844 0.798611 0.819531 0.802778 0.822656 0.804167 0.831250 0.806944 0.848437 0.812500 0.942969 0.843056 0.995313 0.859722 0.999219 0.861111 0.999219 0.662500 0.997656 0.661111 0.994531 0.658333 0.988281 0.652778 0.969531 0.636111 0.966406 0.634722 0.962500 0.633333 0.956250 0.631944 0.944531 0.630556 0.932813 0.627778 0.928125 0.626389 0.925000 0.622222 0.918750 0.618056 0.914062 0.616667 0.901563 0.615278 0.895312 0.612500 0.895312 0.605556 0.893750 0.604167 0.890625 0.602778 0.887500 0.601389 0.890625 0.600000 0.893750 0.597222 0.895312 0.597222 0.895312 0.576389 0.894531 0.575000 0.894531 0.562500 0.887500 0.562500 0.875000 0.563889 0.850781 0.566667 0.813281 0.572222 0.800781 0.573611 0.788281 0.575000 0.772656 0.575000 0.764844 0.572222 0.756250 0.569444 0.735938 0.561111 0.723437 0.556944 0.704688 0.551389 0.669531 0.551389
24 0.591406 0.219444 0.591406 0.251389 0.592187 0.295833 0.596094 0.475000 0.596094 0.530556 0.594531 0.536111 0.593750 0.544444 0.593750 0.552778 0.597656 0.552778 0.598437 0.554167 0.603906 0.555556 0.603906 0.544444 0.603125 0.543056 0.602344 0.525000 0.601562 0.494444 0.600781 0.456944 0.597656 0.311111 0.597656 0.275000 0.596875 0.238889 0.596094 0.237500 0.596094 0.219444 0.591406 0.219444
23 0.896094 0.604167 0.896094 0.612500 0.900781 0.612500 0.901563 0.613889 0.907813 0.615278 0.914062 0.615278 0.914844 0.616667 0.916406 0.616667 0.914844 0.616667 0.912500 0.613889 0.906250 0.611111 0.900000 0.606944 0.897656 0.604167 0.896094 0.604167
23 0.588281 0.494444 0.588281 0.536111 0.589063 0.538889 0.590625 0.541667 0.592187 0.545833 0.592969 0.543056 0.593750 0.538889 0.595313 0.530556 0.595313 0.511111 0.594531 0.509722 0.594531 0.497222 0.592969 0.495833 0.588281 0.494444
23 0.989844 0.443056 0.980469 0.444444 0.946094 0.450000 0.857812 0.465278 0.785937 0.476389 0.776563 0.477778 0.763281 0.479167 0.745313 0.480556 0.709375 0.481944 0.691406 0.483333 0.673438 0.484722 0.639844 0.488889 0.617969 0.491667 0.617188 0.493056 0.607031 0.493056 0.606250 0.494444 0.604688 0.494444 0.604688 0.531944 0.605469 0.533333 0.605469 0.552778 0.616406 0.552778 0.665625 0.550000 0.704688 0.550000 0.714063 0.552778 0.746875 0.563889 0.756250 0.566667 0.770312 0.570833 0.790625 0.570833 0.806250 0.569444 0.834375 0.566667 0.877344 0.561111 0.891406 0.559722 0.895312 0.561111 0.895312 0.575000 0.896094 0.461111 0.979688 0.462500 0.999219 0.462500 0.999219 0.441667 0.989844 0.443056
30 0.600781 0.397222 0.600781 0.418056 0.606250 0.418056 0.606250 0.397222 0.600781 0.397222
30 0.298438 0.372222 0.289062 0.390278 0.286719 0.395833 0.286719 0.398611 0.289062 0.404167 0.293750 0.415278 0.296094 0.420833 0.300000 0.422222 0.300000 0.427778 0.301563 0.423611 0.303906 0.418056 0.306250 0.412500 0.310156 0.401389 0.312500 0.397222 0.298438 0.372222
30 0.600000 0.359722 0.600000 0.383333 0.600781 0.384722 0.600781 0.393056 0.610938 0.393056 0.610938 0.370833 0.610156 0.369444 0.610156 0.359722 0.600000 0.359722
30 0.582812 0.359722 0.582812 0.383333 0.583594 0.384722 0.583594 0.393056 0.593750 0.393056 0.593750 0.386111 0.592969 0.359722 0.582812 0.359722
30 0.598437 0.277778 0.598437 0.311111 0.599219 0.312500 0.599219 0.334722 0.600781 0.334722 0.601562 0.336111 0.605469 0.337500 0.610156 0.338889 0.612500 0.338889 0.612500 0.316667 0.613281 0.315278 0.614062 0.290278 0.613281 0.280556 0.606250 0.279167 0.598437 0.277778
30 0.581250 0.275000 0.580469 0.319444 0.580469 0.329167 0.582812 0.329167 0.583594 0.330556 0.588281 0.331944 0.592187 0.333333 0.592187 0.297222 0.591406 0.295833 0.591406 0.276389 0.586719 0.276389 0.585938 0.275000 0.581250 0.275000
24 0.296094 0.422222 0.296094 0.441667 0.296875 0.479167 0.297656 0.516667 0.298438 0.552778 0.299219 0.554167 0.299219 0.561111 0.301563 0.561111 0.301563 0.530556 0.300781 0.493056 0.300000 0.456944 0.299219 0.455556 0.299219 0.422222 0.296094 0.422222
2 0.074219 0.509722 0.064062 0.512500 0.044531 0.518056 0.035156 0.520833 0.030469 0.522222 0.028125 0.523611 0.025781 0.527778 0.013281 0.552778 0.010156 0.558333 0.006250 0.559722 0.000000 0.559722 0.000000 0.605556 0.008594 0.605556 0.021094 0.604167 0.057813 0.600000 0.070312 0.598611 0.077344 0.597222 0.084375 0.591667 0.085156 0.595833 0.095312 0.595833 0.096094 0.594444 0.104688 0.594444 0.105469 0.591667 0.106250 0.584722 0.107031 0.581944 0.107813 0.579167 0.113281 0.576389 0.114062 0.572222 0.116406 0.559722 0.115625 0.554167 0.114844 0.548611 0.114062 0.544444 0.113281 0.538889 0.110937 0.534722 0.108594 0.533333 0.102344 0.522222 0.097656 0.511111 0.074219 0.509722
2 0.344531 0.491667 0.341406 0.495833 0.334375 0.505556 0.323437 0.520833 0.319531 0.526389 0.319531 0.529167 0.320312 0.530556 0.322656 0.554167 0.323437 0.558333 0.324219 0.563889 0.332813 0.563889 0.334375 0.562500 0.335156 0.556944 0.341406 0.555556 0.350781 0.556944 0.351562 0.562500 0.368750 0.562500 0.368750 0.558333 0.369531 0.555556 0.376563 0.555556 0.375781 0.559722 0.384375 0.559722 0.392969 0.558333 0.408594 0.555556 0.424219 0.552778 0.432031 0.551389 0.437500 0.550000 0.440625 0.547222 0.454688 0.547222 0.462500 0.545833 0.463281 0.544444 0.467969 0.544444 0.466406 0.541667 0.466406 0.523611 0.465625 0.512500 0.464844 0.509722 0.462500 0.504167 0.460156 0.498611 0.457813 0.494444 0.446875 0.494444 0.435937 0.495833 0.431250 0.497222 0.425781 0.501389 0.415625 0.502778 0.405469 0.504167 0.396094 0.505556 0.393750 0.505556 0.391406 0.502778 0.385937 0.494444 0.383594 0.491667 0.344531 0.491667
2 0.546094 0.483333 0.545312 0.487500 0.544531 0.498611 0.540625 0.497222 0.533594 0.500000 0.523438 0.498611 0.516406 0.498611 0.510156 0.511111 0.510938 0.534722 0.512500 0.534722 0.517969 0.533333 0.529687 0.530556 0.565625 0.520833 0.577344 0.519444 0.582812 0.518056 0.583594 0.516667 0.585938 0.516667 0.585938 0.506944 0.586719 0.505556 0.586719 0.494444 0.585156 0.494444 0.584375 0.493056 0.580469 0.491667 0.571094 0.490278 0.565625 0.490278 0.561719 0.494444 0.557813 0.487500 0.555469 0.486111 0.550781 0.484722 0.546094 0.483333
