25 0.553125 0.322222 0.550000 0.326389 0.547656 0.327778 0.542188 0.337500 0.541406 0.340278 0.540625 0.356944 0.539844 0.356944 0.538281 0.359722 0.538281 0.366667 0.545312 0.366667 0.551562 0.363889 0.552344 0.359722 0.553125 0.355556 0.553125 0.322222
25 0.557031 0.320833 0.557031 0.354167 0.560156 0.365278 0.572656 0.365278 0.590625 0.363889 0.592969 0.359722 0.593750 0.356944 0.593750 0.348611 0.592969 0.345833 0.589844 0.340278 0.588281 0.338889 0.586719 0.337500 0.582812 0.337500 0.580469 0.334722 0.576562 0.333333 0.571094 0.333333 0.567969 0.329167 0.565625 0.325000 0.563281 0.322222 0.561719 0.320833 0.557031 0.320833
25 0.414062 0.312500 0.414062 0.329167 0.414844 0.330556 0.414844 0.345833 0.414062 0.327778 0.417969 0.322222 0.417969 0.316667 0.415625 0.312500 0.414062 0.312500
25 0.813281 0.295833 0.810937 0.297222 0.809375 0.298611 0.803906 0.308333 0.800781 0.315278 0.797656 0.325000 0.796875 0.327778 0.796094 0.331944 0.796094 0.363889 0.797656 0.369444 0.797656 0.373611 0.798438 0.377778 0.802344 0.370833 0.803906 0.369444 0.805469 0.368056 0.815625 0.368056 0.820312 0.372222 0.823438 0.372222 0.830469 0.368056 0.832812 0.365278 0.838281 0.363889 0.845313 0.363889 0.845313 0.341667 0.844531 0.337500 0.843750 0.334722 0.841406 0.330556 0.840625 0.325000 0.836719 0.312500 0.830469 0.301389 0.825781 0.297222 0.823438 0.295833 0.813281 0.295833
25 0.389062 0.288889 0.386719 0.290278 0.384375 0.295833 0.378906 0.297222 0.380469 0.300000 0.380469 0.304167 0.382031 0.304167 0.384375 0.308333 0.384375 0.313889 0.382031 0.318056 0.378906 0.318056 0.377344 0.315278 0.371875 0.316667 0.369531 0.322222 0.367969 0.326389 0.366406 0.330556 0.365625 0.334722 0.364844 0.338889 0.364844 0.352778 0.365625 0.356944 0.366406 0.361111 0.367969 0.365278 0.369531 0.368056 0.371094 0.372222 0.371094 0.383333 0.371875 0.387500 0.372656 0.391667 0.374219 0.395833 0.375781 0.400000 0.377344 0.402778 0.379688 0.405556 0.382031 0.408333 0.384375 0.409722 0.386719 0.411111 0.394531 0.411111 0.396875 0.409722 0.399219 0.408333 0.401562 0.405556 0.403906 0.402778 0.405469 0.400000 0.407031 0.395833 0.408594 0.391667 0.409375 0.387500 0.410156 0.383333 0.409375 0.368056 0.409375 0.363889 0.410156 0.361111 0.411719 0.358333 0.411719 0.343056 0.410938 0.315278 0.409375 0.308333 0.407813 0.304167 0.405469 0.309722 0.402344 0.309722 0.400000 0.305556 0.399219 0.294444 0.397656 0.294444 0.395313 0.298611 0.392188 0.298611 0.389844 0.294444 0.389062 0.288889
25 0.820312 0.255556 0.816406 0.256944 0.814063 0.261111 0.810156 0.269444 0.807031 0.270833 0.803906 0.272222 0.792188 0.272222 0.789844 0.275000 0.784375 0.276389 0.775781 0.276389 0.773438 0.280556 0.772656 0.286111 0.771094 0.283333 0.767188 0.283333 0.764844 0.287500 0.764844 0.293056 0.767188 0.297222 0.771094 0.297222 0.773438 0.293056 0.774219 0.287500 0.775781 0.290278 0.788281 0.290278 0.792969 0.288889 0.796094 0.287500 0.797656 0.284722 0.805469 0.287500 0.808594 0.287500 0.810937 0.283333 0.814844 0.283333 0.817187 0.279167 0.819531 0.273611 0.819531 0.272222 0.821094 0.269444 0.823438 0.269444 0.825781 0.265278 0.825781 0.259722 0.823438 0.255556 0.820312 0.255556
25 0.999219 0.000000 0.999219 0.247222 0.998437 0.251389 0.997656 0.255556 0.995313 0.262500 0.992188 0.269444 0.991406 0.275000 0.989844 0.279167 0.988281 0.283333 0.986719 0.286111 0.985938 0.286111 0.984375 0.288889 0.988281 0.291667 0.995313 0.293056 0.998437 0.294444 0.999219 0.336111 0.997656 0.337500 0.983594 0.338889 0.978906 0.338889 0.970313 0.338889 0.964844 0.337500 0.963281 0.337500 0.961719 0.340278 0.960938 0.343056 0.960938 0.401389 0.962500 0.468056 0.962500 0.501389 0.961719 0.502778 0.961719 0.537500 0.963281 0.540278 0.963281 0.559722 0.957812 0.562500 0.952344 0.563889 0.946875 0.565278 0.943750 0.565278 0.940625 0.562500 0.939844 0.559722 0.940625 0.531944 0.940625 0.513889 0.940625 0.511111 0.940625 0.463889 0.939844 0.429167 0.937500 0.398611 0.936719 0.388889 0.935937 0.381944 0.932031 0.375000 0.931250 0.372222 0.929688 0.365278 0.928906 0.358333 0.927344 0.351389 0.925781 0.348611 0.925000 0.343056 0.922656 0.337500 0.921875 0.333333 0.921094 0.329167 0.921094 0.323611 0.918750 0.319444 0.917188 0.351389 0.917188 0.368056 0.917969 0.390278 0.920312 0.445833 0.921094 0.463889 0.922656 0.477778 0.921875 0.488889 0.921875 0.491667 0.922656 0.498611 0.914844 0.498611 0.914062 0.497222 0.907031 0.497222 0.906250 0.480556 0.906250 0.462500 0.905469 0.448611 0.903906 0.434722 0.903125 0.420833 0.902344 0.400000 0.902344 0.377778 0.901563 0.358333 0.900781 0.352778 0.896875 0.351389 0.896875 0.265278 0.894531 0.256944 0.889844 0.245833 0.888281 0.241667 0.887500 0.234722 0.885938 0.231944 0.885156 0.227778 0.884375 0.223611 0.884375 0.198611 0.882031 0.186111 0.879687 0.180556 0.879687 0.166667 0.897656 0.104167 0.898438 0.079167 0.897656 0.077778 0.897656 0.051389 0.896094 0.048611 0.867188 0.050000 0.868750 0.052778 0.870313 0.052778 0.872656 0.055556 0.875000 0.058333 0.882812 0.068056 0.886719 0.075000 0.890625 0.084722 0.895312 0.097222 0.897656 0.104167 0.879687 0.166667 0.875000 0.165278 0.871875 0.159722 0.865625 0.145833 0.861719 0.152778 0.860156 0.154167 0.857812 0.155556 0.851562 0.155556 0.843750 0.158333 0.839844 0.159722 0.837500 0.161111 0.835938 0.166667 0.835938 0.172222 0.835156 0.176389 0.834375 0.179167 0.832031 0.183333 0.831250 0.187500 0.827344 0.194444 0.826562 0.198611 0.822656 0.205556 0.817969 0.212500 0.816406 0.213889 0.814063 0.215278 0.808594 0.215278 0.807813 0.222222 0.806250 0.225000 0.806250 0.227778 0.812500 0.225000 0.815625 0.225000 0.817969 0.223611 0.821094 0.219444 0.826562 0.215278 0.828906 0.213889 0.832031 0.213889 0.836719 0.205556 0.839844 0.201389 0.842969 0.201389 0.845313 0.205556 0.845313 0.212500 0.842187 0.218056 0.839063 0.222222 0.836719 0.225000 0.834375 0.227778 0.830469 0.227778 0.825781 0.231944 0.823438 0.236111 0.819531 0.236111 0.817969 0.238889 0.814844 0.238889 0.811719 0.243056 0.812500 0.250000 0.810156 0.254167 0.803906 0.254167 0.803125 0.255556 0.796875 0.254167 0.792188 0.255556 0.791406 0.254167 0.787500 0.254167 0.786719 0.255556 0.782813 0.254167 0.780469 0.255556 0.778906 0.258333 0.778906 0.265278 0.776563 0.269444 0.771094 0.268056 0.768750 0.268056 0.765625 0.273611 0.762500 0.273611 0.761719 0.198611 0.761719 0.179167 0.764062 0.179167 0.766406 0.183333 0.765625 0.190278 0.765625 0.193056 0.766406 0.194444 0.767969 0.205556 0.768750 0.212500 0.768750 0.227778 0.771094 0.229167 0.772656 0.226389 0.776563 0.226389 0.778125 0.225000 0.782813 0.218056 0.778906 0.208333 0.778125 0.205556 0.777344 0.201389 0.778125 0.191667 0.778125 0.188889 0.776563 0.186111 0.771875 0.179167 0.771094 0.176389 0.770312 0.172222 0.770312 0.165278 0.782813 0.145833 0.785937 0.147222 0.787500 0.144444 0.788281 0.141667 0.788281 0.138889 0.789062 0.136111 0.793750 0.129167 0.796094 0.125000 0.792969 0.123611 0.789844 0.127778 0.785937 0.129167 0.785156 0.136111 0.783594 0.141667 0.782813 0.145833 0.770312 0.165278 0.761719 0.165278 0.761719 0.137500 0.750781 0.136111 0.750000 0.170833 0.748437 0.170833 0.746094 0.172222 0.743750 0.175000 0.739844 0.181944 0.739844 0.184722 0.738281 0.188889 0.736719 0.193056 0.734375 0.197222 0.733594 0.200000 0.736719 0.204167 0.732031 0.216667 0.729688 0.219444 0.729688 0.222222 0.728125 0.225000 0.727344 0.229167 0.727344 0.237500 0.726562 0.241667 0.731250 0.245833 0.734375 0.244444 0.737500 0.241667 0.742188 0.241667 0.739062 0.231944 0.736719 0.226389 0.736719 0.223611 0.734375 0.219444 0.732031 0.216667 0.736719 0.204167 0.738281 0.204167 0.741406 0.208333 0.746875 0.218056 0.746875 0.223611 0.750781 0.231944 0.750781 0.268056 0.744531 0.269444 0.735156 0.269444 0.732031 0.269444 0.730469 0.269444 0.727344 0.269444 0.725000 0.266667 0.722656 0.266667 0.721094 0.275000 0.721094 0.288889 0.719531 0.294444 0.719531 0.308333 0.717969 0.316667 0.717187 0.320833 0.715625 0.325000 0.714063 0.329167 0.714063 0.309722 0.713281 0.308333 0.712500 0.272222 0.711719 0.275000 0.710938 0.276389 0.708594 0.275000 0.711719 0.261111 0.711719 0.256944 0.712500 0.255556 0.712500 0.252778 0.709375 0.250000 0.706250 0.250000 0.705469 0.283333 0.708594 0.279167 0.708594 0.275000 0.710938 0.276389 0.709375 0.283333 0.707031 0.294444 0.706250 0.298611 0.706250 0.306944 0.707031 0.345833 0.705469 0.350000 0.703906 0.352778 0.703125 0.352778 0.701562 0.355556 0.701562 0.365278 0.700781 0.369444 0.700000 0.373611 0.696875 0.380556 0.696875 0.383333 0.698438 0.388889 0.698438 0.402778 0.697656 0.406944 0.696875 0.411111 0.695312 0.415278 0.693750 0.419444 0.692187 0.422222 0.689844 0.425000 0.683594 0.429167 0.682031 0.427778 0.682031 0.426389 0.671094 0.398611 0.670312 0.394444 0.668750 0.390278 0.667188 0.386111 0.665625 0.383333 0.662500 0.380556 0.660156 0.376389 0.657813 0.373611 0.656250 0.372222 0.654687 0.370833 0.650781 0.370833 0.650000 0.369444 0.646875 0.369444 0.646094 0.366667 0.646094 0.363889 0.645312 0.361111 0.644531 0.358333 0.641406 0.348611 0.639062 0.344444 0.637500 0.344444 0.632031 0.347222 0.629687 0.347222 0.629687 0.225000 0.628906 0.209722 0.626563 0.208333 0.625781 0.309722 0.626563 0.311111 0.626563 0.344444 0.625000 0.341667 0.623437 0.341667 0.621875 0.340278 0.618750 0.334722 0.614062 0.325000 0.613281 0.322222 0.613281 0.313889 0.615625 0.308333 0.613281 0.304167 0.610938 0.301389 0.609375 0.301389 0.607031 0.298611 0.604688 0.295833 0.601562 0.288889 0.600000 0.286111 0.593750 0.277778 0.591406 0.273611 0.589063 0.268056 0.588281 0.265278 0.587500 0.262500 0.586719 0.258333 0.586719 0.240278 0.587500 0.236111 0.588281 0.233333 0.589063 0.230556 0.590625 0.227778 0.594531 0.233333 0.597656 0.233333 0.600000 0.229167 0.600000 0.223611 0.597656 0.218056 0.603125 0.213889 0.601562 0.208333 0.600781 0.201389 0.600781 0.129167 0.602344 0.120833 0.603125 0.116667 0.605469 0.111111 0.605469 0.108333 0.607031 0.104167 0.606250 0.106944 0.606250 0.112500 0.608594 0.116667 0.610938 0.116667 0.616406 0.126389 0.616406 0.129167 0.615625 0.137500 0.617969 0.141667 0.621094 0.141667 0.623437 0.137500 0.623437 0.130556 0.624219 0.129167 0.623437 0.122222 0.625781 0.118056 0.625781 0.112500 0.624219 0.109722 0.624219 0.106944 0.621094 0.102778 0.619531 0.095833 0.617188 0.091667 0.617188 0.088889 0.614062 0.084722 0.617969 0.072222 0.618750 0.065278 0.621094 0.063889 0.622656 0.066667 0.625781 0.066667 0.628125 0.062500 0.628125 0.056944 0.629687 0.054167 0.630469 0.047222 0.632812 0.052778 0.635156 0.058333 0.635156 0.062500 0.637500 0.066667 0.640625 0.066667 0.642969 0.062500 0.642969 0.047222 0.645312 0.048611 0.646875 0.051389 0.650000 0.048611 0.658594 0.048611 0.660937 0.050000 0.663281 0.051389 0.665625 0.054167 0.667969 0.056944 0.669531 0.059722 0.671094 0.063889 0.672656 0.068056 0.673438 0.072222 0.673438 0.075000 0.674219 0.079167 0.678906 0.080556 0.682031 0.083333 0.685156 0.083333 0.686719 0.080556 0.687500 0.080556 0.688281 0.079167 0.688281 0.077778 0.689844 0.075000 0.696094 0.068056 0.697656 0.066667 0.697656 0.072222 0.700000 0.076389 0.703125 0.076389 0.705469 0.072222 0.705469 0.066667 0.703125 0.062500 0.700000 0.062500 0.697656 0.066667 0.696094 0.068056 0.714063 0.101389 0.714063 0.094444 0.716406 0.090278 0.716406 0.084722 0.714063 0.080556 0.710938 0.080556 0.708594 0.084722 0.708594 0.090278 0.710938 0.094444 0.714063 0.094444 0.714063 0.101389 0.711719 0.105556 0.711719 0.111111 0.714063 0.115278 0.714063 0.119444 0.715625 0.122222 0.715625 0.126389 0.717969 0.130556 0.721094 0.130556 0.723437 0.126389 0.723437 0.120833 0.721875 0.118056 0.721875 0.112500 0.719531 0.108333 0.719531 0.105556 0.717187 0.101389 0.714063 0.101389 0.696094 0.068056 0.693750 0.063889 0.694531 0.055556 0.692969 0.052778 0.692969 0.048611 0.690625 0.044444 0.689844 0.037500 0.687500 0.033333 0.685156 0.031944 0.682813 0.027778 0.679688 0.027778 0.676562 0.026389 0.673438 0.026389 0.670312 0.025000 0.669531 0.020833 0.667188 0.016667 0.663281 0.018056 0.659375 0.008333 0.658594 0.004167 0.657813 0.000000 0.999219 0.000000
25 0.275000 0.000000 0.276562 0.004167 0.277344 0.008333 0.283594 0.019444 0.285156 0.018056 0.289062 0.012500 0.292187 0.012500 0.293750 0.018056 0.293750 0.031944 0.291406 0.036111 0.291406 0.041667 0.293750 0.045833 0.296875 0.045833 0.298438 0.043056 0.300000 0.043056 0.302344 0.038889 0.304688 0.038889 0.307031 0.033333 0.308594 0.031944 0.314063 0.040278 0.314063 0.044444 0.308594 0.062500 0.305469 0.069444 0.303906 0.073611 0.304688 0.081944 0.302344 0.084722 0.302344 0.087500 0.303906 0.090278 0.306250 0.090278 0.307812 0.093056 0.316406 0.087500 0.321094 0.087500 0.321094 0.093056 0.319531 0.095833 0.319531 0.101389 0.321875 0.105556 0.325000 0.105556 0.327344 0.101389 0.327344 0.095833 0.328906 0.097222 0.328125 0.105556 0.330469 0.109722 0.332813 0.109722 0.334375 0.112500 0.339062 0.112500 0.340625 0.109722 0.342969 0.112500 0.342187 0.122222 0.335156 0.134722 0.333594 0.136111 0.331250 0.136111 0.329688 0.133333 0.326562 0.133333 0.325000 0.136111 0.322656 0.133333 0.317969 0.133333 0.315625 0.137500 0.315625 0.141667 0.311719 0.143056 0.310156 0.138889 0.307812 0.136111 0.306250 0.136111 0.305469 0.133333 0.307031 0.130556 0.307031 0.127778 0.305469 0.125000 0.305469 0.122222 0.300781 0.119444 0.299219 0.119444 0.297656 0.122222 0.297656 0.126389 0.294531 0.126389 0.292969 0.129167 0.292969 0.131944 0.294531 0.134722 0.298438 0.134722 0.303906 0.133333 0.305469 0.133333 0.306250 0.136111 0.304688 0.138889 0.304688 0.141667 0.307031 0.145833 0.296875 0.165278 0.295312 0.162500 0.294531 0.162500 0.292969 0.159722 0.292969 0.158333 0.290625 0.154167 0.289062 0.154167 0.286719 0.150000 0.283594 0.150000 0.281250 0.154167 0.281250 0.175000 0.275000 0.176389 0.275000 0.165278 0.274219 0.159722 0.273438 0.155556 0.270313 0.150000 0.267969 0.148611 0.260937 0.148611 0.258594 0.152778 0.258594 0.158333 0.260937 0.162500 0.264844 0.162500 0.266406 0.165278 0.267188 0.170833 0.267188 0.176389 0.269531 0.180556 0.272656 0.180556 0.275000 0.176389 0.281250 0.175000 0.283594 0.179167 0.286719 0.179167 0.289062 0.173611 0.290625 0.176389 0.295312 0.176389 0.294531 0.179167 0.289062 0.187500 0.289062 0.193056 0.291406 0.197222 0.292969 0.197222 0.295312 0.202778 0.292187 0.202778 0.290625 0.205556 0.290625 0.208333 0.292187 0.211111 0.294531 0.211111 0.292969 0.215278 0.292969 0.218056 0.294531 0.220833 0.296094 0.220833 0.297656 0.218056 0.297656 0.215278 0.300000 0.212500 0.302344 0.209722 0.304688 0.211111 0.306250 0.208333 0.307812 0.212500 0.309375 0.212500 0.310937 0.209722 0.310937 0.204167 0.309375 0.201389 0.309375 0.197222 0.319531 0.186111 0.323437 0.180556 0.325000 0.180556 0.325781 0.181944 0.328125 0.181944 0.328906 0.183333 0.330469 0.183333 0.331250 0.186111 0.331250 0.188889 0.333594 0.193056 0.335938 0.193056 0.339062 0.197222 0.339062 0.220833 0.335938 0.220833 0.333594 0.225000 0.333594 0.236111 0.335938 0.240278 0.341406 0.240278 0.344531 0.241667 0.350000 0.244444 0.352344 0.245833 0.353906 0.247222 0.353906 0.250000 0.353125 0.251389 0.351562 0.268056 0.348438 0.268056 0.346094 0.272222 0.346875 0.279167 0.346875 0.281944 0.344531 0.287500 0.342187 0.291667 0.340625 0.290278 0.339062 0.290278 0.335156 0.286111 0.332813 0.284722 0.324219 0.268056 0.320312 0.256944 0.323437 0.254167 0.326562 0.254167 0.328125 0.251389 0.328125 0.248611 0.326562 0.245833 0.323437 0.244444 0.322656 0.231944 0.324219 0.231944 0.325781 0.229167 0.325781 0.226389 0.324219 0.223611 0.322656 0.223611 0.321094 0.226389 0.321094 0.229167 0.322656 0.231944 0.323437 0.244444 0.320312 0.245833 0.318750 0.247222 0.316406 0.251389 0.316406 0.254167 0.317969 0.256944 0.320312 0.256944 0.324219 0.268056 0.320312 0.270833 0.317969 0.273611 0.315625 0.277778 0.316406 0.281944 0.311719 0.291667 0.308594 0.284722 0.307031 0.281944 0.306250 0.276389 0.303906 0.272222 0.301563 0.269444 0.300781 0.262500 0.302344 0.259722 0.302344 0.256944 0.300781 0.254167 0.299219 0.254167 0.297656 0.256944 0.297656 0.255556 0.296094 0.252778 0.294531 0.252778 0.292969 0.255556 0.292969 0.261111 0.294531 0.263889 0.296094 0.263889 0.297656 0.261111 0.297656 0.255556 0.297656 0.256944 0.297656 0.259722 0.299219 0.262500 0.300781 0.262500 0.301563 0.269444 0.296094 0.269444 0.293750 0.273611 0.294531 0.280556 0.294531 0.283333 0.292969 0.288889 0.292187 0.294444 0.294531 0.297222 0.296875 0.300000 0.299219 0.302778 0.300781 0.305556 0.300781 0.306944 0.302344 0.309722 0.303906 0.308333 0.305469 0.305556 0.307812 0.304167 0.310156 0.302778 0.315625 0.301389 0.314063 0.298611 0.314063 0.297222 0.311719 0.291667 0.316406 0.281944 0.322656 0.298611 0.323437 0.301389 0.324219 0.304167 0.322656 0.305556 0.324219 0.308333 0.327344 0.311111 0.328906 0.313889 0.330469 0.318056 0.332031 0.322222 0.332813 0.326389 0.333594 0.330556 0.333594 0.344444 0.332813 0.348611 0.332031 0.352778 0.330469 0.356944 0.328906 0.361111 0.327344 0.363889 0.325000 0.366667 0.322656 0.369444 0.321094 0.369444 0.319531 0.370833 0.317969 0.373611 0.317188 0.380556 0.315625 0.384722 0.314063 0.388889 0.312500 0.391667 0.310156 0.394444 0.307812 0.397222 0.305469 0.398611 0.303125 0.400000 0.295312 0.400000 0.292969 0.398611 0.290625 0.397222 0.288281 0.394444 0.285938 0.391667 0.284375 0.388889 0.282813 0.384722 0.281250 0.380556 0.280469 0.376389 0.279687 0.372222 0.279687 0.365278 0.278125 0.362500 0.276562 0.362500 0.270313 0.363889 0.264062 0.366667 0.257812 0.366667 0.253125 0.309722 0.255469 0.305556 0.255469 0.300000 0.253125 0.295833 0.237500 0.295833 0.235937 0.298611 0.232813 0.298611 0.230469 0.302778 0.221094 0.284722 0.221094 0.281944 0.219531 0.279167 0.217188 0.279167 0.216406 0.277778 0.217969 0.277778 0.219531 0.275000 0.219531 0.272222 0.217969 0.269444 0.216406 0.269444 0.214844 0.272222 0.214844 0.275000 0.216406 0.277778 0.217188 0.279167 0.215625 0.276389 0.214062 0.276389 0.212500 0.279167 0.212500 0.281944 0.201563 0.283333 0.201563 0.279167 0.203906 0.280556 0.205469 0.280556 0.207031 0.279167 0.210156 0.273611 0.210156 0.266667 0.208594 0.263889 0.208594 0.254167 0.210156 0.254167 0.211719 0.251389 0.211719 0.248611 0.227344 0.240278 0.228906 0.243056 0.230469 0.243056 0.232031 0.240278 0.232031 0.237500 0.233594 0.234722 0.233594 0.231944 0.235156 0.229167 0.235937 0.225000 0.235937 0.222222 0.234375 0.219444 0.235156 0.213889 0.236719 0.213889 0.239063 0.209722 0.242188 0.208333 0.242188 0.215278 0.245312 0.220833 0.247656 0.222222 0.249219 0.226389 0.250781 0.226389 0.252344 0.230556 0.259375 0.241667 0.262500 0.244444 0.261719 0.248611 0.262500 0.255556 0.264062 0.258333 0.265625 0.258333 0.267969 0.261111 0.269531 0.265278 0.273438 0.265278 0.275000 0.262500 0.275000 0.259722 0.273438 0.255556 0.271875 0.252778 0.267188 0.252778 0.265625 0.250000 0.266406 0.245833 0.268750 0.245833 0.272656 0.248611 0.276562 0.252778 0.278906 0.252778 0.278125 0.258333 0.278906 0.262500 0.280469 0.265278 0.282031 0.265278 0.283594 0.262500 0.283594 0.259722 0.282813 0.258333 0.282813 0.254167 0.280469 0.251389 0.282031 0.248611 0.282031 0.245833 0.285156 0.240278 0.285938 0.236111 0.285938 0.220833 0.282031 0.213889 0.276562 0.213889 0.274219 0.216667 0.271875 0.222222 0.268750 0.226389 0.266406 0.222222 0.264844 0.220833 0.263281 0.220833 0.253906 0.205556 0.250000 0.205556 0.248438 0.204167 0.246875 0.200000 0.248438 0.176389 0.250000 0.176389 0.251563 0.173611 0.251563 0.170833 0.248438 0.165278 0.246875 0.165278 0.245312 0.168056 0.245312 0.170833 0.248438 0.176389 0.246875 0.200000 0.245312 0.200000 0.243750 0.202778 0.243750 0.205556 0.242188 0.208333 0.239063 0.209722 0.239063 0.206944 0.237500 0.204167 0.235937 0.204167 0.233594 0.208333 0.233594 0.211111 0.235156 0.213889 0.234375 0.219444 0.232813 0.219444 0.231250 0.222222 0.230469 0.225000 0.230469 0.227778 0.228906 0.230556 0.228906 0.234722 0.227344 0.237500 0.227344 0.240278 0.211719 0.248611 0.210156 0.245833 0.208594 0.245833 0.207031 0.248611 0.207031 0.251389 0.205469 0.251389 0.205469 0.247222 0.201563 0.240278 0.199219 0.238889 0.195312 0.238889 0.193750 0.241667 0.194531 0.245833 0.187500 0.247222 0.187500 0.240278 0.191406 0.234722 0.192969 0.231944 0.194531 0.227778 0.194531 0.225000 0.192969 0.222222 0.190625 0.222222 0.184375 0.233333 0.182031 0.233333 0.178906 0.238889 0.178906 0.241667 0.180469 0.244444 0.182812 0.244444 0.187500 0.240278 0.187500 0.247222 0.186719 0.250000 0.186719 0.252778 0.184375 0.255556 0.184375 0.258333 0.185938 0.261111 0.187500 0.261111 0.189062 0.259722 0.191406 0.254167 0.192969 0.254167 0.193750 0.252778 0.195312 0.252778 0.198437 0.255556 0.201563 0.255556 0.203906 0.254167 0.205469 0.251389 0.207031 0.251389 0.208594 0.254167 0.208594 0.263889 0.207031 0.263889 0.205469 0.266667 0.205469 0.269444 0.203906 0.272222 0.201563 0.270833 0.200000 0.273611 0.200000 0.276389 0.201563 0.279167 0.201563 0.283333 0.199219 0.280556 0.197656 0.276389 0.196094 0.276389 0.194531 0.279167 0.194531 0.281944 0.196875 0.284722 0.198437 0.288889 0.200000 0.288889 0.201563 0.286111 0.201563 0.283333 0.212500 0.281944 0.214062 0.284722 0.216406 0.284722 0.217969 0.287500 0.219531 0.287500 0.221094 0.284722 0.230469 0.302778 0.230469 0.308333 0.232813 0.312500 0.235937 0.312500 0.237500 0.309722 0.253125 0.309722 0.257812 0.366667 0.253906 0.368056 0.252344 0.370833 0.249219 0.388889 0.247656 0.395833 0.246875 0.400000 0.245312 0.402778 0.242969 0.405556 0.242188 0.405556 0.237500 0.412500 0.235156 0.413889 0.232813 0.416667 0.230469 0.420833 0.229687 0.420833 0.228125 0.423611 0.227344 0.429167 0.227344 0.448611 0.224219 0.448611 0.224219 0.438889 0.223438 0.429167 0.222656 0.419444 0.221875 0.415278 0.218750 0.405556 0.217188 0.398611 0.215625 0.394444 0.214062 0.397222 0.210156 0.412500 0.208594 0.418056 0.207813 0.425000 0.205469 0.456944 0.203906 0.473611 0.203125 0.481944 0.201563 0.486111 0.200781 0.493056 0.200000 0.500000 0.200000 0.506944 0.198437 0.506944 0.197656 0.508333 0.192188 0.508333 0.180469 0.511111 0.151562 0.518056 0.122656 0.526389 0.110937 0.529167 0.092188 0.533333 0.027344 0.547222 0.007812 0.551389 0.000000 0.552778 0.000000 0.481944 0.001563 0.481944 0.002344 0.480556 0.003906 0.480556 0.003906 0.486111 0.005469 0.488889 0.007812 0.487500 0.007031 0.483333 0.004687 0.476389 0.004687 0.473611 0.012500 0.473611 0.016406 0.469444 0.023438 0.470833 0.024219 0.475000 0.025781 0.477778 0.025781 0.479167 0.028125 0.479167 0.028125 0.477778 0.031250 0.477778 0.032031 0.472222 0.033594 0.468056 0.035156 0.468056 0.037500 0.472222 0.039062 0.473611 0.040625 0.475000 0.046094 0.475000 0.049219 0.483333 0.051562 0.484722 0.055469 0.484722 0.055469 0.491667 0.056250 0.493056 0.056250 0.526389 0.057031 0.536111 0.063281 0.537500 0.063281 0.487500 0.064062 0.480556 0.065625 0.479167 0.071094 0.479167 0.070312 0.484722 0.072656 0.486111 0.078906 0.484722 0.084375 0.483333 0.088281 0.481944 0.089063 0.477778 0.090625 0.476389 0.092969 0.477778 0.094531 0.481944 0.100781 0.481944 0.107813 0.479167 0.111719 0.477778 0.114062 0.475000 0.116406 0.470833 0.116406 0.461111 0.117188 0.458333 0.118750 0.458333 0.125781 0.459722 0.127344 0.461111 0.129688 0.465278 0.130469 0.473611 0.132031 0.475000 0.137500 0.480556 0.139063 0.480556 0.140625 0.483333 0.140625 0.479167 0.140625 0.477778 0.139844 0.476389 0.139063 0.476389 0.138281 0.470833 0.139063 0.468056 0.141406 0.468056 0.142187 0.466667 0.146094 0.466667 0.148438 0.470833 0.150000 0.472222 0.152344 0.472222 0.155469 0.469444 0.160156 0.468056 0.170313 0.468056 0.178125 0.466667 0.179688 0.452778 0.179688 0.444444 0.178125 0.440278 0.175781 0.434722 0.172656 0.429167 0.170313 0.427778 0.167187 0.422222 0.161719 0.409722 0.160156 0.405556 0.159375 0.402778 0.158594 0.400000 0.156250 0.388889 0.155469 0.384722 0.154688 0.380556 0.154688 0.366667 0.155469 0.361111 0.157031 0.355556 0.157031 0.351389 0.157812 0.348611 0.159375 0.347222 0.160938 0.347222 0.167187 0.341667 0.179688 0.341667 0.181250 0.338889 0.184375 0.325000 0.184375 0.322222 0.187500 0.320833 0.192188 0.323611 0.192188 0.305556 0.190625 0.304167 0.178906 0.297222 0.169531 0.295833 0.157812 0.295833 0.153906 0.294444 0.151562 0.291667 0.151562 0.288889 0.149219 0.283333 0.146875 0.279167 0.143750 0.277778 0.131250 0.277778 0.129688 0.280556 0.128125 0.280556 0.125781 0.284722 0.125000 0.279167 0.134375 0.270833 0.152344 0.270833 0.155469 0.273611 0.160938 0.273611 0.162500 0.276389 0.164844 0.276389 0.166406 0.279167 0.171094 0.279167 0.173437 0.275000 0.173437 0.269444 0.169531 0.262500 0.166406 0.262500 0.164062 0.259722 0.158594 0.259722 0.155469 0.256944 0.153125 0.256944 0.152344 0.254167 0.151562 0.251389 0.153125 0.248611 0.153125 0.238889 0.151562 0.236111 0.151562 0.230556 0.152344 0.225000 0.153125 0.222222 0.153906 0.219444 0.159375 0.219444 0.160938 0.220833 0.166406 0.227778 0.168750 0.230556 0.170313 0.230556 0.179688 0.222222 0.181250 0.220833 0.181250 0.216667 0.180469 0.216667 0.178906 0.213889 0.173437 0.208333 0.167969 0.204167 0.162500 0.198611 0.154688 0.186111 0.153906 0.184722 0.153906 0.183333 0.152344 0.180556 0.150000 0.172222 0.150000 0.169444 0.150000 0.165278 0.153906 0.161111 0.156250 0.156944 0.157812 0.158333 0.159375 0.158333 0.165625 0.163889 0.171875 0.175000 0.171875 0.181944 0.173437 0.184722 0.173437 0.188889 0.175781 0.193056 0.178125 0.193056 0.180469 0.197222 0.185938 0.198611 0.189062 0.198611 0.190625 0.195833 0.190625 0.193056 0.190625 0.194444 0.190625 0.197222 0.192188 0.200000 0.193750 0.201389 0.195312 0.201389 0.196875 0.197222 0.200781 0.198611 0.203125 0.194444 0.202344 0.187500 0.203125 0.180556 0.217188 0.180556 0.219531 0.184722 0.224219 0.184722 0.226562 0.180556 0.228906 0.180556 0.231250 0.184722 0.237500 0.184722 0.239844 0.180556 0.240625 0.172222 0.240625 0.169444 0.238281 0.166667 0.236719 0.162500 0.235156 0.162500 0.233594 0.166667 0.228906 0.173611 0.228906 0.180556 0.226562 0.180556 0.226562 0.175000 0.224219 0.170833 0.219531 0.170833 0.217188 0.175000 0.217188 0.180556 0.203125 0.180556 0.200000 0.176389 0.200000 0.172222 0.199219 0.170833 0.199219 0.165278 0.198437 0.162500 0.192969 0.152778 0.187500 0.147222 0.184375 0.145833 0.181250 0.143056 0.178906 0.140278 0.182031 0.126389 0.185156 0.118056 0.186719 0.111111 0.187500 0.108333 0.192188 0.109722 0.200781 0.113889 0.204687 0.113889 0.205469 0.115278 0.208594 0.115278 0.210156 0.112500 0.210938 0.109722 0.210938 0.106944 0.210156 0.105556 0.210156 0.101389 0.209375 0.097222 0.207813 0.093056 0.205469 0.088889 0.202344 0.077778 0.201563 0.073611 0.203125 0.072222 0.206250 0.070833 0.207813 0.069444 0.209375 0.066667 0.210938 0.062500 0.211719 0.059722 0.212500 0.056944 0.212500 0.038889 0.208594 0.030556 0.207813 0.027778 0.205469 0.015278 0.205469 0.011111 0.207031 0.008333 0.207813 0.008333 0.210156 0.004167 0.213281 0.000000 0.275000 0.000000
23 0.750000 0.377778 0.742969 0.379167 0.735156 0.380556 0.721094 0.383333 0.714063 0.384722 0.709375 0.387500 0.707812 0.387500 0.706250 0.386111 0.698438 0.387500 0.699219 0.402778 0.698438 0.406944 0.697656 0.411111 0.696094 0.415278 0.694531 0.419444 0.692187 0.423611 0.689844 0.426389 0.685937 0.427778 0.682813 0.430556 0.683594 0.433333 0.685156 0.436111 0.685937 0.440278 0.689063 0.447222 0.692969 0.462500 0.700781 0.462500 0.701562 0.463889 0.710938 0.465278 0.739062 0.469444 0.748437 0.470833 0.753125 0.470833 0.753125 0.463889 0.752344 0.377778 0.750000 0.377778
23 0.865625 0.363889 0.865625 0.423611 0.864844 0.493056 0.860938 0.493056 0.860156 0.491667 0.844531 0.487500 0.836719 0.487500 0.830469 0.486111 0.825781 0.484722 0.821094 0.481944 0.816406 0.480556 0.810156 0.479167 0.800781 0.477778 0.792188 0.477778 0.775000 0.475000 0.774219 0.473611 0.766406 0.473611 0.765625 0.472222 0.763281 0.472222 0.763281 0.376389 0.769531 0.376389 0.770312 0.375000 0.780469 0.375000 0.792188 0.372222 0.796875 0.372222 0.797656 0.375000 0.798438 0.379167 0.802344 0.372222 0.803906 0.370833 0.813281 0.369444 0.815625 0.369444 0.817969 0.370833 0.820312 0.373611 0.823438 0.373611 0.825000 0.413889 0.817187 0.413889 0.823438 0.416667 0.825000 0.413889 0.823438 0.373611 0.828125 0.369444 0.831250 0.368056 0.835156 0.366667 0.846094 0.365278 0.857031 0.363889 0.865625 0.363889
23 0.878125 0.352778 0.877344 0.488889 0.877344 0.493056 0.878906 0.493056 0.879687 0.494444 0.887500 0.495833 0.906250 0.495833 0.906250 0.476389 0.905469 0.462500 0.904687 0.448611 0.903125 0.434722 0.902344 0.420833 0.901563 0.400000 0.900781 0.379167 0.900781 0.358333 0.900000 0.356944 0.900000 0.352778 0.878125 0.352778
23 0.917969 0.351389 0.917969 0.368056 0.918750 0.390278 0.921094 0.445833 0.922656 0.462500 0.923438 0.477778 0.922656 0.488889 0.922656 0.491667 0.923438 0.500000 0.937500 0.500000 0.939063 0.498611 0.939063 0.429167 0.936719 0.398611 0.935937 0.388889 0.935156 0.381944 0.933594 0.379167 0.932813 0.379167 0.931250 0.376389 0.930469 0.372222 0.928125 0.358333 0.926562 0.351389 0.917969 0.351389
23 0.989062 0.338889 0.978906 0.340278 0.969531 0.341667 0.968750 0.343056 0.961719 0.343056 0.961719 0.401389 0.962500 0.466667 0.963281 0.468056 0.963281 0.501389 0.968750 0.501389 0.969531 0.502778 0.976562 0.504167 0.990625 0.506944 0.999219 0.508333 0.999219 0.337500 0.989062 0.338889
21 0.215625 0.395833 0.214844 0.400000 0.213281 0.405556 0.209375 0.418056 0.208594 0.425000 0.207031 0.441667 0.205469 0.465278 0.204687 0.466667 0.204687 0.472222 0.209375 0.472222 0.217188 0.458333 0.218750 0.452778 0.220312 0.450000 0.223438 0.448611 0.223438 0.438889 0.222656 0.429167 0.221875 0.419444 0.221094 0.415278 0.215625 0.395833
21 0.154688 0.381944 0.154688 0.388889 0.155469 0.390278 0.155469 0.409722 0.157031 0.430556 0.157031 0.450000 0.157812 0.451389 0.157812 0.468056 0.159375 0.468056 0.170313 0.466667 0.171094 0.465278 0.178125 0.465278 0.178906 0.452778 0.178906 0.444444 0.177344 0.440278 0.175000 0.434722 0.172656 0.430556 0.170313 0.429167 0.166406 0.422222 0.160938 0.409722 0.159375 0.405556 0.158594 0.402778 0.157812 0.400000 0.157031 0.393056 0.155469 0.388889 0.155469 0.386111 0.154688 0.384722 0.154688 0.381944
21 0.270313 0.365278 0.269531 0.366667 0.264062 0.368056 0.257812 0.368056 0.253125 0.370833 0.252344 0.377778 0.248438 0.395833 0.247656 0.400000 0.245312 0.404167 0.237500 0.413889 0.235156 0.415278 0.232813 0.418056 0.229687 0.422222 0.228125 0.429167 0.228125 0.447222 0.232813 0.447222 0.233594 0.445833 0.239844 0.444444 0.250781 0.444444 0.258594 0.445833 0.266406 0.447222 0.268750 0.448611 0.270313 0.450000 0.271875 0.451389 0.272656 0.452778 0.273438 0.456944 0.275000 0.459722 0.277344 0.462500 0.281250 0.462500 0.298438 0.461111 0.315625 0.458333 0.332031 0.458333 0.332813 0.456944 0.342969 0.456944 0.342969 0.436111 0.342187 0.402778 0.341406 0.401389 0.341406 0.370833 0.340625 0.383333 0.335938 0.383333 0.333594 0.380556 0.332031 0.383333 0.328125 0.387500 0.315625 0.387500 0.312500 0.393056 0.310156 0.395833 0.307812 0.398611 0.305469 0.400000 0.303125 0.401389 0.295312 0.401389 0.292969 0.400000 0.290625 0.398611 0.288281 0.395833 0.285938 0.393056 0.283594 0.388889 0.282031 0.383333 0.275000 0.381944 0.274219 0.376389 0.274219 0.365278 0.270313 0.365278
21 0.469531 0.343056 0.469531 0.363889 0.469531 0.361111 0.471094 0.358333 0.475000 0.358333 0.475000 0.343056 0.469531 0.343056
21 0.365625 0.330556 0.364063 0.333333 0.361719 0.334722 0.356250 0.336111 0.353906 0.337500 0.342969 0.347222 0.341406 0.348611 0.342969 0.347222 0.345313 0.348611 0.346094 0.372222 0.346094 0.412500 0.346875 0.452778 0.347656 0.454167 0.347656 0.456944 0.350000 0.456944 0.350781 0.458333 0.357812 0.459722 0.360938 0.459722 0.363281 0.455556 0.367188 0.447222 0.368750 0.445833 0.372656 0.443056 0.389844 0.443056 0.395313 0.452778 0.397656 0.458333 0.399219 0.465278 0.426563 0.465278 0.432812 0.462500 0.433594 0.459722 0.433594 0.456944 0.436719 0.447222 0.450000 0.398611 0.451562 0.394444 0.457031 0.384722 0.458594 0.383333 0.463281 0.381944 0.466406 0.379167 0.466406 0.362500 0.465625 0.343056 0.448437 0.341667 0.448437 0.338889 0.446094 0.338889 0.444531 0.336111 0.435937 0.336111 0.415625 0.337500 0.414844 0.347222 0.414844 0.354167 0.415625 0.379167 0.416406 0.405556 0.417969 0.431944 0.417187 0.456944 0.414062 0.455556 0.413281 0.436111 0.413281 0.405556 0.412500 0.404167 0.412500 0.373611 0.411719 0.372222 0.411719 0.359722 0.410938 0.362500 0.410156 0.363889 0.410156 0.368056 0.410938 0.383333 0.410156 0.387500 0.409375 0.391667 0.407813 0.395833 0.406250 0.400000 0.403906 0.404167 0.401562 0.406944 0.399219 0.409722 0.396875 0.411111 0.394531 0.412500 0.386719 0.412500 0.384375 0.411111 0.382031 0.409722 0.379688 0.406944 0.377344 0.404167 0.375000 0.400000 0.373437 0.395833 0.371875 0.391667 0.371094 0.387500 0.370312 0.383333 0.370312 0.372222 0.368750 0.368056 0.367188 0.365278 0.365625 0.361111 0.364844 0.356944 0.364063 0.352778 0.364063 0.338889 0.364844 0.334722 0.365625 0.333333 0.365625 0.330556
21 0.235156 0.302778 0.234375 0.305556 0.231250 0.305556 0.231250 0.308333 0.232813 0.311111 0.235937 0.311111 0.237500 0.308333 0.253906 0.306944 0.250781 0.308333 0.247656 0.302778 0.235156 0.302778
21 0.195312 0.279167 0.196094 0.283333 0.197656 0.286111 0.200781 0.286111 0.200000 0.281944 0.198437 0.279167 0.195312 0.279167
21 0.215625 0.272222 0.216406 0.276389 0.213281 0.279167 0.214062 0.283333 0.216406 0.281944 0.217188 0.284722 0.219531 0.286111 0.219531 0.280556 0.217188 0.281944 0.215625 0.277778 0.218750 0.275000 0.217969 0.270833 0.215625 0.272222
21 0.206250 0.266667 0.206250 0.269444 0.203906 0.273611 0.200781 0.273611 0.201563 0.277778 0.203906 0.279167 0.205469 0.279167 0.207031 0.277778 0.209375 0.273611 0.208594 0.265278 0.206250 0.266667
21 0.890625 0.255556 0.883594 0.258333 0.878906 0.256944 0.878125 0.322222 0.878125 0.351389 0.896094 0.351389 0.896094 0.265278 0.894531 0.259722 0.893750 0.256944 0.890625 0.255556
21 0.207813 0.248611 0.208594 0.252778 0.210938 0.251389 0.210156 0.247222 0.207813 0.248611
21 0.864844 0.241667 0.860156 0.243056 0.850000 0.245833 0.809375 0.256944 0.784375 0.263889 0.779687 0.265278 0.776563 0.270833 0.774219 0.270833 0.774219 0.277778 0.775781 0.275000 0.784375 0.275000 0.789844 0.273611 0.792188 0.270833 0.803906 0.270833 0.807031 0.269444 0.810156 0.268056 0.813281 0.262500 0.813281 0.261111 0.816406 0.255556 0.820312 0.254167 0.823438 0.254167 0.826562 0.259722 0.826562 0.265278 0.823438 0.270833 0.820312 0.272222 0.817969 0.279167 0.814844 0.284722 0.810937 0.284722 0.808594 0.288889 0.805469 0.288889 0.797656 0.286111 0.796094 0.288889 0.792969 0.290278 0.788281 0.291667 0.775781 0.291667 0.774219 0.288889 0.774219 0.312500 0.773438 0.313889 0.773438 0.372222 0.780469 0.372222 0.790625 0.370833 0.791406 0.369444 0.796875 0.369444 0.795312 0.363889 0.795312 0.331944 0.796094 0.327778 0.796875 0.325000 0.800000 0.315278 0.803125 0.308333 0.809375 0.297222 0.810937 0.295833 0.813281 0.294444 0.823438 0.294444 0.825781 0.295833 0.830469 0.300000 0.837500 0.312500 0.839063 0.318056 0.841406 0.325000 0.842187 0.330556 0.844531 0.334722 0.845313 0.337500 0.846094 0.341667 0.846094 0.362500 0.853906 0.362500 0.864062 0.361111 0.865625 0.359722 0.865625 0.343056 0.866406 0.341667 0.866406 0.241667 0.864844 0.241667
21 0.194531 0.241667 0.195312 0.245833 0.188281 0.247222 0.187500 0.250000 0.187500 0.252778 0.185938 0.254167 0.185938 0.259722 0.187500 0.259722 0.189062 0.258333 0.190625 0.254167 0.193750 0.251389 0.195312 0.251389 0.198437 0.254167 0.201563 0.254167 0.204687 0.251389 0.204687 0.247222 0.201563 0.241667 0.199219 0.240278 0.194531 0.241667
21 0.190625 0.223611 0.184375 0.234722 0.182031 0.234722 0.179688 0.238889 0.180469 0.243056 0.182812 0.243056 0.187500 0.238889 0.191406 0.233333 0.192188 0.231944 0.192188 0.230556 0.193750 0.227778 0.192969 0.223611 0.190625 0.223611
21 0.210938 0.000000 0.210938 0.002778 0.206250 0.002778 0.203125 0.004167 0.202344 0.011111 0.198437 0.009722 0.197656 0.004167 0.185156 0.002778 0.185156 0.006944 0.185938 0.006944 0.190625 0.013889 0.192969 0.016667 0.195312 0.019444 0.196875 0.020833 0.198437 0.009722 0.202344 0.011111 0.203125 0.026389 0.204687 0.029167 0.207813 0.031944 0.211719 0.038889 0.211719 0.056944 0.210938 0.059722 0.210156 0.062500 0.208594 0.065278 0.208594 0.066667 0.207813 0.068056 0.206250 0.069444 0.204687 0.070833 0.203125 0.070833 0.201563 0.072222 0.204687 0.088889 0.207031 0.093056 0.207813 0.095833 0.206250 0.097222 0.206250 0.113889 0.201563 0.112500 0.201563 0.097222 0.200000 0.094444 0.181250 0.095833 0.179688 0.098611 0.184375 0.104167 0.187500 0.106944 0.181250 0.126389 0.179688 0.136111 0.178125 0.140278 0.179688 0.143056 0.187500 0.148611 0.192969 0.154167 0.197656 0.162500 0.198437 0.165278 0.198437 0.170833 0.200000 0.177778 0.200781 0.177778 0.202344 0.180556 0.202344 0.186111 0.182031 0.188889 0.174219 0.188889 0.174219 0.184722 0.172656 0.181944 0.172656 0.175000 0.165625 0.162500 0.159375 0.156944 0.157812 0.156944 0.153906 0.159722 0.150781 0.163889 0.150000 0.163889 0.148438 0.166667 0.149219 0.169444 0.149219 0.172222 0.151562 0.180556 0.153125 0.184722 0.154688 0.187500 0.162500 0.200000 0.167969 0.205556 0.173437 0.209722 0.178906 0.215278 0.181250 0.218056 0.174219 0.225000 0.170313 0.229167 0.168750 0.229167 0.160938 0.219444 0.159375 0.218056 0.153125 0.219444 0.152344 0.222222 0.151562 0.225000 0.150781 0.230556 0.150781 0.236111 0.152344 0.238889 0.152344 0.248611 0.150781 0.251389 0.152344 0.256944 0.155469 0.258333 0.158594 0.261111 0.164062 0.261111 0.166406 0.263889 0.169531 0.263889 0.172656 0.269444 0.172656 0.275000 0.171094 0.277778 0.166406 0.277778 0.164844 0.275000 0.162500 0.275000 0.160938 0.272222 0.155469 0.272222 0.152344 0.269444 0.134375 0.269444 0.126562 0.276389 0.124219 0.279167 0.125781 0.286111 0.128125 0.281944 0.129688 0.281944 0.131250 0.279167 0.143750 0.279167 0.146875 0.280556 0.148438 0.283333 0.148438 0.284722 0.150781 0.288889 0.151562 0.293056 0.152344 0.293056 0.153906 0.295833 0.157812 0.297222 0.169531 0.297222 0.178906 0.298611 0.181250 0.300000 0.182031 0.301389 0.183594 0.301389 0.178906 0.301389 0.178125 0.302778 0.172656 0.304167 0.167187 0.304167 0.160938 0.306944 0.172656 0.308333 0.187500 0.305556 0.190625 0.305556 0.192188 0.306944 0.192188 0.322222 0.188281 0.320833 0.187500 0.319444 0.185156 0.319444 0.183594 0.322222 0.180469 0.336111 0.180469 0.338889 0.167187 0.340278 0.159375 0.345833 0.157812 0.347222 0.157031 0.348611 0.156250 0.351389 0.154688 0.361111 0.154688 0.365278 0.153906 0.368056 0.153906 0.348611 0.153125 0.329167 0.152344 0.318056 0.147656 0.316667 0.146875 0.338889 0.150000 0.427778 0.150781 0.451389 0.151562 0.468056 0.154688 0.469444 0.153125 0.469444 0.152344 0.470833 0.150000 0.470833 0.148438 0.469444 0.146094 0.465278 0.142187 0.465278 0.138281 0.468056 0.137500 0.470833 0.137500 0.475000 0.139844 0.477778 0.140625 0.481944 0.139063 0.479167 0.137500 0.479167 0.132031 0.473611 0.130469 0.472222 0.130469 0.465278 0.127344 0.459722 0.125781 0.458333 0.121875 0.458333 0.118750 0.456944 0.116406 0.458333 0.115625 0.461111 0.115625 0.470833 0.114062 0.473611 0.111719 0.476389 0.107813 0.477778 0.100781 0.480556 0.093750 0.479167 0.093750 0.477778 0.092188 0.475000 0.090625 0.475000 0.089063 0.476389 0.088281 0.480556 0.085156 0.480556 0.084375 0.481944 0.078906 0.483333 0.072656 0.484722 0.071094 0.484722 0.071875 0.479167 0.065625 0.477778 0.063281 0.480556 0.063281 0.423611 0.062500 0.384722 0.061719 0.345833 0.057813 0.152778 0.056250 0.076389 0.055469 0.037500 0.054688 0.018056 0.046094 0.016667 0.046094 0.056944 0.046875 0.094444 0.047656 0.131944 0.053125 0.348611 0.054688 0.420833 0.055469 0.456944 0.055469 0.483333 0.051562 0.483333 0.048438 0.480556 0.046875 0.480556 0.046094 0.473611 0.040625 0.473611 0.039062 0.472222 0.037500 0.470833 0.035156 0.466667 0.032813 0.468056 0.032813 0.469444 0.031250 0.472222 0.032031 0.477778 0.030469 0.475000 0.028906 0.475000 0.027344 0.479167 0.025000 0.475000 0.024219 0.470833 0.022656 0.468056 0.016406 0.468056 0.012500 0.472222 0.004687 0.472222 0.003906 0.476389 0.006250 0.483333 0.007031 0.487500 0.005469 0.487500 0.004687 0.480556 0.002344 0.479167 0.001563 0.480556 0.000000 0.480556 0.000000 0.001389 0.019531 0.001389 0.020313 0.000000 0.210938 0.000000
27 0.276562 0.363889 0.275000 0.365278 0.275000 0.376389 0.275781 0.377778 0.275781 0.381944 0.281250 0.381944 0.280469 0.377778 0.278906 0.372222 0.278125 0.363889 0.276562 0.363889
27 0.707031 0.347222 0.703125 0.354167 0.702344 0.365278 0.701562 0.369444 0.700781 0.373611 0.697656 0.380556 0.697656 0.383333 0.698438 0.386111 0.705469 0.386111 0.707031 0.384722 0.707031 0.347222
27 0.971094 0.338889 0.972656 0.340278 0.978125 0.338889 0.971094 0.338889
27 0.237500 0.297222 0.235937 0.300000 0.232813 0.300000 0.231250 0.304167 0.234375 0.304167 0.235156 0.301389 0.247656 0.301389 0.250781 0.306944 0.254688 0.305556 0.254688 0.300000 0.253125 0.297222 0.237500 0.297222
27 0.296094 0.270833 0.294531 0.273611 0.295312 0.280556 0.295312 0.283333 0.293750 0.288889 0.292969 0.295833 0.294531 0.295833 0.296875 0.298611 0.299219 0.301389 0.302344 0.308333 0.303906 0.306944 0.305469 0.304167 0.307812 0.302778 0.310156 0.301389 0.314844 0.301389 0.313281 0.298611 0.313281 0.297222 0.310937 0.291667 0.307812 0.284722 0.307031 0.283333 0.306250 0.283333 0.305469 0.276389 0.303906 0.273611 0.301563 0.270833 0.296094 0.270833
27 0.768750 0.269444 0.765625 0.275000 0.762500 0.275000 0.762500 0.355556 0.763281 0.356944 0.763281 0.370833 0.772656 0.370833 0.772656 0.313889 0.773438 0.312500 0.773438 0.294444 0.771094 0.298611 0.767188 0.298611 0.764062 0.293056 0.764062 0.287500 0.767188 0.281944 0.771094 0.281944 0.772656 0.284722 0.772656 0.280556 0.773438 0.279167 0.773438 0.270833 0.771875 0.270833 0.771094 0.269444 0.768750 0.269444
27 0.722656 0.268056 0.722656 0.273611 0.721875 0.275000 0.721875 0.288889 0.720313 0.294444 0.720313 0.308333 0.718750 0.316667 0.717969 0.320833 0.714844 0.327778 0.714063 0.330556 0.714063 0.383333 0.720313 0.383333 0.727344 0.381944 0.728125 0.380556 0.734375 0.380556 0.735156 0.379167 0.738281 0.379167 0.739062 0.301389 0.742188 0.302778 0.742188 0.320833 0.740625 0.375000 0.740625 0.379167 0.742188 0.379167 0.747656 0.377778 0.749219 0.376389 0.750781 0.373611 0.751563 0.373611 0.752344 0.370833 0.751563 0.277778 0.750781 0.276389 0.750781 0.269444 0.744531 0.270833 0.735156 0.270833 0.732031 0.270833 0.730469 0.270833 0.727344 0.270833 0.725000 0.268056 0.722656 0.268056
27 0.298438 0.256944 0.299219 0.261111 0.301563 0.259722 0.300781 0.255556 0.298438 0.256944
27 0.293750 0.255556 0.294531 0.262500 0.296875 0.261111 0.296094 0.254167 0.293750 0.255556
27 0.999219 0.248611 0.999219 0.251389 0.998437 0.255556 0.996094 0.262500 0.992969 0.269444 0.992188 0.275000 0.990625 0.279167 0.989062 0.283333 0.985156 0.288889 0.987500 0.288889 0.988281 0.290278 0.992188 0.291667 0.996094 0.293056 0.999219 0.294444 0.999219 0.248611
27 0.323437 0.245833 0.320312 0.247222 0.318750 0.248611 0.317188 0.251389 0.317969 0.255556 0.320312 0.255556 0.322656 0.251389 0.327344 0.251389 0.326562 0.247222 0.323437 0.245833
27 0.321875 0.226389 0.322656 0.230556 0.325000 0.229167 0.324219 0.225000 0.321875 0.226389
27 0.232031 0.222222 0.231250 0.225000 0.231250 0.227778 0.229687 0.230556 0.229687 0.234722 0.228125 0.237500 0.228906 0.241667 0.231250 0.240278 0.231250 0.237500 0.232813 0.234722 0.232813 0.231944 0.234375 0.229167 0.235156 0.225000 0.234375 0.220833 0.232031 0.222222
27 0.730469 0.219444 0.730469 0.222222 0.728906 0.225000 0.728125 0.229167 0.728125 0.237500 0.727344 0.241667 0.726562 0.244444 0.731250 0.244444 0.734375 0.243056 0.737500 0.240278 0.742188 0.240278 0.738281 0.231944 0.735938 0.226389 0.735938 0.223611 0.734375 0.220833 0.732031 0.218056 0.730469 0.219444
27 0.235937 0.205556 0.234375 0.208333 0.235156 0.212500 0.236719 0.212500 0.238281 0.209722 0.237500 0.205556 0.235937 0.205556
27 0.244531 0.202778 0.244531 0.205556 0.242969 0.208333 0.242969 0.215278 0.245312 0.219444 0.247656 0.220833 0.248438 0.222222 0.249219 0.225000 0.251563 0.226389 0.253125 0.229167 0.259375 0.240278 0.261719 0.241667 0.263281 0.244444 0.262500 0.248611 0.264062 0.251389 0.264062 0.256944 0.265625 0.256944 0.267188 0.259722 0.268750 0.261111 0.268750 0.262500 0.274219 0.262500 0.274219 0.259722 0.272656 0.256944 0.272656 0.255556 0.267188 0.254167 0.264844 0.250000 0.266406 0.244444 0.268750 0.244444 0.272656 0.247222 0.276562 0.251389 0.279687 0.252778 0.278906 0.258333 0.280469 0.263889 0.282813 0.262500 0.282813 0.259722 0.282031 0.258333 0.282031 0.254167 0.279687 0.251389 0.281250 0.248611 0.281250 0.245833 0.284375 0.240278 0.285156 0.236111 0.285156 0.220833 0.282031 0.215278 0.276562 0.215278 0.274219 0.218056 0.272656 0.220833 0.272656 0.222222 0.271875 0.223611 0.268750 0.227778 0.266406 0.223611 0.264844 0.222222 0.263281 0.222222 0.253906 0.206944 0.250000 0.206944 0.248438 0.205556 0.247656 0.202778 0.244531 0.202778
27 0.182812 0.188889 0.182031 0.190278 0.175000 0.190278 0.178125 0.191667 0.180469 0.195833 0.185938 0.197222 0.189844 0.195833 0.192188 0.193056 0.192188 0.198611 0.193750 0.200000 0.196094 0.198611 0.196875 0.195833 0.200781 0.197222 0.202344 0.194444 0.202344 0.188889 0.182812 0.188889
27 0.879687 0.181944 0.878906 0.233333 0.879687 0.256944 0.883594 0.256944 0.889844 0.255556 0.890625 0.254167 0.892188 0.254167 0.890625 0.248611 0.889062 0.245833 0.887500 0.241667 0.886719 0.234722 0.885156 0.231944 0.884375 0.227778 0.883594 0.223611 0.883594 0.198611 0.881250 0.186111 0.880469 0.184722 0.879687 0.181944
27 0.748437 0.172222 0.746094 0.173611 0.743750 0.176389 0.740625 0.181944 0.740625 0.184722 0.739062 0.188889 0.737500 0.193056 0.735156 0.197222 0.734375 0.200000 0.736719 0.202778 0.738281 0.202778 0.741406 0.206944 0.747656 0.218056 0.747656 0.223611 0.749219 0.226389 0.749219 0.227778 0.750781 0.230556 0.750781 0.183333 0.750000 0.181944 0.750000 0.172222 0.748437 0.172222
27 0.219531 0.172222 0.217969 0.175000 0.217969 0.180556 0.219531 0.183333 0.224219 0.183333 0.225781 0.180556 0.225781 0.175000 0.224219 0.172222 0.219531 0.172222
27 0.246094 0.168056 0.246094 0.170833 0.248438 0.175000 0.250781 0.173611 0.250781 0.170833 0.248438 0.166667 0.246094 0.168056
27 0.761719 0.166667 0.761719 0.177778 0.764062 0.177778 0.767188 0.183333 0.766406 0.190278 0.766406 0.193056 0.767188 0.194444 0.768750 0.205556 0.769531 0.212500 0.769531 0.227778 0.771094 0.227778 0.772656 0.225000 0.776563 0.225000 0.778125 0.223611 0.782031 0.218056 0.780469 0.213889 0.778125 0.208333 0.777344 0.205556 0.776563 0.201389 0.777344 0.191667 0.776563 0.187500 0.771094 0.179167 0.770312 0.176389 0.769531 0.172222 0.769531 0.165278 0.761719 0.166667
27 0.234375 0.165278 0.234375 0.166667 0.233594 0.168056 0.229687 0.173611 0.229687 0.180556 0.231250 0.183333 0.237500 0.183333 0.239063 0.180556 0.239844 0.172222 0.239063 0.168056 0.237500 0.165278 0.234375 0.165278
27 0.260937 0.150000 0.259375 0.152778 0.259375 0.158333 0.260937 0.161111 0.264844 0.161111 0.267188 0.165278 0.267969 0.176389 0.269531 0.179167 0.272656 0.179167 0.274219 0.176389 0.274219 0.165278 0.273438 0.159722 0.272656 0.155556 0.270313 0.151389 0.267969 0.150000 0.260937 0.150000
27 0.865625 0.147222 0.861719 0.154167 0.860156 0.155556 0.857812 0.156944 0.851562 0.156944 0.843750 0.159722 0.839844 0.161111 0.839063 0.162500 0.837500 0.162500 0.837500 0.165278 0.836719 0.166667 0.836719 0.172222 0.835938 0.176389 0.835156 0.179167 0.832812 0.183333 0.832031 0.187500 0.828125 0.194444 0.827344 0.198611 0.822656 0.206944 0.817969 0.213889 0.816406 0.215278 0.814063 0.216667 0.808594 0.216667 0.808594 0.222222 0.807031 0.225000 0.807031 0.227778 0.812500 0.223611 0.815625 0.223611 0.817969 0.222222 0.821094 0.218056 0.826562 0.213889 0.828906 0.212500 0.832031 0.212500 0.836719 0.204167 0.839844 0.200000 0.842969 0.200000 0.846094 0.205556 0.846094 0.212500 0.842187 0.219444 0.839063 0.223611 0.836719 0.226389 0.834375 0.229167 0.830469 0.229167 0.825781 0.233333 0.823438 0.237500 0.819531 0.237500 0.817969 0.240278 0.814844 0.240278 0.812500 0.243056 0.813281 0.250000 0.810156 0.255556 0.803906 0.255556 0.803125 0.256944 0.796094 0.255556 0.792188 0.256944 0.791406 0.255556 0.787500 0.255556 0.786719 0.256944 0.781250 0.256944 0.780469 0.256944 0.779687 0.263889 0.783594 0.263889 0.784375 0.262500 0.789062 0.262500 0.799219 0.259722 0.809375 0.255556 0.854688 0.244444 0.859375 0.243056 0.860156 0.241667 0.864062 0.241667 0.864844 0.240278 0.866406 0.240278 0.866406 0.211111 0.866406 0.166667 0.874219 0.165278 0.871094 0.159722 0.871094 0.158333 0.865625 0.147222
27 0.792969 0.125000 0.791406 0.127778 0.789844 0.129167 0.787500 0.130556 0.785937 0.130556 0.785937 0.136111 0.783594 0.145833 0.786719 0.144444 0.787500 0.141667 0.787500 0.138889 0.788281 0.136111 0.793750 0.127778 0.795312 0.125000 0.792969 0.125000
27 0.298438 0.122222 0.297656 0.127778 0.293750 0.129167 0.294531 0.133333 0.298438 0.133333 0.303125 0.130556 0.306250 0.130556 0.306250 0.127778 0.304688 0.125000 0.304688 0.122222 0.301563 0.122222 0.300781 0.120833 0.298438 0.122222
27 0.714063 0.102778 0.712500 0.105556 0.712500 0.111111 0.714844 0.115278 0.714844 0.119444 0.716406 0.122222 0.716406 0.126389 0.717969 0.129167 0.721094 0.129167 0.722656 0.126389 0.722656 0.120833 0.721094 0.118056 0.721094 0.112500 0.718750 0.108333 0.718750 0.105556 0.717187 0.102778 0.714063 0.102778
27 0.207031 0.097222 0.207031 0.113889 0.209375 0.112500 0.210156 0.109722 0.210156 0.106944 0.209375 0.105556 0.209375 0.101389 0.208594 0.100000 0.208594 0.097222 0.207031 0.097222
27 0.200000 0.095833 0.180469 0.098611 0.182812 0.100000 0.188281 0.106944 0.189844 0.108333 0.192969 0.109722 0.196875 0.111111 0.200781 0.112500 0.200000 0.095833
27 0.710938 0.081944 0.709375 0.084722 0.709375 0.090278 0.710938 0.093056 0.714063 0.093056 0.715625 0.090278 0.715625 0.084722 0.714063 0.081944 0.710938 0.081944
27 0.700000 0.063889 0.698438 0.066667 0.698438 0.072222 0.700000 0.075000 0.703125 0.075000 0.704688 0.072222 0.704688 0.066667 0.703125 0.063889 0.700000 0.063889
27 0.867969 0.050000 0.870313 0.051389 0.872656 0.054167 0.875000 0.056944 0.882812 0.066667 0.887500 0.075000 0.891406 0.084722 0.896094 0.098611 0.897656 0.102778 0.897656 0.079167 0.896875 0.077778 0.896094 0.050000 0.867969 0.050000
27 0.206250 0.004167 0.205469 0.005556 0.203125 0.005556 0.203125 0.011111 0.204687 0.027778 0.205469 0.027778 0.207031 0.030556 0.207813 0.030556 0.209375 0.033333 0.207813 0.030556 0.207031 0.027778 0.204687 0.015278 0.204687 0.011111 0.207031 0.006944 0.207813 0.006944 0.209375 0.004167 0.206250 0.004167
27 0.185156 0.005556 0.187500 0.008333 0.190625 0.012500 0.195312 0.018056 0.197656 0.019444 0.197656 0.009722 0.196875 0.008333 0.196875 0.004167 0.185156 0.005556
27 0.275781 0.000000 0.277344 0.004167 0.278125 0.008333 0.283594 0.018056 0.285156 0.016667 0.289062 0.011111 0.292969 0.012500 0.293750 0.015278 0.294531 0.018056 0.294531 0.031944 0.292187 0.036111 0.292187 0.041667 0.293750 0.044444 0.296875 0.044444 0.298438 0.041667 0.300000 0.041667 0.302344 0.037500 0.304688 0.037500 0.306250 0.034722 0.306250 0.033333 0.307031 0.031944 0.307812 0.031944 0.309375 0.030556 0.314844 0.040278 0.314844 0.044444 0.309375 0.062500 0.306250 0.069444 0.304688 0.073611 0.304688 0.083333 0.302344 0.083333 0.303906 0.088889 0.306250 0.088889 0.307812 0.091667 0.310156 0.090278 0.316406 0.086111 0.321875 0.087500 0.321875 0.093056 0.320312 0.095833 0.320312 0.101389 0.321875 0.104167 0.325000 0.104167 0.326562 0.101389 0.327344 0.094444 0.329688 0.097222 0.328906 0.105556 0.330469 0.108333 0.332813 0.108333 0.334375 0.111111 0.339062 0.111111 0.341406 0.108333 0.343750 0.112500 0.342969 0.122222 0.335156 0.136111 0.333594 0.137500 0.331250 0.137500 0.329688 0.134722 0.326562 0.134722 0.324219 0.137500 0.322656 0.134722 0.317969 0.134722 0.316406 0.137500 0.316406 0.141667 0.314844 0.144444 0.310937 0.143056 0.310937 0.141667 0.310156 0.140278 0.309375 0.140278 0.307812 0.137500 0.305469 0.138889 0.305469 0.141667 0.307812 0.145833 0.296875 0.166667 0.295312 0.163889 0.294531 0.163889 0.292187 0.158333 0.290625 0.155556 0.289062 0.155556 0.286719 0.151389 0.283594 0.151389 0.282031 0.154167 0.282031 0.175000 0.283594 0.177778 0.286719 0.177778 0.288281 0.175000 0.289062 0.172222 0.290625 0.175000 0.296094 0.177778 0.294531 0.180556 0.289844 0.187500 0.289844 0.193056 0.291406 0.195833 0.293750 0.197222 0.296094 0.202778 0.291406 0.205556 0.292187 0.209722 0.295312 0.212500 0.293750 0.215278 0.294531 0.219444 0.296875 0.218056 0.297656 0.213889 0.298438 0.213889 0.302344 0.208333 0.304688 0.209722 0.306250 0.206944 0.307812 0.211111 0.310156 0.209722 0.310156 0.204167 0.308594 0.201389 0.309375 0.195833 0.310156 0.195833 0.314063 0.190278 0.323437 0.179167 0.325000 0.179167 0.325781 0.180556 0.328125 0.180556 0.331250 0.183333 0.332031 0.186111 0.332031 0.188889 0.333594 0.191667 0.335938 0.191667 0.339062 0.195833 0.339062 0.222222 0.335938 0.222222 0.334375 0.225000 0.334375 0.236111 0.335938 0.238889 0.341406 0.238889 0.344531 0.240278 0.350000 0.243056 0.352344 0.244444 0.353906 0.245833 0.354687 0.250000 0.353906 0.251389 0.352344 0.262500 0.351562 0.269444 0.348438 0.269444 0.346875 0.272222 0.347656 0.279167 0.347656 0.281944 0.345313 0.287500 0.340625 0.291667 0.339062 0.291667 0.334375 0.287500 0.332813 0.286111 0.332031 0.284722 0.323437 0.269444 0.320312 0.272222 0.317969 0.275000 0.316406 0.279167 0.317188 0.281944 0.323437 0.298611 0.325000 0.304167 0.323437 0.305556 0.325000 0.306944 0.327344 0.309722 0.329688 0.313889 0.331250 0.318056 0.332813 0.322222 0.333594 0.326389 0.334375 0.330556 0.334375 0.344444 0.333594 0.348611 0.332813 0.352778 0.331250 0.356944 0.329688 0.361111 0.327344 0.365278 0.325000 0.368056 0.322656 0.370833 0.321094 0.370833 0.319531 0.372222 0.317969 0.380556 0.316406 0.383333 0.316406 0.384722 0.314844 0.387500 0.328125 0.386111 0.332031 0.381944 0.334375 0.379167 0.335938 0.381944 0.340625 0.381944 0.341406 0.347222 0.342969 0.345833 0.346094 0.343056 0.353906 0.336111 0.356250 0.334722 0.361719 0.333333 0.364063 0.331944 0.365625 0.329167 0.366406 0.329167 0.367188 0.327778 0.367188 0.326389 0.368750 0.322222 0.371094 0.318056 0.371094 0.316667 0.372656 0.313889 0.377344 0.313889 0.378906 0.316667 0.382031 0.316667 0.383594 0.313889 0.383594 0.308333 0.382031 0.305556 0.379688 0.304167 0.379688 0.300000 0.378125 0.297222 0.379688 0.295833 0.380469 0.294444 0.384375 0.294444 0.385937 0.291667 0.385937 0.290278 0.389062 0.287500 0.390625 0.290278 0.390625 0.294444 0.392188 0.297222 0.395313 0.297222 0.397656 0.293056 0.399219 0.293056 0.400781 0.295833 0.400781 0.305556 0.402344 0.308333 0.405469 0.308333 0.407031 0.305556 0.407813 0.302778 0.410156 0.308333 0.410938 0.313889 0.410938 0.311111 0.410156 0.309722 0.410938 0.302778 0.414062 0.304167 0.414062 0.311111 0.415625 0.311111 0.418750 0.316667 0.418750 0.322222 0.414844 0.327778 0.415625 0.336111 0.435937 0.334722 0.444531 0.334722 0.446094 0.337500 0.449219 0.338889 0.449219 0.341667 0.465625 0.341667 0.466406 0.298611 0.468750 0.300000 0.468750 0.325000 0.469531 0.326389 0.469531 0.341667 0.475781 0.343056 0.475781 0.358333 0.480469 0.359722 0.481250 0.368056 0.482031 0.377778 0.488281 0.377778 0.495312 0.376389 0.503125 0.373611 0.510156 0.373611 0.532031 0.368056 0.538281 0.368056 0.537500 0.359722 0.540625 0.355556 0.540625 0.340278 0.541406 0.337500 0.547656 0.326389 0.551562 0.323611 0.553125 0.320833 0.553906 0.313889 0.554688 0.295833 0.557031 0.297222 0.557031 0.319444 0.561719 0.319444 0.563281 0.320833 0.565625 0.323611 0.567969 0.327778 0.571094 0.331944 0.576562 0.331944 0.580469 0.333333 0.582812 0.336111 0.586719 0.336111 0.588281 0.337500 0.589844 0.338889 0.593750 0.345833 0.594531 0.348611 0.594531 0.356944 0.593750 0.359722 0.591406 0.363889 0.596875 0.363889 0.597656 0.365278 0.604688 0.365278 0.604688 0.358333 0.604688 0.343056 0.607812 0.344444 0.607812 0.365278 0.615625 0.365278 0.620313 0.363889 0.628906 0.348611 0.627344 0.351389 0.626563 0.345833 0.625000 0.343056 0.621875 0.341667 0.617969 0.334722 0.617969 0.333333 0.613281 0.325000 0.612500 0.322222 0.612500 0.313889 0.614844 0.308333 0.613281 0.305556 0.610938 0.302778 0.609375 0.302778 0.607031 0.300000 0.604688 0.297222 0.600781 0.288889 0.593750 0.279167 0.590625 0.273611 0.588281 0.268056 0.587500 0.265278 0.586719 0.262500 0.585938 0.258333 0.585938 0.240278 0.586719 0.236111 0.587500 0.233333 0.588281 0.230556 0.591406 0.226389 0.594531 0.231944 0.597656 0.231944 0.599219 0.229167 0.599219 0.223611 0.596875 0.218056 0.598437 0.215278 0.600781 0.213889 0.602344 0.213889 0.600781 0.208333 0.600000 0.201389 0.600000 0.129167 0.601562 0.120833 0.602344 0.116667 0.604688 0.108333 0.606250 0.105556 0.607031 0.112500 0.608594 0.115278 0.611719 0.116667 0.616406 0.125000 0.617188 0.129167 0.616406 0.137500 0.617969 0.140278 0.621094 0.140278 0.622656 0.137500 0.622656 0.130556 0.623437 0.129167 0.622656 0.122222 0.625000 0.118056 0.625000 0.112500 0.623437 0.109722 0.623437 0.106944 0.621875 0.104167 0.621094 0.104167 0.619531 0.101389 0.618750 0.095833 0.616406 0.091667 0.616406 0.088889 0.614844 0.086111 0.613281 0.084722 0.614062 0.081944 0.617188 0.072222 0.617969 0.065278 0.619531 0.062500 0.621094 0.062500 0.622656 0.065278 0.625781 0.065278 0.627344 0.062500 0.627344 0.056944 0.628906 0.054167 0.628906 0.048611 0.630469 0.045833 0.633594 0.052778 0.635938 0.058333 0.635938 0.062500 0.637500 0.065278 0.640625 0.065278 0.642188 0.062500 0.642969 0.045833 0.645312 0.047222 0.646875 0.050000 0.650000 0.047222 0.658594 0.047222 0.660937 0.048611 0.663281 0.050000 0.665625 0.052778 0.667969 0.055556 0.670312 0.059722 0.671875 0.063889 0.673438 0.068056 0.675000 0.076389 0.675000 0.079167 0.678906 0.079167 0.682031 0.081944 0.685156 0.081944 0.687500 0.079167 0.689844 0.073611 0.695312 0.068056 0.692969 0.062500 0.693750 0.055556 0.692187 0.052778 0.692187 0.048611 0.689844 0.045833 0.689063 0.037500 0.687500 0.034722 0.684375 0.033333 0.684375 0.031944 0.682813 0.029167 0.676562 0.027778 0.673438 0.027778 0.670312 0.026389 0.668750 0.023611 0.668750 0.020833 0.667188 0.018056 0.663281 0.019444 0.661719 0.016667 0.660156 0.012500 0.658594 0.008333 0.657031 0.000000 0.275781 0.000000
19 0.730469 0.698611 0.730469 0.705556 0.729688 0.706944 0.728906 0.720833 0.732031 0.759722 0.732031 0.772222 0.732812 0.773611 0.732812 0.780556 0.749219 0.780556 0.750000 0.781944 0.775781 0.783333 0.801562 0.783333 0.802344 0.784722 0.813281 0.784722 0.810156 0.781944 0.808594 0.779167 0.804688 0.776389 0.795312 0.765278 0.791406 0.762500 0.755469 0.723611 0.742188 0.711111 0.732812 0.700000 0.730469 0.698611
19 0.431250 0.466667 0.420312 0.468056 0.409375 0.469444 0.408594 0.470833 0.399219 0.470833 0.399219 0.476389 0.397656 0.481944 0.396094 0.484722 0.392969 0.483333 0.392969 0.480556 0.386719 0.481944 0.385937 0.484722 0.381250 0.486111 0.379688 0.483333 0.377344 0.483333 0.376563 0.484722 0.375000 0.484722 0.374219 0.487500 0.371094 0.487500 0.363281 0.486111 0.362500 0.488889 0.357812 0.488889 0.353906 0.481944 0.353906 0.472222 0.348438 0.472222 0.342187 0.475000 0.324219 0.479167 0.312500 0.480556 0.294531 0.484722 0.288281 0.487500 0.282813 0.487500 0.282031 0.488889 0.279687 0.488889 0.279687 0.508333 0.278125 0.516667 0.276562 0.522222 0.270313 0.522222 0.268750 0.519444 0.267188 0.513889 0.258594 0.513889 0.258594 0.518056 0.257812 0.522222 0.256250 0.526389 0.254688 0.529167 0.250781 0.529167 0.247656 0.527778 0.245312 0.523611 0.221875 0.523611 0.217969 0.529167 0.213281 0.533333 0.210938 0.533333 0.204687 0.531944 0.201563 0.529167 0.200781 0.523611 0.198437 0.523611 0.193750 0.525000 0.183594 0.527778 0.154688 0.536111 0.014844 0.577778 0.009375 0.579167 0.000000 0.579167 0.000000 0.913889 0.007031 0.912500 0.010937 0.911111 0.021094 0.906944 0.045312 0.897222 0.149219 0.854167 0.173437 0.844444 0.180469 0.841667 0.184375 0.840278 0.192188 0.838889 0.199219 0.837500 0.222656 0.833333 0.360938 0.808333 0.376563 0.805556 0.392188 0.802778 0.400000 0.801389 0.404687 0.802778 0.404687 0.811111 0.406250 0.809722 0.407813 0.809722 0.411719 0.806944 0.417969 0.801389 0.423438 0.798611 0.418750 0.798611 0.417969 0.800000 0.406250 0.801389 0.403125 0.800000 0.403125 0.773611 0.403906 0.676389 0.403125 0.634722 0.400781 0.612500 0.400781 0.600000 0.402344 0.588889 0.406250 0.573611 0.410938 0.547222 0.412500 0.540278 0.415625 0.529167 0.422656 0.505556 0.421875 0.500000 0.421094 0.495833 0.421094 0.491667 0.421875 0.484722 0.422656 0.481944 0.424219 0.479167 0.425781 0.477778 0.427344 0.477778 0.428906 0.476389 0.430469 0.469444 0.431250 0.466667
26 0.877344 0.558333 0.877344 0.619444 0.878906 0.619444 0.879687 0.620833 0.882812 0.622222 0.889062 0.625000 0.903906 0.630556 0.928125 0.641667 0.935156 0.645833 0.964063 0.662500 0.997656 0.683333 0.999219 0.683333 0.999219 0.605556 0.996875 0.605556 0.996094 0.604167 0.992969 0.604167 0.982031 0.598611 0.975000 0.597222 0.957031 0.588889 0.889062 0.562500 0.877344 0.558333
26 0.962500 0.502778 0.963281 0.538889 0.964844 0.540278 0.970313 0.540278 0.989844 0.545833 0.996094 0.547222 0.999219 0.547222 0.999219 0.509722 0.997656 0.508333 0.990625 0.508333 0.968750 0.502778 0.962500 0.502778
26 0.707812 0.502778 0.710156 0.509722 0.713281 0.516667 0.715625 0.523611 0.717187 0.531944 0.719531 0.533333 0.721875 0.534722 0.732031 0.538889 0.764844 0.555556 0.778125 0.562500 0.785937 0.566667 0.796094 0.572222 0.806250 0.577778 0.849219 0.601389 0.851562 0.602778 0.853906 0.604167 0.856250 0.608333 0.857812 0.609722 0.862500 0.612500 0.864062 0.612500 0.864844 0.568056 0.864844 0.554167 0.863281 0.554167 0.862500 0.552778 0.858594 0.551389 0.850781 0.548611 0.835156 0.543056 0.768750 0.519444 0.758594 0.516667 0.734375 0.509722 0.719531 0.505556 0.714844 0.505556 0.710156 0.504167 0.709375 0.502778 0.707812 0.502778
26 0.877344 0.494444 0.877344 0.518056 0.881250 0.518056 0.882031 0.519444 0.887500 0.520833 0.899219 0.523611 0.916406 0.526389 0.928125 0.529167 0.933594 0.530556 0.939844 0.531944 0.939063 0.500000 0.923438 0.501389 0.914844 0.500000 0.906250 0.497222 0.887500 0.497222 0.877344 0.494444
26 0.763281 0.473611 0.763281 0.491667 0.764844 0.493056 0.771094 0.493056 0.771875 0.494444 0.792188 0.497222 0.798438 0.498611 0.804688 0.500000 0.846094 0.511111 0.858594 0.513889 0.864844 0.515278 0.864844 0.494444 0.860938 0.494444 0.860156 0.493056 0.844531 0.488889 0.836719 0.488889 0.830469 0.487500 0.825781 0.486111 0.821094 0.483333 0.814844 0.481944 0.808594 0.480556 0.800000 0.479167 0.774219 0.475000 0.765625 0.473611 0.763281 0.473611
26 0.692969 0.463889 0.696094 0.472222 0.696875 0.476389 0.698438 0.480556 0.704688 0.480556 0.712500 0.483333 0.720313 0.484722 0.736719 0.486111 0.744531 0.488889 0.751563 0.490278 0.753125 0.490278 0.753125 0.472222 0.748437 0.472222 0.747656 0.470833 0.739062 0.470833 0.738281 0.469444 0.701562 0.465278 0.700781 0.463889 0.692969 0.463889
20 0.717969 0.533333 0.717969 0.536111 0.718750 0.537500 0.721094 0.554167 0.721094 0.559722 0.725000 0.583333 0.727344 0.601389 0.728125 0.612500 0.728906 0.638889 0.728906 0.663889 0.729688 0.688889 0.730469 0.690278 0.730469 0.697222 0.732812 0.698611 0.742188 0.709722 0.757031 0.725000 0.804688 0.775000 0.814063 0.784722 0.815625 0.786111 0.817187 0.787500 0.880469 0.787500 0.899219 0.788889 0.953906 0.793056 0.972656 0.794444 0.978906 0.795833 0.982031 0.797222 0.996094 0.805556 0.999219 0.806944 0.999219 0.684722 0.997656 0.684722 0.994531 0.681944 0.987500 0.677778 0.964063 0.663889 0.928125 0.643056 0.921875 0.640278 0.903906 0.631944 0.879687 0.622222 0.878906 0.620833 0.877344 0.620833 0.876563 0.736111 0.871094 0.736111 0.864062 0.733333 0.864062 0.613889 0.862500 0.613889 0.857812 0.611111 0.856250 0.609722 0.853906 0.605556 0.851562 0.604167 0.849219 0.602778 0.839063 0.597222 0.806250 0.579167 0.796094 0.573611 0.785937 0.568056 0.778125 0.563889 0.764844 0.556944 0.740625 0.544444 0.719531 0.534722 0.717969 0.533333
20 0.877344 0.519444 0.877344 0.556944 0.878906 0.558333 0.882031 0.559722 0.889062 0.561111 0.903125 0.566667 0.903906 0.568056 0.907031 0.569444 0.932031 0.579167 0.957031 0.587500 0.975000 0.595833 0.982031 0.597222 0.992969 0.602778 0.996094 0.602778 0.996875 0.604167 0.999219 0.604167 0.999219 0.569444 0.998437 0.568056 0.998437 0.548611 0.996094 0.548611 0.995313 0.547222 0.989844 0.547222 0.989062 0.545833 0.970313 0.541667 0.964063 0.540278 0.963281 0.562500 0.957812 0.563889 0.952344 0.565278 0.946875 0.566667 0.943750 0.566667 0.941406 0.565278 0.939844 0.563889 0.938281 0.533333 0.933594 0.531944 0.928125 0.530556 0.916406 0.527778 0.882031 0.520833 0.881250 0.519444 0.877344 0.519444
20 0.700000 0.481944 0.701562 0.487500 0.706250 0.498611 0.706250 0.500000 0.710156 0.502778 0.714844 0.504167 0.725000 0.506944 0.768750 0.518056 0.776563 0.520833 0.792188 0.526389 0.859375 0.551389 0.863281 0.552778 0.864844 0.552778 0.864844 0.516667 0.863281 0.515278 0.857812 0.513889 0.846094 0.512500 0.804688 0.501389 0.798438 0.500000 0.792188 0.498611 0.771094 0.494444 0.763281 0.493056 0.762500 0.502778 0.758594 0.501389 0.757812 0.500000 0.754687 0.500000 0.753125 0.497222 0.753125 0.491667 0.751563 0.491667 0.750781 0.490278 0.744531 0.490278 0.743750 0.488889 0.736719 0.487500 0.720313 0.486111 0.712500 0.484722 0.705469 0.483333 0.704688 0.481944 0.700000 0.481944
2 0.239844 0.445833 0.233594 0.447222 0.228125 0.448611 0.223438 0.450000 0.219531 0.452778 0.219531 0.454167 0.217969 0.458333 0.202344 0.486111 0.201563 0.493056 0.200781 0.500000 0.200781 0.520833 0.201563 0.526389 0.202344 0.529167 0.203906 0.529167 0.204687 0.530556 0.210938 0.531944 0.213281 0.531944 0.217969 0.527778 0.221875 0.522222 0.245312 0.522222 0.247656 0.526389 0.250781 0.527778 0.255469 0.526389 0.255469 0.525000 0.257031 0.522222 0.258594 0.512500 0.267969 0.513889 0.267969 0.515278 0.269531 0.518056 0.269531 0.519444 0.276562 0.520833 0.276562 0.518056 0.278906 0.508333 0.278906 0.479167 0.278125 0.475000 0.276562 0.468056 0.275781 0.465278 0.275000 0.462500 0.271875 0.452778 0.270313 0.451389 0.268750 0.450000 0.266406 0.448611 0.258594 0.447222 0.250781 0.445833 0.239844 0.445833
2 0.372656 0.444444 0.368750 0.447222 0.367188 0.448611 0.364063 0.454167 0.364063 0.455556 0.360938 0.461111 0.354687 0.466667 0.354687 0.481944 0.357812 0.487500 0.362500 0.487500 0.363281 0.484722 0.371094 0.486111 0.374219 0.486111 0.375000 0.483333 0.377344 0.481944 0.379688 0.481944 0.381250 0.484722 0.385156 0.484722 0.386719 0.480556 0.392969 0.479167 0.393750 0.483333 0.396875 0.481944 0.397656 0.479167 0.398438 0.476389 0.398438 0.465278 0.397656 0.461111 0.396875 0.458333 0.394531 0.452778 0.389844 0.444444 0.372656 0.444444
2 0.554688 0.297222 0.554688 0.313889 0.553906 0.315278 0.553906 0.355556 0.552344 0.363889 0.550781 0.366667 0.545312 0.368056 0.538281 0.369444 0.510156 0.375000 0.503125 0.375000 0.488281 0.379167 0.482031 0.379167 0.480469 0.376389 0.480469 0.368056 0.479687 0.366667 0.479687 0.359722 0.470313 0.361111 0.469531 0.365278 0.469531 0.369444 0.467969 0.376389 0.467187 0.379167 0.465625 0.381944 0.463281 0.383333 0.458594 0.384722 0.457031 0.386111 0.452344 0.394444 0.450781 0.398611 0.448437 0.406944 0.434375 0.456944 0.434375 0.459722 0.430469 0.473611 0.429688 0.476389 0.428906 0.477778 0.427344 0.479167 0.425781 0.479167 0.424219 0.480556 0.423438 0.481944 0.422656 0.484722 0.421875 0.491667 0.421875 0.495833 0.422656 0.500000 0.423438 0.506944 0.422656 0.509722 0.416406 0.529167 0.413281 0.540278 0.411719 0.547222 0.407031 0.573611 0.403125 0.588889 0.401562 0.600000 0.400781 0.602778 0.401562 0.612500 0.403906 0.634722 0.404687 0.676389 0.403906 0.773611 0.403906 0.800000 0.406250 0.800000 0.417969 0.798611 0.477344 0.790278 0.489844 0.788889 0.506250 0.787500 0.539062 0.784722 0.603906 0.779167 0.628906 0.779167 0.712500 0.781944 0.732031 0.781944 0.732031 0.773611 0.731250 0.759722 0.728125 0.720833 0.729688 0.705556 0.729688 0.690278 0.728906 0.665278 0.728125 0.638889 0.727344 0.612500 0.726562 0.601389 0.724219 0.583333 0.720313 0.554167 0.717969 0.537500 0.717187 0.533333 0.715625 0.530556 0.714844 0.523611 0.713281 0.519444 0.710156 0.511111 0.699219 0.481944 0.697656 0.480556 0.696094 0.476389 0.693750 0.469444 0.692187 0.465278 0.692187 0.461111 0.690625 0.455556 0.688281 0.447222 0.681250 0.426389 0.678125 0.418056 0.669531 0.394444 0.666406 0.387500 0.666406 0.386111 0.665625 0.384722 0.664844 0.384722 0.660156 0.377778 0.657813 0.375000 0.656250 0.373611 0.654687 0.372222 0.650781 0.372222 0.646094 0.369444 0.645312 0.366667 0.644531 0.361111 0.643750 0.358333 0.640625 0.348611 0.639062 0.345833 0.637500 0.345833 0.632812 0.347222 0.629687 0.348611 0.620313 0.365278 0.615625 0.366667 0.597656 0.366667 0.572656 0.366667 0.559375 0.365278 0.558594 0.362500 0.556250 0.354167 0.556250 0.297222 0.554688 0.297222
24 0.342969 0.348611 0.341406 0.350000 0.341406 0.369444 0.342187 0.401389 0.342969 0.434722 0.344531 0.468056 0.346875 0.466667 0.346875 0.454167 0.346094 0.413889 0.345313 0.372222 0.344531 0.370833 0.344531 0.348611 0.342969 0.348611
24 0.604688 0.344444 0.604688 0.356944 0.605469 0.358333 0.605469 0.365278 0.607031 0.365278 0.607031 0.344444 0.604688 0.344444
24 0.147656 0.318056 0.147656 0.338889 0.148438 0.361111 0.151562 0.429167 0.151562 0.451389 0.152344 0.452778 0.152344 0.468056 0.157031 0.468056 0.157031 0.451389 0.156250 0.430556 0.153125 0.348611 0.152344 0.329167 0.151562 0.327778 0.151562 0.318056 0.147656 0.318056
24 0.410938 0.304167 0.410938 0.309722 0.411719 0.341667 0.413281 0.404167 0.414062 0.405556 0.414062 0.436111 0.414844 0.437500 0.414844 0.455556 0.417187 0.455556 0.417187 0.431944 0.415625 0.405556 0.415625 0.380556 0.413281 0.329167 0.413281 0.304167 0.410938 0.304167
24 0.739062 0.302778 0.739844 0.379167 0.739844 0.375000 0.740625 0.373611 0.741406 0.320833 0.741406 0.302778 0.739062 0.302778
24 0.466406 0.300000 0.466406 0.361111 0.467187 0.362500 0.467187 0.376389 0.467187 0.373611 0.468750 0.369444 0.468750 0.326389 0.467969 0.325000 0.467969 0.300000 0.466406 0.300000
24 0.712500 0.273611 0.711719 0.279167 0.710156 0.283333 0.707812 0.294444 0.707031 0.298611 0.707031 0.306944 0.707812 0.386111 0.709375 0.386111 0.710156 0.384722 0.713281 0.384722 0.713281 0.309722 0.712500 0.308333 0.712500 0.273611
24 0.706250 0.251389 0.707031 0.283333 0.707031 0.280556 0.707812 0.279167 0.707812 0.275000 0.710938 0.261111 0.710938 0.256944 0.711719 0.255556 0.711719 0.252778 0.710156 0.252778 0.709375 0.251389 0.706250 0.251389
24 0.626563 0.209722 0.626563 0.309722 0.627344 0.311111 0.627344 0.350000 0.628906 0.347222 0.628906 0.225000 0.628125 0.223611 0.628125 0.209722 0.626563 0.209722
24 0.873437 0.166667 0.872656 0.168056 0.866406 0.168056 0.866406 0.209722 0.867188 0.341667 0.865625 0.425000 0.864844 0.569444 0.864844 0.733333 0.870313 0.733333 0.871094 0.734722 0.876563 0.734722 0.876563 0.409722 0.878125 0.320833 0.878906 0.231944 0.878906 0.166667 0.873437 0.166667
24 0.750781 0.137500 0.750781 0.181944 0.751563 0.276389 0.752344 0.369444 0.753125 0.462500 0.754687 0.498611 0.758594 0.500000 0.762500 0.501389 0.762500 0.356944 0.761719 0.355556 0.761719 0.200000 0.760938 0.198611 0.760938 0.137500 0.750781 0.137500
24 0.046094 0.018056 0.046875 0.056944 0.047656 0.094444 0.048438 0.131944 0.056250 0.491667 0.057031 0.526389 0.057813 0.527778 0.057813 0.536111 0.063281 0.536111 0.063281 0.488889 0.062500 0.423611 0.061719 0.384722 0.060937 0.345833 0.057031 0.152778 0.055469 0.113889 0.055469 0.076389 0.054688 0.075000 0.054688 0.037500 0.053906 0.036111 0.053906 0.018056 0.046094 0.018056
