25 0.182031 0.747222 0.183594 0.751389 0.184375 0.755556 0.185156 0.759722 0.188281 0.777778 0.188281 0.790278 0.186719 0.801389 0.186719 0.811111 0.188281 0.823611 0.190625 0.836111 0.192188 0.865278 0.192188 0.833333 0.189844 0.822222 0.189844 0.795833 0.192969 0.776389 0.193750 0.768056 0.189844 0.765278 0.191406 0.758333 0.189844 0.755556 0.188281 0.761111 0.185938 0.754167 0.185938 0.751389 0.185156 0.748611 0.183594 0.748611 0.182031 0.747222
25 0.021094 0.701389 0.020313 0.704167 0.019531 0.706944 0.019531 0.709722 0.018750 0.712500 0.015625 0.713889 0.014063 0.716667 0.012500 0.722222 0.014063 0.727778 0.011719 0.733333 0.010937 0.726389 0.010156 0.725000 0.010156 0.719444 0.005469 0.712500 0.005469 0.709722 0.003906 0.706944 0.003125 0.709722 0.000781 0.718056 0.000000 0.722222 0.000000 0.962500 0.003125 0.961111 0.014063 0.956944 0.046875 0.943056 0.064062 0.943056 0.073438 0.940278 0.075781 0.934722 0.077344 0.930556 0.079687 0.923611 0.080469 0.919444 0.080469 0.912500 0.082031 0.906944 0.087500 0.905556 0.093750 0.906944 0.097656 0.905556 0.100781 0.900000 0.104688 0.895833 0.105469 0.888889 0.103906 0.886111 0.102344 0.877778 0.099219 0.873611 0.100000 0.870833 0.099219 0.868056 0.096875 0.862500 0.096875 0.850000 0.097656 0.845833 0.098437 0.843056 0.099219 0.840278 0.102344 0.830556 0.103906 0.827778 0.109375 0.823611 0.114844 0.819444 0.115625 0.816667 0.116406 0.812500 0.116406 0.806944 0.114844 0.804167 0.112500 0.802778 0.110937 0.802778 0.107813 0.805556 0.105469 0.805556 0.103906 0.802778 0.103906 0.795833 0.100781 0.788889 0.100781 0.784722 0.102344 0.779167 0.100000 0.776389 0.100000 0.763889 0.096875 0.762500 0.096094 0.759722 0.096094 0.755556 0.093750 0.755556 0.089844 0.748611 0.087500 0.743056 0.085938 0.738889 0.085156 0.736111 0.085156 0.730556 0.084375 0.727778 0.082031 0.726389 0.078125 0.733333 0.077344 0.737500 0.076563 0.740278 0.071875 0.743056 0.071094 0.745833 0.069531 0.754167 0.065625 0.755556 0.062500 0.758333 0.061719 0.765278 0.060156 0.766667 0.058594 0.765278 0.057031 0.763889 0.053125 0.759722 0.050781 0.755556 0.049219 0.748611 0.047656 0.747222 0.045312 0.747222 0.045312 0.751389 0.043750 0.754167 0.038281 0.752778 0.038281 0.750000 0.035156 0.744444 0.034375 0.744444 0.032031 0.740278 0.031250 0.734722 0.030469 0.729167 0.031250 0.723611 0.029687 0.720833 0.028906 0.720833 0.028125 0.706944 0.024219 0.700000 0.021094 0.701389
25 0.379688 0.697222 0.378906 0.698611 0.378906 0.706944 0.377344 0.712500 0.378125 0.718056 0.379688 0.716667 0.380469 0.719444 0.385937 0.719444 0.385937 0.706944 0.385156 0.704167 0.381250 0.695833 0.381250 0.693056 0.380469 0.690278 0.379688 0.697222
25 0.428125 0.656944 0.426563 0.661111 0.425000 0.658333 0.425781 0.684722 0.425781 0.691667 0.425000 0.694444 0.421875 0.700000 0.421094 0.700000 0.418750 0.704167 0.417969 0.693056 0.415625 0.688889 0.414062 0.694444 0.413281 0.695833 0.410938 0.697222 0.411719 0.704167 0.408594 0.705556 0.409375 0.708333 0.411719 0.712500 0.412500 0.715278 0.413281 0.719444 0.413281 0.725000 0.411719 0.727778 0.411719 0.740278 0.412500 0.741667 0.412500 0.752778 0.417187 0.752778 0.422656 0.754167 0.424219 0.756944 0.427344 0.758333 0.432812 0.759722 0.433594 0.761111 0.435156 0.761111 0.435156 0.756944 0.434375 0.747222 0.432031 0.725000 0.431250 0.713889 0.430469 0.702778 0.428906 0.668056 0.428125 0.666667 0.428125 0.656944
25 0.474219 0.626389 0.476562 0.627778 0.478906 0.629167 0.479687 0.631944 0.479687 0.640278 0.480469 0.641667 0.482031 0.661111 0.485156 0.701389 0.488281 0.743056 0.489063 0.752778 0.489844 0.762500 0.488281 0.768056 0.486719 0.770833 0.484375 0.773611 0.482031 0.776389 0.479687 0.777778 0.477344 0.779167 0.474219 0.779167 0.464844 0.775000 0.462500 0.773611 0.460938 0.770833 0.455469 0.770833 0.455469 0.761111 0.453906 0.748611 0.453906 0.744444 0.455469 0.744444 0.457031 0.741667 0.457031 0.734722 0.464844 0.733333 0.466406 0.737500 0.466406 0.745833 0.471094 0.747222 0.471875 0.738889 0.471094 0.734722 0.468750 0.730556 0.466406 0.727778 0.464844 0.726389 0.464844 0.730556 0.464844 0.733333 0.457031 0.734722 0.456250 0.727778 0.454688 0.720833 0.452344 0.723611 0.446875 0.722222 0.446094 0.730556 0.447656 0.744444 0.448437 0.758333 0.448437 0.766667 0.446094 0.766667 0.443750 0.765278 0.442188 0.763889 0.440625 0.761111 0.439063 0.756944 0.438281 0.754167 0.437500 0.747222 0.436719 0.736111 0.434375 0.702778 0.432812 0.679167 0.431250 0.656944 0.430469 0.645833 0.432031 0.643056 0.432031 0.641667 0.433594 0.638889 0.435937 0.636111 0.438281 0.633333 0.439844 0.633333 0.439844 0.637500 0.440625 0.638889 0.440625 0.647222 0.441406 0.648611 0.442969 0.676389 0.443750 0.686111 0.444531 0.690278 0.448437 0.691667 0.449219 0.680556 0.447656 0.669444 0.446094 0.638889 0.445312 0.637500 0.445312 0.630556 0.450781 0.630556 0.453906 0.633333 0.456250 0.634722 0.457813 0.634722 0.461719 0.629167 0.464062 0.627778 0.466406 0.626389 0.474219 0.626389
25 0.621094 0.480556 0.614844 0.484722 0.612500 0.484722 0.609375 0.481944 0.601562 0.481944 0.599219 0.483333 0.596875 0.484722 0.594531 0.487500 0.590625 0.493056 0.589063 0.494444 0.583594 0.497222 0.581250 0.500000 0.577344 0.505556 0.574219 0.509722 0.560937 0.509722 0.558594 0.511111 0.556250 0.512500 0.553906 0.515278 0.550000 0.520833 0.548438 0.522222 0.546875 0.522222 0.544531 0.525000 0.542188 0.527778 0.540625 0.530556 0.536719 0.538889 0.532813 0.544444 0.526563 0.544444 0.524219 0.545833 0.521875 0.547222 0.519531 0.550000 0.517188 0.552778 0.515625 0.555556 0.514062 0.561111 0.512500 0.563889 0.508594 0.563889 0.506250 0.565278 0.503906 0.566667 0.501563 0.569444 0.499219 0.572222 0.497656 0.575000 0.493750 0.581944 0.492188 0.584722 0.490625 0.588889 0.489063 0.593056 0.488281 0.600000 0.487500 0.602778 0.488281 0.611111 0.489063 0.620833 0.490625 0.626389 0.490625 0.638889 0.492188 0.656944 0.494531 0.684722 0.497656 0.712500 0.497656 0.720833 0.498437 0.722222 0.498437 0.727778 0.503906 0.727778 0.506250 0.726389 0.508594 0.725000 0.510938 0.722222 0.513281 0.719444 0.514844 0.716667 0.516406 0.711111 0.518750 0.708333 0.520312 0.711111 0.523438 0.718056 0.527344 0.726389 0.527344 0.740278 0.554688 0.738889 0.556250 0.738889 0.557813 0.741667 0.558594 0.751389 0.558594 0.762500 0.559375 0.773611 0.560156 0.775000 0.560156 0.779167 0.561719 0.776389 0.562500 0.776389 0.564063 0.773611 0.565625 0.776389 0.565625 0.770833 0.564844 0.769444 0.564844 0.758333 0.564063 0.756944 0.563281 0.744444 0.564063 0.740278 0.569531 0.738889 0.582812 0.736111 0.603125 0.731944 0.610156 0.730556 0.616406 0.730556 0.616406 0.669444 0.617969 0.656944 0.623437 0.656944 0.625781 0.655556 0.628125 0.654167 0.630469 0.651389 0.632031 0.647222 0.635156 0.645833 0.641406 0.643056 0.656250 0.643056 0.663281 0.638889 0.678906 0.626389 0.680469 0.625000 0.683594 0.619444 0.685937 0.613889 0.687500 0.609722 0.688281 0.606944 0.689063 0.601389 0.689844 0.598611 0.692969 0.597222 0.692969 0.594444 0.694531 0.588889 0.694531 0.558333 0.693750 0.547222 0.692969 0.541667 0.692187 0.537500 0.691406 0.533333 0.689844 0.529167 0.685156 0.516667 0.682031 0.511111 0.679688 0.508333 0.677344 0.505556 0.675000 0.504167 0.668750 0.501389 0.666406 0.500000 0.662500 0.494444 0.660156 0.493056 0.655469 0.490278 0.646094 0.484722 0.642969 0.484722 0.639844 0.481944 0.636719 0.480556 0.621094 0.480556
25 0.999219 0.475000 0.995313 0.479167 0.992969 0.481944 0.990625 0.484722 0.989062 0.487500 0.985938 0.493056 0.984375 0.495833 0.981250 0.504167 0.975781 0.513889 0.974219 0.518056 0.972656 0.522222 0.971875 0.529167 0.971094 0.530556 0.970313 0.533333 0.969531 0.529167 0.967969 0.525000 0.966406 0.520833 0.964844 0.518056 0.962500 0.515278 0.960156 0.512500 0.957812 0.511111 0.955469 0.509722 0.947656 0.509722 0.945312 0.511111 0.942969 0.512500 0.940625 0.515278 0.938281 0.518056 0.936719 0.520833 0.935156 0.525000 0.933594 0.529167 0.932813 0.533333 0.932031 0.537500 0.931250 0.550000 0.925000 0.550000 0.922656 0.551389 0.920312 0.552778 0.917969 0.555556 0.915625 0.558333 0.914062 0.561111 0.912500 0.565278 0.910937 0.569444 0.910156 0.573611 0.909375 0.577778 0.908594 0.583333 0.900781 0.583333 0.898438 0.584722 0.896094 0.586111 0.893750 0.588889 0.891406 0.591667 0.889844 0.594444 0.888281 0.598611 0.888281 0.600000 0.885156 0.601389 0.882031 0.598611 0.871875 0.598611 0.869531 0.600000 0.867188 0.601389 0.865625 0.604167 0.864062 0.605556 0.858594 0.606944 0.850781 0.606944 0.845313 0.611111 0.839844 0.613889 0.837500 0.613889 0.826562 0.612500 0.824219 0.613889 0.821875 0.615278 0.820312 0.616667 0.817969 0.619444 0.816406 0.622222 0.814844 0.619444 0.812500 0.618056 0.810156 0.616667 0.802344 0.616667 0.800781 0.613889 0.798438 0.612500 0.796094 0.611111 0.788281 0.611111 0.785937 0.612500 0.783594 0.613889 0.779687 0.619444 0.775781 0.619444 0.773438 0.620833 0.771094 0.622222 0.769531 0.623611 0.767188 0.626389 0.764844 0.629167 0.763281 0.631944 0.762500 0.634722 0.761719 0.631944 0.760938 0.630556 0.760938 0.627778 0.759375 0.623611 0.757812 0.619444 0.756250 0.616667 0.753906 0.613889 0.751563 0.611111 0.750000 0.609722 0.747656 0.608333 0.745313 0.606944 0.739844 0.606944 0.737500 0.602778 0.736719 0.600000 0.735156 0.588889 0.734375 0.586111 0.732812 0.581944 0.731250 0.577778 0.729688 0.575000 0.727344 0.572222 0.725000 0.569444 0.722656 0.568056 0.720313 0.566667 0.712500 0.566667 0.710156 0.568056 0.707812 0.569444 0.705469 0.572222 0.703125 0.575000 0.701562 0.577778 0.700000 0.581944 0.698438 0.586111 0.697656 0.590278 0.696875 0.594444 0.696875 0.606944 0.698438 0.615278 0.699219 0.619444 0.702344 0.626389 0.703125 0.629167 0.703125 0.631944 0.703906 0.634722 0.706250 0.641667 0.714844 0.656944 0.716406 0.658333 0.718750 0.659722 0.724219 0.659722 0.725781 0.661111 0.732812 0.670833 0.733594 0.670833 0.734375 0.675000 0.730469 0.681944 0.728906 0.686111 0.726562 0.691667 0.725781 0.698611 0.725781 0.702778 0.725000 0.709722 0.722656 0.715278 0.722656 0.719444 0.720313 0.725000 0.733594 0.725000 0.734375 0.726389 0.749219 0.727778 0.778906 0.730556 0.796094 0.730556 0.836719 0.725000 0.856250 0.722222 0.866406 0.720833 0.871875 0.719444 0.876563 0.716667 0.878906 0.715278 0.881250 0.712500 0.883594 0.709722 0.885156 0.706944 0.886719 0.702778 0.888281 0.698611 0.889062 0.694444 0.889844 0.690278 0.889844 0.673611 0.887500 0.663889 0.891406 0.659722 0.892969 0.656944 0.894531 0.652778 0.894531 0.651389 0.897656 0.650000 0.900781 0.652778 0.907031 0.652778 0.910156 0.655556 0.918750 0.655556 0.921094 0.654167 0.923438 0.652778 0.926562 0.648611 0.928125 0.648611 0.929688 0.645833 0.955469 0.647222 0.966406 0.645833 0.970313 0.645833 0.985938 0.645833 0.994531 0.647222 0.997656 0.644444 0.999219 0.644444 0.999219 0.475000
25 0.240625 0.448611 0.242969 0.450000 0.245312 0.451389 0.247656 0.454167 0.250000 0.456944 0.251563 0.459722 0.253125 0.463889 0.254688 0.468056 0.254688 0.470833 0.257812 0.473611 0.263281 0.473611 0.266406 0.476389 0.272656 0.476389 0.275781 0.472222 0.285938 0.472222 0.288281 0.473611 0.290625 0.475000 0.292969 0.477778 0.295312 0.480556 0.296875 0.483333 0.298438 0.487500 0.300000 0.491667 0.300781 0.495833 0.301563 0.500000 0.301563 0.513889 0.300781 0.518056 0.300000 0.522222 0.298438 0.526389 0.296875 0.530556 0.295312 0.533333 0.292969 0.536111 0.290625 0.538889 0.285156 0.543056 0.279687 0.543056 0.277344 0.540278 0.268750 0.541667 0.267969 0.544444 0.267188 0.548611 0.267188 0.551389 0.268750 0.554167 0.271875 0.556944 0.274219 0.561111 0.276562 0.563889 0.278125 0.565278 0.280469 0.565278 0.279687 0.575000 0.278125 0.576389 0.274219 0.577778 0.271875 0.579167 0.270313 0.581944 0.270313 0.588889 0.268750 0.594444 0.268750 0.600000 0.269531 0.602778 0.271094 0.606944 0.274219 0.602778 0.278125 0.600000 0.282031 0.598611 0.284375 0.598611 0.288281 0.597222 0.292187 0.590278 0.294531 0.588889 0.296094 0.586111 0.294531 0.583333 0.282813 0.576389 0.279687 0.575000 0.280469 0.565278 0.281250 0.563889 0.284375 0.563889 0.288281 0.555556 0.290625 0.551389 0.294531 0.548611 0.296875 0.545833 0.300781 0.537500 0.303125 0.533333 0.303906 0.537500 0.304688 0.511111 0.305469 0.506944 0.307812 0.498611 0.307812 0.494444 0.308594 0.491667 0.310937 0.487500 0.311719 0.484722 0.311719 0.477778 0.312500 0.473611 0.313281 0.469444 0.314844 0.465278 0.316406 0.461111 0.317969 0.458333 0.320312 0.455556 0.322656 0.452778 0.325000 0.451389 0.327344 0.450000 0.339062 0.450000 0.341406 0.451389 0.343750 0.452778 0.346094 0.455556 0.348438 0.458333 0.350000 0.461111 0.351562 0.465278 0.353125 0.469444 0.353906 0.473611 0.354687 0.477778 0.354687 0.491667 0.353906 0.495833 0.353125 0.500000 0.350000 0.506944 0.349219 0.509722 0.348438 0.518056 0.347656 0.522222 0.346094 0.525000 0.346094 0.527778 0.348438 0.531944 0.351562 0.534722 0.353906 0.537500 0.355469 0.540278 0.357031 0.544444 0.357031 0.545833 0.365625 0.547222 0.367188 0.548611 0.370312 0.554167 0.371094 0.556944 0.371094 0.565278 0.370312 0.568056 0.366406 0.575000 0.364844 0.576389 0.363281 0.576389 0.361719 0.577778 0.357812 0.581944 0.355469 0.586111 0.353125 0.591667 0.353125 0.598611 0.353906 0.608333 0.353125 0.609722 0.353125 0.619444 0.354687 0.622222 0.355469 0.622222 0.355469 0.626389 0.355469 0.629167 0.354687 0.631944 0.352344 0.629167 0.343750 0.629167 0.342969 0.633333 0.342187 0.634722 0.342187 0.637500 0.342187 0.633333 0.341406 0.631944 0.340625 0.615278 0.338281 0.616667 0.338281 0.634722 0.337500 0.648611 0.336719 0.648611 0.332813 0.654167 0.330469 0.655556 0.328125 0.656944 0.325000 0.656944 0.323437 0.675000 0.323437 0.761111 0.322656 0.776389 0.321875 0.791667 0.321094 0.805556 0.320312 0.806944 0.320312 0.811111 0.315625 0.811111 0.315625 0.793056 0.314844 0.791667 0.314063 0.751389 0.312500 0.730556 0.310937 0.669444 0.310156 0.650000 0.308594 0.647222 0.304688 0.641667 0.303906 0.638889 0.303906 0.631944 0.300781 0.630556 0.294531 0.641667 0.292969 0.643056 0.281250 0.643056 0.279687 0.641667 0.274219 0.630556 0.267969 0.631944 0.262500 0.634722 0.264062 0.644444 0.274219 0.643056 0.278125 0.644444 0.281250 0.645833 0.285156 0.648611 0.285156 0.650000 0.286719 0.652778 0.289062 0.659722 0.289062 0.662500 0.287500 0.663889 0.289844 0.668056 0.290625 0.670833 0.290625 0.679167 0.289844 0.681944 0.286719 0.687500 0.285156 0.688889 0.280469 0.688889 0.278906 0.687500 0.275781 0.681944 0.275000 0.677778 0.273438 0.675000 0.271094 0.677778 0.267969 0.673611 0.258594 0.661111 0.255469 0.658333 0.252344 0.654167 0.250000 0.650000 0.248438 0.651389 0.247656 0.654167 0.245312 0.662500 0.243750 0.668056 0.242969 0.680556 0.242188 0.695833 0.241406 0.711111 0.241406 0.726389 0.240625 0.741667 0.239844 0.756944 0.239063 0.765278 0.235937 0.770833 0.235937 0.758333 0.235156 0.756944 0.235156 0.698611 0.234375 0.655556 0.233594 0.629167 0.232813 0.619444 0.232031 0.615278 0.230469 0.608333 0.229687 0.605556 0.225000 0.595833 0.213281 0.575000 0.208594 0.570833 0.206250 0.568056 0.203906 0.565278 0.202344 0.562500 0.198437 0.554167 0.197656 0.551389 0.198437 0.523611 0.197656 0.520833 0.196094 0.512500 0.196094 0.498611 0.196875 0.494444 0.197656 0.490278 0.199219 0.486111 0.200781 0.481944 0.202344 0.479167 0.204687 0.476389 0.205469 0.476389 0.207813 0.473611 0.209375 0.470833 0.210938 0.466667 0.210938 0.465278 0.212500 0.461111 0.214062 0.458333 0.216406 0.455556 0.218750 0.452778 0.221094 0.451389 0.223438 0.450000 0.228125 0.448611 0.240625 0.448611
25 0.010156 0.133333 0.010937 0.137500 0.011719 0.141667 0.017969 0.141667 0.020313 0.141667 0.021875 0.144444 0.027344 0.155556 0.029687 0.156944 0.025000 0.213889 0.017969 0.213889 0.016406 0.215278 0.014844 0.216667 0.014063 0.218056 0.014063 0.219444 0.012500 0.222222 0.009375 0.223611 0.006250 0.226389 0.003906 0.230556 0.003906 0.234722 0.004687 0.237500 0.006250 0.240278 0.007031 0.244444 0.009375 0.248611 0.010937 0.248611 0.013281 0.244444 0.017188 0.244444 0.018750 0.243056 0.024219 0.237500 0.027344 0.231944 0.028125 0.229167 0.028125 0.220833 0.027344 0.218056 0.025000 0.213889 0.029687 0.156944 0.032813 0.156944 0.039844 0.161111 0.042188 0.163889 0.044531 0.165278 0.046094 0.165278 0.053906 0.158333 0.056250 0.158333 0.065625 0.163889 0.071875 0.169444 0.073438 0.170833 0.075000 0.179167 0.078906 0.181944 0.082031 0.181944 0.087500 0.187500 0.089844 0.188889 0.096875 0.190278 0.103906 0.191667 0.119531 0.191667 0.126562 0.188889 0.134375 0.187500 0.136719 0.197222 0.138281 0.200000 0.139063 0.202778 0.139844 0.205556 0.140625 0.209722 0.141406 0.216667 0.142187 0.229167 0.145313 0.252778 0.146094 0.259722 0.146875 0.262500 0.148438 0.266667 0.154688 0.277778 0.157031 0.283333 0.157031 0.293056 0.155469 0.301389 0.154688 0.301389 0.152344 0.304167 0.150000 0.308333 0.150000 0.323611 0.148438 0.329167 0.146875 0.331944 0.135156 0.331944 0.133594 0.330556 0.125000 0.320833 0.118750 0.312500 0.116406 0.309722 0.114844 0.311111 0.110156 0.300000 0.107813 0.295833 0.102344 0.287500 0.100000 0.286111 0.096094 0.284722 0.092188 0.283333 0.090625 0.284722 0.092188 0.287500 0.094531 0.290278 0.104688 0.298611 0.106250 0.298611 0.108594 0.301389 0.110156 0.300000 0.114844 0.311111 0.120313 0.320833 0.125781 0.327778 0.128125 0.331944 0.130469 0.337500 0.135937 0.351389 0.142187 0.369444 0.145313 0.377778 0.149219 0.384722 0.152344 0.387500 0.154688 0.391667 0.156250 0.384722 0.154688 0.377778 0.151562 0.351389 0.150000 0.337500 0.150000 0.331944 0.148438 0.329167 0.150000 0.323611 0.151562 0.326389 0.154688 0.327778 0.155469 0.330556 0.157812 0.347222 0.167187 0.416667 0.171875 0.451389 0.174219 0.469444 0.178125 0.509722 0.179688 0.523611 0.181250 0.531944 0.182031 0.523611 0.181250 0.522222 0.181250 0.513889 0.179688 0.495833 0.178125 0.486111 0.178125 0.479167 0.181250 0.479167 0.185938 0.481944 0.189844 0.481944 0.191406 0.490278 0.192969 0.508333 0.196875 0.565278 0.199219 0.593056 0.200000 0.594444 0.201563 0.622222 0.203125 0.631944 0.203906 0.643056 0.202344 0.641667 0.200781 0.641667 0.196875 0.638889 0.194531 0.636111 0.192969 0.643056 0.194531 0.651389 0.194531 0.658333 0.196875 0.673611 0.198437 0.695833 0.200781 0.718056 0.203125 0.740278 0.206250 0.762500 0.207031 0.770833 0.207813 0.765278 0.211719 0.758333 0.211719 0.755556 0.209375 0.748611 0.208594 0.743056 0.206250 0.726389 0.206250 0.690278 0.212500 0.690278 0.212500 0.705556 0.213281 0.706944 0.213281 0.727778 0.214062 0.729167 0.214844 0.751389 0.214844 0.801389 0.210938 0.813889 0.212500 0.822222 0.212500 0.836111 0.214062 0.850000 0.214844 0.850000 0.216406 0.858333 0.216406 0.865278 0.217969 0.873611 0.218750 0.881944 0.207813 0.883333 0.206250 0.883333 0.206250 0.880556 0.205469 0.879167 0.204687 0.862500 0.205469 0.851389 0.205469 0.848611 0.204687 0.838889 0.203125 0.827778 0.203125 0.815278 0.195312 0.729167 0.192188 0.694444 0.189844 0.669444 0.186719 0.641667 0.177344 0.562500 0.168750 0.490278 0.165625 0.463889 0.163281 0.450000 0.163281 0.444444 0.161719 0.441667 0.152344 0.441667 0.149219 0.437500 0.143750 0.429167 0.139063 0.420833 0.133594 0.412500 0.121875 0.413889 0.122656 0.418056 0.128125 0.438889 0.128906 0.443056 0.129688 0.448611 0.129688 0.456944 0.130469 0.465278 0.132031 0.468056 0.132812 0.468056 0.135156 0.472222 0.138281 0.475000 0.140625 0.479167 0.139844 0.486111 0.138281 0.491667 0.137500 0.497222 0.136719 0.504167 0.136719 0.509722 0.141406 0.527778 0.142187 0.531944 0.143750 0.541667 0.146094 0.561111 0.147656 0.566667 0.147656 0.569444 0.142969 0.581944 0.139844 0.587500 0.135156 0.591667 0.131250 0.591667 0.128906 0.593056 0.128125 0.597222 0.125000 0.602778 0.124219 0.606944 0.121094 0.612500 0.117188 0.618056 0.115625 0.619444 0.113281 0.619444 0.112500 0.620833 0.110937 0.620833 0.110156 0.619444 0.108594 0.619444 0.107031 0.620833 0.104688 0.613889 0.106250 0.611111 0.108594 0.611111 0.112500 0.608333 0.114844 0.604167 0.117188 0.602778 0.117969 0.601389 0.117969 0.600000 0.119531 0.597222 0.115625 0.594444 0.107813 0.595833 0.084375 0.600000 0.076563 0.601389 0.074219 0.604167 0.066406 0.602778 0.061719 0.604167 0.058594 0.605556 0.054688 0.608333 0.053125 0.609722 0.051562 0.611111 0.042188 0.622222 0.039844 0.626389 0.036719 0.629167 0.033594 0.633333 0.036719 0.638889 0.039062 0.641667 0.043750 0.645833 0.046875 0.648611 0.052344 0.652778 0.054688 0.652778 0.057031 0.655556 0.060156 0.655556 0.061719 0.658333 0.065625 0.659722 0.072656 0.659722 0.084375 0.658333 0.085938 0.655556 0.086719 0.651389 0.089063 0.647222 0.089844 0.644444 0.090625 0.641667 0.091406 0.637500 0.091406 0.629167 0.092969 0.626389 0.096094 0.626389 0.103125 0.613889 0.104688 0.613889 0.107031 0.620833 0.105469 0.623611 0.105469 0.627778 0.101562 0.633333 0.101562 0.634722 0.100000 0.638889 0.096875 0.644444 0.096094 0.648611 0.096094 0.655556 0.095312 0.658333 0.094531 0.661111 0.091406 0.666667 0.089844 0.666667 0.088281 0.669444 0.075000 0.670833 0.062500 0.670833 0.059375 0.669444 0.055469 0.665278 0.053125 0.665278 0.050781 0.662500 0.048438 0.662500 0.046875 0.661111 0.043750 0.656944 0.041406 0.656944 0.039844 0.654167 0.038281 0.654167 0.035937 0.650000 0.034375 0.650000 0.032813 0.647222 0.031250 0.647222 0.029687 0.644444 0.025000 0.644444 0.023438 0.645833 0.021094 0.648611 0.018750 0.652778 0.016406 0.655556 0.005469 0.666667 0.003125 0.668056 0.000000 0.670833 0.000781 0.136111 0.002344 0.134722 0.006250 0.131944 0.009375 0.127778 0.010156 0.133333
27 0.273438 0.676389 0.271875 0.679167 0.273438 0.680556 0.275000 0.681944 0.274219 0.679167 0.273438 0.676389
27 0.249219 0.651389 0.248438 0.654167 0.249219 0.658333 0.250000 0.658333 0.253906 0.663889 0.256250 0.666667 0.267969 0.676389 0.269531 0.677778 0.267969 0.675000 0.267188 0.675000 0.264062 0.670833 0.258594 0.662500 0.255469 0.659722 0.253125 0.655556 0.249219 0.651389
27 0.338281 0.648611 0.336719 0.650000 0.332813 0.655556 0.330469 0.656944 0.328125 0.658333 0.325000 0.658333 0.324219 0.675000 0.324219 0.686111 0.325781 0.688889 0.328906 0.691667 0.331250 0.695833 0.331250 0.700000 0.338281 0.700000 0.339844 0.702778 0.339844 0.683333 0.339062 0.681944 0.339062 0.658333 0.338281 0.656944 0.338281 0.648611
27 0.274219 0.631944 0.267969 0.633333 0.267188 0.634722 0.263281 0.634722 0.264062 0.643056 0.274219 0.641667 0.278125 0.643056 0.284375 0.645833 0.285938 0.648611 0.287500 0.652778 0.289844 0.659722 0.289844 0.662500 0.288281 0.663889 0.290625 0.668056 0.291406 0.670833 0.291406 0.679167 0.290625 0.681944 0.287500 0.687500 0.289062 0.687500 0.289844 0.686111 0.299219 0.684722 0.308594 0.684722 0.310156 0.683333 0.310156 0.669444 0.308594 0.648611 0.303906 0.641667 0.303125 0.638889 0.303125 0.631944 0.300781 0.631944 0.294531 0.643056 0.292969 0.644444 0.281250 0.644444 0.279687 0.643056 0.274219 0.631944
27 0.278125 0.577778 0.274219 0.579167 0.271094 0.581944 0.271094 0.588889 0.269531 0.594444 0.269531 0.600000 0.271094 0.605556 0.274219 0.601389 0.278125 0.598611 0.282031 0.597222 0.284375 0.597222 0.288281 0.595833 0.292187 0.588889 0.295312 0.586111 0.292187 0.583333 0.282813 0.577778 0.279687 0.576389 0.278125 0.577778
27 0.122656 0.413889 0.123438 0.418056 0.127344 0.431944 0.128906 0.438889 0.129688 0.443056 0.130469 0.448611 0.130469 0.456944 0.132031 0.466667 0.135156 0.470833 0.138281 0.473611 0.141406 0.480556 0.140625 0.486111 0.139063 0.491667 0.138281 0.497222 0.137500 0.504167 0.137500 0.509722 0.139063 0.516667 0.142187 0.527778 0.142969 0.531944 0.144531 0.541667 0.146875 0.561111 0.148438 0.566667 0.148438 0.569444 0.146875 0.573611 0.143750 0.581944 0.139844 0.588889 0.137500 0.590278 0.135937 0.591667 0.138281 0.591667 0.139063 0.590278 0.147656 0.588889 0.153125 0.588889 0.157812 0.593056 0.181250 0.618056 0.182812 0.619444 0.182812 0.615278 0.182031 0.613889 0.181250 0.608333 0.180469 0.595833 0.179688 0.594444 0.176563 0.562500 0.172656 0.536111 0.167969 0.490278 0.164844 0.463889 0.163281 0.456944 0.163281 0.451389 0.161719 0.443056 0.152344 0.443056 0.149219 0.438889 0.143750 0.430556 0.139063 0.422222 0.133594 0.413889 0.122656 0.413889
27 0.091406 0.284722 0.092969 0.286111 0.094531 0.288889 0.100000 0.293056 0.106250 0.297222 0.107813 0.298611 0.109375 0.300000 0.120313 0.319444 0.125000 0.326389 0.125781 0.326389 0.128906 0.331944 0.131250 0.337500 0.136719 0.351389 0.146094 0.377778 0.149219 0.383333 0.152344 0.386111 0.154688 0.390278 0.156250 0.391667 0.155469 0.384722 0.153906 0.377778 0.150781 0.351389 0.150000 0.338889 0.148438 0.330556 0.146875 0.333333 0.135156 0.333333 0.133594 0.331944 0.128906 0.326389 0.125000 0.322222 0.115625 0.311111 0.107813 0.297222 0.102344 0.288889 0.100000 0.287500 0.096875 0.287500 0.096094 0.286111 0.092969 0.286111 0.091406 0.284722
27 0.000000 0.000000 0.000000 0.136111 0.001563 0.134722 0.009375 0.126389 0.010937 0.129167 0.012500 0.138889 0.012500 0.141667 0.017969 0.140278 0.020313 0.140278 0.022656 0.144444 0.027344 0.154167 0.029687 0.155556 0.032813 0.155556 0.039844 0.159722 0.042188 0.162500 0.044531 0.163889 0.046094 0.163889 0.053906 0.156944 0.056250 0.156944 0.065625 0.162500 0.073438 0.169444 0.075000 0.172222 0.075781 0.176389 0.075781 0.179167 0.078125 0.179167 0.078906 0.180556 0.082031 0.180556 0.087500 0.186111 0.089844 0.187500 0.096875 0.188889 0.103906 0.190278 0.119531 0.190278 0.126562 0.187500 0.135156 0.187500 0.135937 0.190278 0.136719 0.194444 0.139063 0.200000 0.139844 0.202778 0.140625 0.205556 0.141406 0.209722 0.142187 0.216667 0.142969 0.229167 0.146094 0.252778 0.146875 0.259722 0.147656 0.262500 0.149219 0.266667 0.155469 0.277778 0.157812 0.283333 0.157812 0.293056 0.157031 0.300000 0.155469 0.302778 0.152344 0.305556 0.150781 0.308333 0.151562 0.325000 0.153906 0.325000 0.155469 0.327778 0.156250 0.330556 0.157031 0.336111 0.158594 0.347222 0.163281 0.381944 0.172656 0.451389 0.175000 0.469444 0.176563 0.483333 0.180469 0.523611 0.181250 0.525000 0.181250 0.530556 0.181250 0.523611 0.180469 0.522222 0.180469 0.513889 0.178906 0.495833 0.177344 0.486111 0.178125 0.477778 0.181250 0.477778 0.185938 0.480556 0.189844 0.480556 0.191406 0.483333 0.192188 0.490278 0.193750 0.508333 0.196094 0.537500 0.197656 0.565278 0.202344 0.622222 0.203125 0.630556 0.203906 0.631944 0.203906 0.637500 0.211719 0.636111 0.214844 0.636111 0.232813 0.637500 0.232813 0.629167 0.232031 0.619444 0.231250 0.615278 0.229687 0.608333 0.228906 0.605556 0.224219 0.595833 0.213281 0.576389 0.208594 0.572222 0.203906 0.566667 0.201563 0.562500 0.197656 0.554167 0.196875 0.551389 0.196875 0.520833 0.195312 0.512500 0.195312 0.498611 0.196094 0.494444 0.196875 0.490278 0.198437 0.486111 0.200000 0.481944 0.202344 0.477778 0.207031 0.472222 0.207813 0.472222 0.208594 0.470833 0.208594 0.469444 0.211719 0.461111 0.214062 0.456944 0.216406 0.454167 0.218750 0.451389 0.221094 0.450000 0.223438 0.448611 0.228125 0.447222 0.240625 0.447222 0.242969 0.448611 0.245312 0.450000 0.247656 0.452778 0.250000 0.455556 0.252344 0.459722 0.253906 0.463889 0.255469 0.468056 0.255469 0.470833 0.257031 0.470833 0.257812 0.472222 0.263281 0.472222 0.266406 0.475000 0.272656 0.475000 0.275781 0.470833 0.285938 0.470833 0.288281 0.472222 0.290625 0.473611 0.292969 0.476389 0.295312 0.479167 0.297656 0.483333 0.299219 0.487500 0.300781 0.491667 0.301563 0.495833 0.302344 0.500000 0.302344 0.513889 0.301563 0.518056 0.300781 0.522222 0.299219 0.526389 0.297656 0.530556 0.295312 0.534722 0.292969 0.537500 0.290625 0.540278 0.285156 0.544444 0.279687 0.544444 0.277344 0.541667 0.269531 0.541667 0.268750 0.544444 0.267969 0.548611 0.268750 0.552778 0.269531 0.552778 0.274219 0.559722 0.276562 0.562500 0.278125 0.563889 0.280469 0.563889 0.281250 0.562500 0.284375 0.562500 0.287500 0.556944 0.287500 0.555556 0.290625 0.550000 0.294531 0.547222 0.296875 0.544444 0.300000 0.538889 0.300000 0.537500 0.303125 0.531944 0.303906 0.536111 0.303906 0.511111 0.304688 0.506944 0.307031 0.498611 0.307031 0.494444 0.307812 0.491667 0.310156 0.487500 0.310937 0.484722 0.310937 0.477778 0.311719 0.473611 0.312500 0.469444 0.314063 0.465278 0.315625 0.461111 0.317969 0.456944 0.320312 0.454167 0.322656 0.451389 0.325000 0.450000 0.327344 0.448611 0.339062 0.448611 0.341406 0.450000 0.343750 0.451389 0.346094 0.454167 0.348438 0.456944 0.350781 0.461111 0.352344 0.465278 0.353906 0.469444 0.354687 0.473611 0.355469 0.477778 0.355469 0.491667 0.354687 0.495833 0.353906 0.500000 0.350781 0.506944 0.350000 0.509722 0.349219 0.518056 0.348438 0.522222 0.346875 0.525000 0.346875 0.527778 0.348438 0.530556 0.350781 0.533333 0.353906 0.536111 0.356250 0.540278 0.357812 0.545833 0.365625 0.545833 0.367188 0.547222 0.371094 0.554167 0.371875 0.556944 0.371875 0.565278 0.371094 0.568056 0.366406 0.576389 0.364844 0.577778 0.363281 0.577778 0.361719 0.579167 0.357812 0.583333 0.356250 0.586111 0.356250 0.587500 0.353906 0.591667 0.353906 0.598611 0.354687 0.608333 0.353906 0.609722 0.354687 0.620833 0.355469 0.620833 0.356250 0.626389 0.356250 0.629167 0.355469 0.630556 0.354687 0.633333 0.352344 0.630556 0.343750 0.630556 0.343750 0.633333 0.342187 0.638889 0.342187 0.656944 0.343750 0.681944 0.343750 0.704167 0.348438 0.704167 0.348438 0.695833 0.347656 0.680556 0.346094 0.665278 0.345313 0.650000 0.346094 0.643056 0.348438 0.644444 0.349219 0.648611 0.350000 0.663889 0.350000 0.677778 0.350781 0.679167 0.350781 0.693056 0.351562 0.694444 0.351562 0.704167 0.364063 0.704167 0.364063 0.693056 0.362500 0.676389 0.363281 0.663889 0.366406 0.665278 0.367188 0.681944 0.367188 0.700000 0.367969 0.701389 0.367969 0.712500 0.367188 0.694444 0.367969 0.687500 0.370312 0.688889 0.371094 0.698611 0.371094 0.711111 0.376563 0.713889 0.378125 0.706944 0.378125 0.698611 0.381250 0.690278 0.382031 0.693056 0.382031 0.695833 0.385937 0.704167 0.386719 0.706944 0.386719 0.719444 0.392188 0.719444 0.393750 0.722222 0.394531 0.727778 0.395313 0.733333 0.410938 0.733333 0.410938 0.727778 0.412500 0.725000 0.412500 0.719444 0.411719 0.715278 0.410938 0.712500 0.408594 0.708333 0.407813 0.705556 0.410156 0.702778 0.411719 0.702778 0.410938 0.695833 0.413281 0.694444 0.414062 0.690278 0.415625 0.687500 0.418750 0.693056 0.418750 0.702778 0.421094 0.698611 0.421875 0.698611 0.422656 0.687500 0.420312 0.659722 0.417187 0.631944 0.417187 0.623611 0.416406 0.622222 0.417187 0.613889 0.420312 0.615278 0.421094 0.623611 0.421875 0.643056 0.423438 0.662500 0.424219 0.663889 0.424219 0.672222 0.425000 0.656944 0.426563 0.659722 0.427344 0.656944 0.427344 0.644444 0.426563 0.631944 0.424219 0.606944 0.423438 0.595833 0.425000 0.593056 0.427344 0.594444 0.428125 0.601389 0.428906 0.612500 0.430469 0.634722 0.430469 0.644444 0.433594 0.637500 0.435937 0.634722 0.438281 0.631944 0.439844 0.631944 0.439844 0.629167 0.439063 0.619444 0.437500 0.608333 0.436719 0.597222 0.435937 0.586111 0.433594 0.551389 0.432812 0.538889 0.432812 0.525000 0.434375 0.525000 0.436719 0.525000 0.437500 0.529167 0.438281 0.543056 0.438281 0.555556 0.439063 0.569444 0.442969 0.598611 0.443750 0.606944 0.443750 0.616667 0.444531 0.626389 0.445312 0.629167 0.450781 0.629167 0.456250 0.633333 0.457813 0.633333 0.461719 0.627778 0.464062 0.626389 0.466406 0.625000 0.474219 0.625000 0.477344 0.627778 0.478906 0.627778 0.478906 0.620833 0.478125 0.619444 0.478125 0.611111 0.475000 0.576389 0.465625 0.475000 0.464844 0.468056 0.464062 0.461111 0.460938 0.434722 0.441406 0.270833 0.438281 0.243056 0.437500 0.236111 0.437500 0.233333 0.440625 0.227778 0.442188 0.227778 0.443750 0.229167 0.445312 0.230556 0.446875 0.237500 0.448437 0.255556 0.452344 0.286111 0.457031 0.316667 0.458594 0.329167 0.460156 0.341667 0.464844 0.383333 0.475781 0.481944 0.484375 0.559722 0.485156 0.568056 0.485938 0.576389 0.485938 0.584722 0.486719 0.593056 0.487500 0.594444 0.487500 0.600000 0.487500 0.597222 0.488281 0.593056 0.489844 0.588889 0.491406 0.584722 0.493750 0.580556 0.494531 0.580556 0.496875 0.576389 0.496875 0.575000 0.499219 0.570833 0.501563 0.568056 0.503906 0.565278 0.506250 0.563889 0.508594 0.562500 0.513281 0.561111 0.513281 0.559722 0.514844 0.555556 0.517188 0.551389 0.519531 0.548611 0.521875 0.545833 0.524219 0.544444 0.526563 0.543056 0.532813 0.543056 0.536719 0.537500 0.539844 0.530556 0.542188 0.526389 0.544531 0.523611 0.546875 0.520833 0.550000 0.519444 0.553906 0.513889 0.556250 0.511111 0.558594 0.509722 0.560937 0.508333 0.574219 0.508333 0.577344 0.504167 0.581250 0.498611 0.583594 0.495833 0.589063 0.493056 0.590625 0.491667 0.594531 0.486111 0.596875 0.483333 0.599219 0.481944 0.601562 0.480556 0.609375 0.480556 0.612500 0.483333 0.614844 0.483333 0.621094 0.479167 0.636719 0.479167 0.639844 0.480556 0.642969 0.483333 0.646094 0.483333 0.650781 0.486111 0.660156 0.491667 0.662500 0.493056 0.666406 0.498611 0.668750 0.500000 0.675000 0.502778 0.677344 0.504167 0.679688 0.506944 0.682031 0.509722 0.685937 0.516667 0.690625 0.529167 0.692187 0.533333 0.692969 0.537500 0.693750 0.541667 0.694531 0.547222 0.695312 0.558333 0.695312 0.588889 0.693750 0.594444 0.693750 0.597222 0.696094 0.600000 0.696094 0.602778 0.696094 0.594444 0.696875 0.590278 0.697656 0.586111 0.699219 0.581944 0.700781 0.577778 0.703125 0.573611 0.705469 0.570833 0.707812 0.568056 0.712500 0.565278 0.712500 0.561111 0.710938 0.559722 0.707031 0.559722 0.703906 0.556944 0.705469 0.554167 0.709375 0.551389 0.716406 0.543056 0.720313 0.540278 0.725781 0.536111 0.737500 0.527778 0.760156 0.512500 0.764062 0.508333 0.769531 0.505556 0.771094 0.504167 0.771875 0.502778 0.772656 0.500000 0.774219 0.494444 0.778906 0.476389 0.780469 0.473611 0.792188 0.473611 0.796875 0.463889 0.800781 0.454167 0.804688 0.447222 0.809375 0.445833 0.815625 0.444444 0.828125 0.441667 0.833594 0.441667 0.835156 0.440278 0.837500 0.430556 0.840625 0.430556 0.841406 0.429167 0.843750 0.429167 0.846094 0.436111 0.846094 0.438889 0.847656 0.437500 0.849219 0.437500 0.854688 0.429167 0.856250 0.427778 0.857812 0.426389 0.864062 0.427778 0.864062 0.429167 0.865625 0.433333 0.864844 0.437500 0.875000 0.436111 0.875000 0.433333 0.876563 0.430556 0.878906 0.429167 0.881250 0.433333 0.881250 0.436111 0.882812 0.436111 0.882812 0.430556 0.883594 0.423611 0.885938 0.419444 0.889844 0.420833 0.891406 0.423611 0.892188 0.427778 0.891406 0.436111 0.900781 0.436111 0.911719 0.438889 0.914844 0.438889 0.917188 0.437500 0.919531 0.436111 0.921094 0.434722 0.921875 0.431944 0.921875 0.419444 0.922656 0.418056 0.923438 0.404167 0.924219 0.390278 0.924219 0.380556 0.923438 0.372222 0.922656 0.363889 0.921094 0.355556 0.920312 0.340278 0.919531 0.338889 0.919531 0.334722 0.912500 0.334722 0.905469 0.337500 0.900000 0.337500 0.898438 0.334722 0.897656 0.330556 0.894531 0.329167 0.893750 0.327778 0.893750 0.326389 0.892969 0.323611 0.895312 0.319444 0.903125 0.309722 0.907813 0.304167 0.914844 0.295833 0.916406 0.294444 0.917969 0.293056 0.925000 0.287500 0.932031 0.281944 0.972656 0.250000 0.979688 0.245833 0.993750 0.234722 0.996875 0.231944 0.998437 0.230556 0.999219 0.000000 0.000000 0.000000
19 0.382812 0.768056 0.382031 0.768056 0.378125 0.773611 0.367969 0.784722 0.360156 0.793056 0.357812 0.794444 0.351562 0.798611 0.342969 0.802778 0.334375 0.808333 0.324219 0.818056 0.318750 0.820833 0.314063 0.822222 0.300000 0.830556 0.285938 0.841667 0.283594 0.843056 0.276562 0.845833 0.265625 0.848611 0.258594 0.852778 0.253906 0.852778 0.241406 0.858333 0.235937 0.859722 0.223438 0.862500 0.217188 0.862500 0.217188 0.865278 0.217969 0.872222 0.218750 0.873611 0.218750 0.883333 0.207813 0.884722 0.205469 0.883333 0.204687 0.879167 0.204687 0.865278 0.198437 0.866667 0.191406 0.868056 0.172656 0.872222 0.139844 0.880556 0.133594 0.880556 0.127344 0.881944 0.121094 0.883333 0.120313 0.884722 0.116406 0.884722 0.116406 0.893056 0.117969 0.913889 0.117188 0.933333 0.113281 0.931944 0.112500 0.926389 0.112500 0.902778 0.111719 0.901389 0.111719 0.886111 0.108594 0.886111 0.107813 0.887500 0.105469 0.887500 0.106250 0.890278 0.104688 0.897222 0.101562 0.901389 0.097656 0.906944 0.093750 0.908333 0.087500 0.906944 0.082031 0.908333 0.082031 0.911111 0.081250 0.912500 0.081250 0.919444 0.080469 0.923611 0.078125 0.930556 0.076563 0.934722 0.074219 0.938889 0.074219 0.940278 0.072656 0.943056 0.064062 0.944444 0.046875 0.944444 0.039844 0.947222 0.010937 0.958333 0.003906 0.961111 0.000000 0.963889 0.000000 0.998611 0.775781 0.998611 0.774219 0.998611 0.773438 0.997222 0.769531 0.995833 0.768750 0.994444 0.760156 0.990278 0.759375 0.988889 0.741406 0.979167 0.740625 0.977778 0.650000 0.925000 0.639844 0.918056 0.615625 0.901389 0.595313 0.886111 0.564844 0.865278 0.539844 0.848611 0.478906 0.808333 0.457813 0.794444 0.450781 0.790278 0.441406 0.784722 0.435937 0.783333 0.435156 0.781944 0.434375 0.780556 0.432812 0.780556 0.432031 0.779167 0.430469 0.779167 0.431250 0.783333 0.434375 0.797222 0.435156 0.809722 0.435937 0.837500 0.435156 0.844444 0.434375 0.844444 0.432812 0.847222 0.427344 0.847222 0.425781 0.844444 0.424219 0.840278 0.423438 0.825000 0.416406 0.825000 0.414062 0.829167 0.410938 0.829167 0.407813 0.826389 0.404687 0.826389 0.392188 0.827778 0.392188 0.837500 0.391406 0.840278 0.389844 0.843056 0.381250 0.841667 0.380469 0.838889 0.379688 0.829167 0.379688 0.809722 0.378906 0.787500 0.377344 0.784722 0.377344 0.781944 0.379688 0.777778 0.382031 0.776389 0.382812 0.773611 0.382812 0.770833 0.384375 0.766667 0.382812 0.768056
19 0.410156 0.743056 0.407813 0.744444 0.407031 0.745833 0.402344 0.747222 0.399219 0.750000 0.392969 0.755556 0.389844 0.759722 0.391406 0.758333 0.396094 0.756944 0.406250 0.755556 0.411719 0.752778 0.411719 0.743056 0.410156 0.743056
21 0.464844 0.727778 0.465625 0.730556 0.465625 0.733333 0.467187 0.737500 0.467187 0.745833 0.471094 0.745833 0.471094 0.738889 0.470313 0.734722 0.468750 0.731944 0.466406 0.729167 0.464844 0.727778
21 0.454688 0.722222 0.452344 0.726389 0.453906 0.736111 0.453906 0.743056 0.456250 0.741667 0.456250 0.734722 0.455469 0.727778 0.454688 0.726389 0.454688 0.722222
21 0.371094 0.712500 0.369531 0.720833 0.367969 0.718056 0.367969 0.713889 0.367969 0.718056 0.368750 0.719444 0.368750 0.737500 0.369531 0.755556 0.370312 0.756944 0.370312 0.768056 0.371875 0.768056 0.375781 0.763889 0.380469 0.761111 0.393750 0.754167 0.396875 0.751389 0.396094 0.745833 0.394531 0.733333 0.393750 0.727778 0.392188 0.720833 0.379688 0.720833 0.378125 0.719444 0.376563 0.716667 0.375781 0.712500 0.371094 0.712500
21 0.351562 0.705556 0.351562 0.708333 0.352344 0.719444 0.353125 0.727778 0.357031 0.759722 0.357031 0.777778 0.359375 0.776389 0.366406 0.770833 0.367969 0.770833 0.367188 0.754167 0.365625 0.723611 0.364844 0.722222 0.364844 0.708333 0.364063 0.705556 0.351562 0.705556
21 0.343750 0.705556 0.344531 0.730556 0.346094 0.755556 0.346094 0.779167 0.346875 0.780556 0.346875 0.783333 0.348438 0.783333 0.350781 0.781944 0.352344 0.780556 0.353125 0.775000 0.352344 0.761111 0.349219 0.720833 0.349219 0.708333 0.348438 0.705556 0.343750 0.705556
21 0.324219 0.687500 0.324219 0.761111 0.323437 0.776389 0.322656 0.777778 0.322656 0.791667 0.321875 0.793056 0.321875 0.800000 0.324219 0.798611 0.328906 0.795833 0.335938 0.791667 0.338281 0.788889 0.342969 0.786111 0.342969 0.777778 0.342187 0.754167 0.341406 0.730556 0.340625 0.706944 0.339844 0.704167 0.338281 0.701389 0.330469 0.700000 0.330469 0.695833 0.328906 0.693056 0.325781 0.690278 0.324219 0.687500
21 0.193750 0.637500 0.193750 0.643056 0.195312 0.651389 0.195312 0.658333 0.197656 0.673611 0.199219 0.695833 0.201563 0.718056 0.203906 0.740278 0.207031 0.762500 0.207031 0.769444 0.207031 0.765278 0.210938 0.758333 0.210938 0.755556 0.208594 0.748611 0.207813 0.743056 0.205469 0.726389 0.206250 0.688889 0.213281 0.690278 0.214062 0.706944 0.214844 0.729167 0.215625 0.751389 0.215625 0.779167 0.216406 0.775000 0.221875 0.773611 0.229687 0.772222 0.243750 0.770833 0.250000 0.769444 0.255469 0.768056 0.265625 0.765278 0.270313 0.763889 0.274219 0.762500 0.278125 0.755556 0.278906 0.768056 0.279687 0.769444 0.279687 0.777778 0.283594 0.777778 0.285938 0.779167 0.288281 0.781944 0.290625 0.783333 0.301563 0.784722 0.301563 0.790278 0.303125 0.798611 0.300781 0.800000 0.299219 0.805556 0.296094 0.806944 0.292969 0.806944 0.292187 0.811111 0.294531 0.811111 0.301563 0.809722 0.307031 0.808333 0.311719 0.805556 0.314844 0.802778 0.314844 0.793056 0.314063 0.772222 0.313281 0.751389 0.311719 0.730556 0.311719 0.711111 0.310937 0.709722 0.310937 0.690278 0.310156 0.688889 0.310156 0.684722 0.299219 0.686111 0.289844 0.687500 0.285156 0.690278 0.280469 0.690278 0.278906 0.688889 0.275781 0.683333 0.271094 0.679167 0.257812 0.668056 0.250000 0.662500 0.248438 0.662500 0.246094 0.662500 0.245312 0.665278 0.244531 0.668056 0.243750 0.680556 0.242969 0.695833 0.242188 0.711111 0.242188 0.726389 0.241406 0.741667 0.240625 0.756944 0.239844 0.765278 0.235937 0.772222 0.234375 0.756944 0.234375 0.698611 0.233594 0.655556 0.232813 0.654167 0.232813 0.650000 0.231250 0.648611 0.228125 0.647222 0.224219 0.643056 0.220312 0.640278 0.216406 0.640278 0.207813 0.641667 0.207031 0.640278 0.203906 0.640278 0.202344 0.643056 0.200781 0.643056 0.196875 0.640278 0.193750 0.637500
21 0.105469 0.629167 0.102344 0.633333 0.100781 0.638889 0.097656 0.644444 0.096875 0.648611 0.096875 0.655556 0.096094 0.658333 0.095312 0.661111 0.091406 0.668056 0.089844 0.668056 0.088281 0.670833 0.075000 0.672222 0.062500 0.672222 0.059375 0.670833 0.055469 0.666667 0.053125 0.666667 0.050781 0.663889 0.048438 0.663889 0.046875 0.662500 0.043750 0.658333 0.041406 0.658333 0.039844 0.655556 0.038281 0.655556 0.035937 0.651389 0.034375 0.651389 0.032813 0.648611 0.031250 0.648611 0.029687 0.645833 0.025000 0.645833 0.023438 0.647222 0.021094 0.650000 0.018750 0.654167 0.016406 0.656944 0.005469 0.668056 0.000000 0.672222 0.000000 0.720833 0.000000 0.718056 0.003906 0.705556 0.006250 0.709722 0.006250 0.712500 0.010156 0.718056 0.010937 0.725000 0.011719 0.726389 0.011719 0.731944 0.013281 0.726389 0.011719 0.720833 0.013281 0.716667 0.015625 0.712500 0.017969 0.712500 0.018750 0.709722 0.019531 0.704167 0.020313 0.701389 0.022656 0.700000 0.024219 0.698611 0.028906 0.706944 0.028906 0.719444 0.032031 0.723611 0.032031 0.727778 0.032031 0.734722 0.032813 0.740278 0.034375 0.743056 0.039062 0.750000 0.039062 0.752778 0.044531 0.751389 0.045312 0.745833 0.047656 0.745833 0.049219 0.747222 0.050781 0.750000 0.050781 0.752778 0.051562 0.755556 0.053125 0.758333 0.057031 0.762500 0.060156 0.765278 0.061719 0.763889 0.062500 0.756944 0.064062 0.755556 0.065625 0.754167 0.067969 0.752778 0.069531 0.752778 0.069531 0.750000 0.070312 0.745833 0.071094 0.743056 0.075781 0.740278 0.076563 0.737500 0.077344 0.733333 0.083594 0.726389 0.084375 0.726389 0.085156 0.727778 0.085938 0.730556 0.085938 0.736111 0.086719 0.738889 0.088281 0.743056 0.090625 0.748611 0.093750 0.754167 0.096875 0.755556 0.096875 0.759722 0.097656 0.762500 0.100781 0.763889 0.100781 0.776389 0.102344 0.777778 0.103125 0.780556 0.101562 0.784722 0.101562 0.788889 0.104688 0.797222 0.106250 0.797222 0.107031 0.795833 0.108594 0.795833 0.108594 0.768056 0.107813 0.729167 0.107031 0.690278 0.106250 0.688889 0.106250 0.651389 0.105469 0.650000 0.105469 0.629167
21 0.690625 0.598611 0.689844 0.601389 0.689844 0.604167 0.689063 0.606944 0.688281 0.609722 0.686719 0.613889 0.684375 0.619444 0.680469 0.626389 0.678906 0.627778 0.675000 0.630556 0.663281 0.640278 0.656250 0.644444 0.641406 0.644444 0.635156 0.647222 0.631250 0.650000 0.627344 0.658333 0.623437 0.666667 0.618750 0.676389 0.617188 0.680556 0.617188 0.730556 0.618750 0.730556 0.626563 0.729167 0.657813 0.723611 0.711719 0.713889 0.719531 0.712500 0.724219 0.709722 0.724219 0.704167 0.725000 0.698611 0.725781 0.691667 0.728125 0.686111 0.732031 0.677778 0.733594 0.672222 0.731250 0.669444 0.725781 0.662500 0.724219 0.661111 0.716406 0.661111 0.705469 0.641667 0.703125 0.634722 0.699219 0.622222 0.698438 0.619444 0.696094 0.604167 0.694531 0.598611 0.690625 0.598611
21 0.115625 0.595833 0.107813 0.597222 0.107031 0.598611 0.084375 0.601389 0.076563 0.602778 0.074219 0.605556 0.065625 0.604167 0.061719 0.605556 0.058594 0.606944 0.054688 0.609722 0.053125 0.611111 0.051562 0.612500 0.042188 0.623611 0.039844 0.627778 0.034375 0.633333 0.036719 0.637500 0.039062 0.640278 0.042188 0.643056 0.046875 0.647222 0.052344 0.651389 0.054688 0.651389 0.057031 0.654167 0.060156 0.654167 0.061719 0.656944 0.065625 0.658333 0.072656 0.658333 0.085156 0.655556 0.085938 0.651389 0.088281 0.647222 0.089063 0.644444 0.089844 0.641667 0.090625 0.637500 0.090625 0.629167 0.092969 0.625000 0.096094 0.625000 0.103125 0.612500 0.104688 0.612500 0.106250 0.609722 0.108594 0.609722 0.112500 0.606944 0.114844 0.602778 0.117188 0.601389 0.118750 0.595833 0.115625 0.595833
21 0.147656 0.590278 0.139063 0.591667 0.131250 0.593056 0.130469 0.594444 0.128906 0.594444 0.128906 0.597222 0.125781 0.602778 0.125000 0.606944 0.121094 0.613889 0.117188 0.619444 0.115625 0.620833 0.113281 0.620833 0.112500 0.622222 0.110937 0.622222 0.110937 0.641667 0.111719 0.680556 0.113281 0.720833 0.113281 0.759722 0.114062 0.761111 0.114062 0.795833 0.121094 0.794444 0.142969 0.790278 0.164844 0.784722 0.171875 0.784722 0.178906 0.783333 0.179688 0.781944 0.185938 0.781944 0.187500 0.780556 0.187500 0.777778 0.186719 0.773611 0.185156 0.768056 0.184375 0.759722 0.183594 0.755556 0.181250 0.747222 0.183594 0.747222 0.185938 0.748611 0.186719 0.751389 0.186719 0.754167 0.187500 0.756944 0.188281 0.756944 0.189844 0.754167 0.192188 0.758333 0.190625 0.766667 0.194531 0.769444 0.193750 0.776389 0.192969 0.777778 0.192969 0.780556 0.198437 0.779167 0.198437 0.772222 0.197656 0.763889 0.195312 0.745833 0.191406 0.694444 0.189062 0.669444 0.185938 0.641667 0.183594 0.627778 0.183594 0.622222 0.182031 0.619444 0.179688 0.616667 0.174219 0.611111 0.157812 0.594444 0.153125 0.590278 0.147656 0.590278
21 0.999219 0.230556 0.997656 0.231944 0.992188 0.236111 0.979688 0.247222 0.972656 0.251389 0.932031 0.283333 0.917969 0.294444 0.916406 0.295833 0.914844 0.297222 0.910156 0.302778 0.903125 0.311111 0.900781 0.315278 0.897656 0.318056 0.895312 0.320833 0.893750 0.325000 0.894531 0.327778 0.896094 0.329167 0.897656 0.329167 0.899219 0.331944 0.900000 0.336111 0.905469 0.336111 0.912500 0.333333 0.920312 0.334722 0.921094 0.340278 0.921875 0.348611 0.923438 0.363889 0.924219 0.372222 0.925000 0.380556 0.925000 0.390278 0.924219 0.404167 0.923438 0.418056 0.922656 0.431944 0.921094 0.440278 0.911719 0.440278 0.901563 0.438889 0.890625 0.434722 0.891406 0.427778 0.889844 0.422222 0.885938 0.420833 0.884375 0.423611 0.883594 0.427778 0.882812 0.437500 0.880469 0.436111 0.880469 0.433333 0.877344 0.431944 0.876563 0.431944 0.875781 0.436111 0.874219 0.438889 0.864062 0.437500 0.864062 0.434722 0.864844 0.431944 0.863281 0.427778 0.857812 0.427778 0.856250 0.429167 0.854688 0.430556 0.849219 0.438889 0.847656 0.438889 0.845313 0.438889 0.846094 0.434722 0.843750 0.430556 0.841406 0.430556 0.837500 0.431944 0.837500 0.434722 0.836719 0.438889 0.835156 0.441667 0.833594 0.443056 0.827344 0.444444 0.815625 0.445833 0.809375 0.447222 0.804688 0.448611 0.801562 0.454167 0.801562 0.455556 0.797656 0.463889 0.792969 0.473611 0.779687 0.476389 0.778906 0.479167 0.777344 0.484722 0.772656 0.502778 0.771094 0.505556 0.769531 0.506944 0.765625 0.509722 0.760156 0.513889 0.725781 0.537500 0.716406 0.544444 0.709375 0.552778 0.707031 0.554167 0.704688 0.556944 0.707031 0.558333 0.710938 0.558333 0.712500 0.559722 0.713281 0.565278 0.720313 0.565278 0.722656 0.566667 0.725000 0.568056 0.727344 0.570833 0.729688 0.573611 0.732031 0.577778 0.733594 0.581944 0.735156 0.586111 0.735938 0.588889 0.737500 0.600000 0.738281 0.602778 0.739844 0.605556 0.745313 0.605556 0.747656 0.606944 0.750000 0.608333 0.751563 0.609722 0.753906 0.612500 0.756250 0.615278 0.758594 0.619444 0.761719 0.629167 0.764062 0.629167 0.765625 0.627778 0.769531 0.622222 0.771094 0.620833 0.773438 0.619444 0.775781 0.618056 0.779687 0.618056 0.783594 0.612500 0.785937 0.611111 0.788281 0.609722 0.796094 0.609722 0.798438 0.611111 0.800781 0.612500 0.802344 0.615278 0.810156 0.615278 0.812500 0.616667 0.814844 0.618056 0.816406 0.620833 0.817969 0.618056 0.820312 0.615278 0.821875 0.613889 0.824219 0.612500 0.826562 0.611111 0.837500 0.612500 0.839844 0.612500 0.845313 0.609722 0.850781 0.605556 0.858594 0.605556 0.864062 0.604167 0.865625 0.602778 0.867188 0.600000 0.869531 0.598611 0.871875 0.597222 0.882031 0.597222 0.885156 0.600000 0.887500 0.600000 0.889062 0.594444 0.891406 0.590278 0.893750 0.587500 0.896094 0.584722 0.898438 0.583333 0.900781 0.581944 0.908594 0.581944 0.909375 0.576389 0.910156 0.569444 0.911719 0.565278 0.913281 0.561111 0.915625 0.556944 0.917969 0.554167 0.920312 0.551389 0.922656 0.550000 0.925000 0.548611 0.931250 0.548611 0.931250 0.537500 0.932031 0.533333 0.932813 0.529167 0.934375 0.525000 0.935937 0.520833 0.938281 0.516667 0.940625 0.513889 0.942969 0.511111 0.945312 0.509722 0.947656 0.508333 0.955469 0.508333 0.957812 0.509722 0.960156 0.511111 0.962500 0.513889 0.964844 0.516667 0.967187 0.522222 0.969531 0.525000 0.971875 0.522222 0.973437 0.519444 0.975000 0.513889 0.980469 0.504167 0.983594 0.495833 0.985938 0.491667 0.986719 0.491667 0.988281 0.488889 0.988281 0.487500 0.990625 0.483333 0.992969 0.480556 0.995313 0.477778 0.997656 0.476389 0.999219 0.473611 0.999219 0.230556
2 0.278906 0.779167 0.278906 0.791667 0.279687 0.804167 0.280469 0.805556 0.280469 0.811111 0.282813 0.811111 0.284375 0.813889 0.289844 0.813889 0.291406 0.811111 0.292187 0.806944 0.296094 0.805556 0.296875 0.804167 0.299219 0.804167 0.299219 0.801389 0.300781 0.798611 0.303125 0.797222 0.300781 0.790278 0.300781 0.784722 0.290625 0.784722 0.288281 0.783333 0.285938 0.780556 0.283594 0.779167 0.278906 0.779167
2 0.411719 0.754167 0.396094 0.758333 0.391406 0.759722 0.387500 0.761111 0.385937 0.762500 0.385156 0.766667 0.384375 0.768056 0.383594 0.773611 0.382812 0.776389 0.381250 0.779167 0.379688 0.779167 0.378125 0.781944 0.378125 0.784722 0.379688 0.787500 0.380469 0.809722 0.380469 0.829167 0.381250 0.838889 0.382031 0.841667 0.390625 0.840278 0.391406 0.837500 0.392188 0.826389 0.404687 0.825000 0.407813 0.825000 0.410938 0.827778 0.414062 0.827778 0.416406 0.823611 0.423438 0.823611 0.425000 0.826389 0.425000 0.840278 0.426563 0.843056 0.426563 0.844444 0.432812 0.845833 0.435156 0.843056 0.435156 0.837500 0.434375 0.809722 0.433594 0.797222 0.432031 0.788889 0.429688 0.776389 0.428125 0.769444 0.425781 0.761111 0.422656 0.755556 0.417187 0.754167 0.411719 0.754167
20 0.106250 0.873611 0.105469 0.875000 0.100781 0.875000 0.102344 0.876389 0.103906 0.879167 0.104688 0.883333 0.104688 0.886111 0.107813 0.886111 0.108594 0.884722 0.111719 0.884722 0.111719 0.876389 0.110937 0.873611 0.106250 0.873611
20 0.203906 0.852778 0.197656 0.854167 0.196875 0.855556 0.192969 0.855556 0.191406 0.866667 0.189844 0.863889 0.189844 0.856944 0.184375 0.856944 0.177344 0.859722 0.171094 0.859722 0.151562 0.863889 0.132031 0.869444 0.125781 0.869444 0.119531 0.870833 0.118750 0.872222 0.115625 0.872222 0.116406 0.883333 0.120313 0.883333 0.126562 0.881944 0.139844 0.879167 0.165625 0.873611 0.191406 0.866667 0.197656 0.866667 0.204687 0.863889 0.203906 0.852778
20 0.439063 0.763889 0.439063 0.770833 0.439844 0.772222 0.439063 0.781944 0.442188 0.784722 0.446875 0.787500 0.457813 0.793056 0.478906 0.806944 0.533594 0.844444 0.554688 0.858333 0.570312 0.868056 0.601562 0.887500 0.630469 0.905556 0.768750 0.991667 0.775781 0.995833 0.814063 0.997222 0.863281 0.998611 0.999219 0.998611 0.999219 0.893056 0.996094 0.894444 0.989844 0.897222 0.973437 0.904167 0.950781 0.915278 0.935156 0.920833 0.934375 0.922222 0.932813 0.922222 0.931250 0.919444 0.930469 0.915278 0.930469 0.912500 0.928906 0.906944 0.919531 0.905556 0.892188 0.902778 0.882812 0.901389 0.879687 0.898611 0.879687 0.875000 0.878906 0.873611 0.878906 0.866667 0.874219 0.868056 0.855469 0.873611 0.814063 0.887500 0.809375 0.888889 0.803125 0.888889 0.796094 0.887500 0.791406 0.886111 0.778906 0.881944 0.753906 0.873611 0.672656 0.847222 0.657031 0.841667 0.635156 0.833333 0.579688 0.811111 0.567969 0.806944 0.561719 0.805556 0.553125 0.806944 0.542188 0.804167 0.532031 0.802778 0.526563 0.804167 0.523438 0.802778 0.520312 0.801389 0.514062 0.797222 0.508594 0.795833 0.507812 0.794444 0.505469 0.794444 0.503906 0.793056 0.505469 0.802778 0.505469 0.815278 0.493750 0.813889 0.492969 0.811111 0.492969 0.802778 0.492188 0.793056 0.491406 0.791667 0.491406 0.787500 0.489844 0.787500 0.489063 0.786111 0.485938 0.784722 0.479687 0.781944 0.458594 0.773611 0.457813 0.772222 0.456250 0.772222 0.457031 0.781944 0.456250 0.788889 0.450000 0.787500 0.449219 0.781944 0.449219 0.770833 0.448437 0.768056 0.446094 0.768056 0.442188 0.765278 0.439063 0.763889
20 0.425000 0.758333 0.427344 0.763889 0.428906 0.769444 0.428906 0.772222 0.430469 0.777778 0.434375 0.779167 0.435937 0.780556 0.435937 0.775000 0.434375 0.762500 0.432812 0.761111 0.427344 0.759722 0.426563 0.758333 0.425000 0.758333
20 0.392188 0.755556 0.389844 0.756944 0.386719 0.759722 0.385156 0.759722 0.375781 0.765278 0.372656 0.768056 0.371094 0.769444 0.368750 0.775000 0.367969 0.772222 0.366406 0.773611 0.362500 0.777778 0.359375 0.779167 0.357812 0.780556 0.357031 0.790278 0.354687 0.791667 0.353125 0.786111 0.353125 0.783333 0.351562 0.783333 0.348438 0.786111 0.346875 0.786111 0.346094 0.800000 0.344531 0.800000 0.342969 0.797222 0.342969 0.788889 0.341406 0.790278 0.334375 0.793056 0.325000 0.798611 0.321875 0.801389 0.321875 0.805556 0.321094 0.806944 0.320312 0.812500 0.314844 0.811111 0.314844 0.804167 0.312500 0.805556 0.307812 0.808333 0.295312 0.816667 0.289844 0.819444 0.284375 0.820833 0.278906 0.825000 0.272656 0.827778 0.235156 0.844444 0.230469 0.845833 0.221875 0.847222 0.217969 0.848611 0.215625 0.850000 0.216406 0.856944 0.217188 0.858333 0.217188 0.861111 0.223438 0.861111 0.229687 0.859722 0.235937 0.858333 0.241406 0.856944 0.249219 0.854167 0.276562 0.844444 0.283594 0.841667 0.285938 0.840278 0.300000 0.829167 0.308594 0.823611 0.325781 0.812500 0.351562 0.797222 0.357812 0.793056 0.360156 0.791667 0.364063 0.787500 0.367969 0.783333 0.378125 0.772222 0.384375 0.765278 0.385156 0.763889 0.385156 0.762500 0.385937 0.761111 0.387500 0.759722 0.389062 0.759722 0.390625 0.758333 0.392188 0.755556
23 0.108594 0.825000 0.105469 0.827778 0.103906 0.829167 0.103125 0.830556 0.102344 0.833333 0.101562 0.837500 0.100000 0.840278 0.099219 0.843056 0.098437 0.845833 0.097656 0.850000 0.097656 0.862500 0.099219 0.865278 0.100781 0.869444 0.100000 0.873611 0.105469 0.873611 0.106250 0.872222 0.110937 0.872222 0.110937 0.850000 0.110156 0.848611 0.110156 0.825000 0.108594 0.825000
23 0.107031 0.797222 0.106250 0.798611 0.103906 0.798611 0.104688 0.801389 0.104688 0.802778 0.107813 0.804167 0.108594 0.802778 0.110156 0.802778 0.108594 0.801389 0.108594 0.797222 0.107031 0.797222
23 0.179688 0.783333 0.164844 0.786111 0.135937 0.791667 0.121875 0.794444 0.113281 0.802778 0.114844 0.802778 0.117188 0.806944 0.117188 0.812500 0.116406 0.816667 0.114062 0.820833 0.114062 0.834722 0.114844 0.854167 0.115625 0.855556 0.115625 0.870833 0.118750 0.870833 0.125000 0.869444 0.132031 0.868056 0.171094 0.858333 0.177344 0.858333 0.184375 0.855556 0.189844 0.855556 0.189844 0.836111 0.187500 0.823611 0.185938 0.811111 0.185938 0.801389 0.187500 0.790278 0.187500 0.781944 0.179688 0.783333
23 0.193750 0.780556 0.192188 0.783333 0.192188 0.788889 0.190625 0.795833 0.190625 0.822222 0.192188 0.827778 0.192969 0.833333 0.192969 0.854167 0.196875 0.854167 0.203125 0.852778 0.204687 0.851389 0.204687 0.848611 0.203906 0.838889 0.203125 0.829167 0.200781 0.809722 0.200000 0.791667 0.198437 0.780556 0.193750 0.780556
23 0.278125 0.756944 0.274219 0.763889 0.270313 0.765278 0.265625 0.766667 0.255469 0.769444 0.250000 0.770833 0.243750 0.772222 0.228906 0.775000 0.221875 0.775000 0.221094 0.776389 0.216406 0.776389 0.216406 0.779167 0.215625 0.780556 0.215625 0.801389 0.212500 0.811111 0.212500 0.819444 0.213281 0.836111 0.214062 0.837500 0.214062 0.848611 0.217188 0.848611 0.230469 0.844444 0.235156 0.843056 0.241406 0.840278 0.275781 0.825000 0.278906 0.823611 0.279687 0.822222 0.281250 0.822222 0.281250 0.819444 0.280469 0.812500 0.278906 0.804167 0.278125 0.791667 0.278906 0.777778 0.278906 0.769444 0.278125 0.756944
23 0.554688 0.740278 0.519531 0.741667 0.511719 0.744444 0.504687 0.744444 0.503906 0.745833 0.500000 0.745833 0.500000 0.750000 0.500781 0.761111 0.501563 0.772222 0.502344 0.773611 0.502344 0.783333 0.503125 0.784722 0.503125 0.790278 0.504687 0.791667 0.507031 0.793056 0.512500 0.795833 0.523438 0.801389 0.527344 0.802778 0.532031 0.801389 0.542188 0.802778 0.553125 0.805556 0.560937 0.805556 0.560937 0.798611 0.560156 0.787500 0.558594 0.763889 0.557813 0.751389 0.556250 0.740278 0.554688 0.740278
23 0.720313 0.712500 0.712500 0.713889 0.711719 0.715278 0.696875 0.716667 0.696094 0.718056 0.657813 0.725000 0.642188 0.727778 0.618750 0.731944 0.610156 0.731944 0.603125 0.733333 0.582812 0.737500 0.575781 0.740278 0.569531 0.740278 0.568750 0.741667 0.564063 0.741667 0.564063 0.744444 0.564844 0.756944 0.566406 0.783333 0.567187 0.795833 0.568750 0.806944 0.572656 0.808333 0.579688 0.809722 0.594531 0.816667 0.605469 0.819444 0.657031 0.840278 0.672656 0.845833 0.689844 0.851389 0.791406 0.884722 0.796094 0.886111 0.812500 0.886111 0.821094 0.883333 0.841406 0.876389 0.861719 0.868056 0.865625 0.868056 0.874219 0.863889 0.877344 0.863889 0.877344 0.850000 0.875781 0.829167 0.875000 0.808333 0.875781 0.798611 0.896094 0.798611 0.895312 0.791667 0.894531 0.786111 0.892188 0.770833 0.885156 0.725000 0.883594 0.719444 0.877344 0.719444 0.867188 0.720833 0.846875 0.723611 0.826562 0.727778 0.796094 0.731944 0.778906 0.731944 0.734375 0.727778 0.718750 0.725000 0.721875 0.719444 0.722656 0.712500 0.720313 0.712500
24 0.113281 0.819444 0.111719 0.822222 0.110156 0.823611 0.110937 0.848611 0.112500 0.901389 0.113281 0.926389 0.114062 0.927778 0.114062 0.931944 0.117188 0.931944 0.117188 0.913889 0.116406 0.894444 0.114844 0.855556 0.114062 0.836111 0.113281 0.834722 0.113281 0.819444
24 0.446875 0.723611 0.446875 0.730556 0.447656 0.743056 0.448437 0.756944 0.449219 0.769444 0.450000 0.770833 0.450000 0.781944 0.450781 0.783333 0.450781 0.787500 0.456250 0.787500 0.456250 0.781944 0.455469 0.772222 0.453906 0.750000 0.452344 0.738889 0.452344 0.729167 0.451562 0.727778 0.451562 0.723611 0.446875 0.723611
24 0.363281 0.665278 0.363281 0.676389 0.364844 0.693056 0.367188 0.752778 0.367969 0.754167 0.367969 0.768056 0.368750 0.769444 0.369531 0.773611 0.369531 0.756944 0.367969 0.737500 0.368750 0.718056 0.370312 0.719444 0.370312 0.698611 0.369531 0.697222 0.369531 0.688889 0.367969 0.688889 0.367969 0.694444 0.367969 0.719444 0.366406 0.700000 0.366406 0.681944 0.365625 0.680556 0.365625 0.665278 0.363281 0.665278
24 0.346094 0.644444 0.346094 0.650000 0.346875 0.665278 0.348438 0.694444 0.350000 0.720833 0.351562 0.747222 0.353125 0.773611 0.353906 0.786111 0.354687 0.790278 0.357031 0.788889 0.357031 0.779167 0.356250 0.759722 0.354687 0.744444 0.352344 0.727778 0.351562 0.719444 0.350781 0.708333 0.350000 0.693056 0.349219 0.663889 0.348438 0.662500 0.348438 0.648611 0.347656 0.647222 0.347656 0.644444 0.346094 0.644444
24 0.108594 0.620833 0.107031 0.622222 0.106250 0.650000 0.107031 0.688889 0.107813 0.727778 0.108594 0.729167 0.108594 0.766667 0.109375 0.768056 0.109375 0.801389 0.114062 0.801389 0.113281 0.761111 0.112500 0.720833 0.111719 0.681944 0.110937 0.680556 0.110937 0.643056 0.110156 0.641667 0.110156 0.620833 0.108594 0.620833
24 0.340625 0.616667 0.338281 0.618056 0.338281 0.633333 0.339062 0.656944 0.339844 0.681944 0.342187 0.752778 0.342969 0.776389 0.344531 0.798611 0.346094 0.798611 0.346094 0.780556 0.345313 0.755556 0.342969 0.681944 0.341406 0.656944 0.341406 0.633333 0.340625 0.631944 0.340625 0.616667
24 0.417187 0.615278 0.417187 0.622222 0.417969 0.623611 0.417969 0.631944 0.421094 0.659722 0.421875 0.677778 0.423438 0.687500 0.423438 0.695833 0.424219 0.693056 0.425000 0.691667 0.425000 0.684722 0.424219 0.673611 0.420312 0.633333 0.420312 0.623611 0.419531 0.622222 0.419531 0.615278 0.417187 0.615278
24 0.424219 0.595833 0.425000 0.606944 0.428125 0.655556 0.429688 0.679167 0.431250 0.702778 0.432031 0.713889 0.432812 0.725000 0.435156 0.747222 0.435937 0.756944 0.435156 0.762500 0.435937 0.773611 0.436719 0.775000 0.436719 0.783333 0.439063 0.780556 0.439063 0.772222 0.438281 0.770833 0.437500 0.748611 0.433594 0.702778 0.429688 0.645833 0.429688 0.634722 0.428125 0.612500 0.427344 0.611111 0.427344 0.601389 0.426563 0.600000 0.426563 0.594444 0.424219 0.595833
24 0.434375 0.526389 0.432812 0.526389 0.433594 0.538889 0.434375 0.551389 0.436719 0.586111 0.437500 0.597222 0.438281 0.608333 0.440625 0.637500 0.443750 0.676389 0.444531 0.677778 0.444531 0.686111 0.445312 0.687500 0.445312 0.690278 0.448437 0.690278 0.448437 0.680556 0.446875 0.669444 0.446094 0.648611 0.442969 0.606944 0.442188 0.598611 0.438281 0.569444 0.437500 0.555556 0.437500 0.543056 0.436719 0.541667 0.436719 0.529167 0.435937 0.527778 0.435937 0.525000 0.434375 0.526389
24 0.440625 0.229167 0.438281 0.233333 0.438281 0.236111 0.439844 0.244444 0.442188 0.270833 0.447656 0.312500 0.464844 0.461111 0.465625 0.468056 0.466406 0.475000 0.468750 0.501389 0.475781 0.576389 0.478906 0.611111 0.479687 0.620833 0.482031 0.651389 0.482812 0.661111 0.485938 0.701389 0.488281 0.741667 0.491406 0.781944 0.492969 0.801389 0.493750 0.802778 0.493750 0.811111 0.494531 0.813889 0.505469 0.813889 0.504687 0.802778 0.503906 0.794444 0.502344 0.790278 0.501563 0.783333 0.500781 0.772222 0.499219 0.740278 0.498437 0.730556 0.495312 0.694444 0.492969 0.666667 0.489844 0.630556 0.485156 0.576389 0.484375 0.568056 0.483594 0.559722 0.481250 0.538889 0.475000 0.481944 0.464062 0.383333 0.459375 0.341667 0.457813 0.329167 0.456250 0.316667 0.451562 0.286111 0.447656 0.255556 0.446094 0.243056 0.446094 0.237500 0.445312 0.236111 0.445312 0.231944 0.442188 0.229167 0.440625 0.229167
