23 0.676562 0.404167 0.675781 0.425000 0.675781 0.437500 0.678125 0.437500 0.678906 0.438889 0.682031 0.438889 0.685937 0.441667 0.691406 0.443056 0.703125 0.445833 0.709375 0.447222 0.711719 0.445833 0.712500 0.436111 0.711719 0.405556 0.694531 0.404167 0.676562 0.404167
23 0.641406 0.398611 0.641406 0.425000 0.642969 0.426389 0.646094 0.427778 0.660937 0.434722 0.664062 0.436111 0.667969 0.437500 0.667969 0.426389 0.668750 0.425000 0.668750 0.401389 0.659375 0.401389 0.648438 0.398611 0.641406 0.398611
30 0.740625 0.323611 0.740625 0.327778 0.739844 0.329167 0.739844 0.331944 0.748437 0.333333 0.752344 0.333333 0.752344 0.327778 0.753125 0.326389 0.753125 0.323611 0.740625 0.323611
30 0.596875 0.250000 0.597656 0.265278 0.621875 0.266667 0.625000 0.266667 0.625000 0.263889 0.625781 0.262500 0.625781 0.252778 0.616406 0.251389 0.614844 0.251389 0.613281 0.254167 0.609375 0.252778 0.604688 0.251389 0.603906 0.250000 0.596875 0.250000
25 0.540625 0.361111 0.538281 0.365278 0.538281 0.369444 0.542969 0.369444 0.546875 0.370833 0.550000 0.376389 0.553125 0.373611 0.553125 0.368056 0.550781 0.363889 0.546094 0.365278 0.543750 0.361111 0.540625 0.361111
25 0.316406 0.358333 0.307812 0.359722 0.304688 0.365278 0.303906 0.372222 0.303906 0.377778 0.306250 0.381944 0.311719 0.383333 0.349219 0.383333 0.350781 0.381944 0.350781 0.359722 0.348438 0.359722 0.347656 0.358333 0.316406 0.358333
25 0.613281 0.275000 0.613281 0.293056 0.614844 0.295833 0.617969 0.295833 0.620313 0.291667 0.620313 0.286111 0.617969 0.281944 0.616406 0.281944 0.613281 0.275000
25 0.614062 0.266667 0.614844 0.272222 0.617969 0.272222 0.620313 0.266667 0.614062 0.266667
25 0.615625 0.231944 0.615625 0.234722 0.614844 0.236111 0.614844 0.250000 0.616406 0.250000 0.617188 0.251389 0.620313 0.251389 0.620313 0.243056 0.618750 0.240278 0.618750 0.236111 0.615625 0.231944
25 0.280469 0.166667 0.280469 0.195833 0.279687 0.197222 0.279687 0.230556 0.282813 0.227778 0.285156 0.225000 0.286719 0.222222 0.288281 0.218056 0.289844 0.213889 0.290625 0.209722 0.291406 0.205556 0.291406 0.191667 0.290625 0.187500 0.289844 0.183333 0.288281 0.179167 0.286719 0.175000 0.285156 0.172222 0.282031 0.169444 0.280469 0.166667
25 0.385937 0.145833 0.388281 0.150000 0.388281 0.155556 0.385937 0.159722 0.382031 0.158333 0.378906 0.163889 0.375781 0.165278 0.379688 0.166667 0.382031 0.168056 0.383594 0.169444 0.385156 0.170833 0.387500 0.173611 0.389844 0.176389 0.394531 0.184722 0.396875 0.187500 0.398438 0.188889 0.401562 0.190278 0.403125 0.191667 0.404687 0.194444 0.406250 0.195833 0.407813 0.197222 0.410156 0.198611 0.413281 0.193056 0.414844 0.191667 0.417187 0.190278 0.421875 0.188889 0.426563 0.188889 0.434375 0.191667 0.435937 0.191667 0.439063 0.188889 0.443750 0.188889 0.446094 0.190278 0.447656 0.191667 0.451562 0.198611 0.453125 0.200000 0.454688 0.213889 0.444531 0.212500 0.443750 0.252778 0.453906 0.254167 0.454688 0.213889 0.453125 0.200000 0.456250 0.200000 0.458594 0.201389 0.462500 0.204167 0.464062 0.205556 0.465625 0.206944 0.467969 0.209722 0.470313 0.212500 0.473438 0.218056 0.476562 0.226389 0.477344 0.229167 0.478125 0.231944 0.478906 0.236111 0.479687 0.243056 0.479687 0.256944 0.478906 0.263889 0.477344 0.269444 0.476562 0.272222 0.480469 0.277778 0.480469 0.283333 0.478125 0.287500 0.474219 0.286111 0.471094 0.291667 0.469531 0.291667 0.468750 0.298611 0.466406 0.302778 0.463281 0.302778 0.460156 0.305556 0.457031 0.305556 0.455469 0.302778 0.453125 0.305556 0.453906 0.313889 0.452344 0.316667 0.453906 0.319444 0.455469 0.319444 0.458594 0.325000 0.458594 0.330556 0.457813 0.336111 0.455469 0.340278 0.452344 0.341667 0.446094 0.354167 0.442969 0.354167 0.440625 0.350000 0.440625 0.347222 0.438281 0.343056 0.437500 0.340278 0.437500 0.333333 0.439844 0.329167 0.435937 0.331944 0.433594 0.333333 0.435156 0.336111 0.435156 0.341667 0.433594 0.344444 0.433594 0.358333 0.431250 0.362500 0.428125 0.362500 0.425000 0.356944 0.421094 0.359722 0.420312 0.355556 0.418750 0.354167 0.417187 0.352778 0.414844 0.352778 0.417187 0.347222 0.418750 0.347222 0.418750 0.341667 0.415625 0.337500 0.415625 0.331944 0.418750 0.326389 0.414844 0.319444 0.413281 0.319444 0.410156 0.322222 0.406250 0.323611 0.398438 0.323611 0.394531 0.322222 0.392188 0.320833 0.390625 0.319444 0.389062 0.318056 0.386719 0.315278 0.384375 0.312500 0.380469 0.305556 0.379688 0.315278 0.378125 0.318056 0.378125 0.331944 0.377344 0.337500 0.376563 0.343056 0.375000 0.347222 0.375000 0.356944 0.373437 0.361111 0.371875 0.365278 0.370312 0.369444 0.370312 0.375000 0.368750 0.377778 0.368750 0.380556 0.367969 0.383333 0.365625 0.387500 0.365625 0.394444 0.363281 0.398611 0.360156 0.398611 0.357812 0.394444 0.357812 0.388889 0.360156 0.384722 0.360156 0.375000 0.360938 0.369444 0.362500 0.362500 0.365625 0.355556 0.366406 0.352778 0.367188 0.345833 0.367188 0.338889 0.368750 0.336111 0.368750 0.327778 0.370312 0.319444 0.370312 0.308333 0.371875 0.305556 0.370312 0.301389 0.370312 0.295833 0.372656 0.291667 0.367969 0.290278 0.359375 0.291667 0.358594 0.237500 0.354687 0.236111 0.353906 0.268056 0.353125 0.269444 0.353125 0.291667 0.351562 0.291667 0.350781 0.293056 0.345313 0.291667 0.342187 0.293056 0.339062 0.288889 0.339062 0.281944 0.342187 0.276389 0.342187 0.273611 0.339062 0.266667 0.338281 0.263889 0.337500 0.261111 0.337500 0.258333 0.333594 0.256944 0.331250 0.252778 0.324219 0.263889 0.321094 0.263889 0.318750 0.259722 0.317188 0.256944 0.314844 0.252778 0.314063 0.248611 0.310937 0.244444 0.310937 0.238889 0.313281 0.234722 0.316406 0.234722 0.318750 0.238889 0.319531 0.243056 0.322656 0.247222 0.324219 0.244444 0.325000 0.244444 0.330469 0.234722 0.332813 0.234722 0.334375 0.231944 0.332813 0.229167 0.332813 0.225000 0.330469 0.219444 0.328125 0.218056 0.323437 0.209722 0.323437 0.204167 0.326562 0.198611 0.326562 0.195833 0.328906 0.191667 0.332813 0.191667 0.335156 0.195833 0.334375 0.202778 0.338281 0.208333 0.341406 0.202778 0.341406 0.198611 0.346094 0.190278 0.348438 0.188889 0.350781 0.183333 0.349219 0.180556 0.349219 0.175000 0.351562 0.170833 0.353125 0.170833 0.356250 0.165278 0.359375 0.165278 0.360938 0.168056 0.362500 0.168056 0.364844 0.163889 0.368750 0.165278 0.371094 0.162500 0.373437 0.161111 0.372656 0.154167 0.375000 0.150000 0.378906 0.150000 0.382812 0.145833 0.385937 0.145833
25 0.575781 0.102778 0.571875 0.104167 0.569531 0.105556 0.567187 0.108333 0.564844 0.108333 0.560156 0.116667 0.558594 0.118056 0.556250 0.119444 0.552344 0.118056 0.550781 0.120833 0.548438 0.120833 0.544531 0.126389 0.540625 0.133333 0.540625 0.136111 0.538281 0.141667 0.535937 0.147222 0.533594 0.151389 0.530469 0.154167 0.527344 0.159722 0.525781 0.163889 0.524219 0.168056 0.523438 0.170833 0.522656 0.173611 0.521875 0.177778 0.521094 0.184722 0.520312 0.194444 0.520312 0.208333 0.521094 0.215278 0.521875 0.219444 0.522656 0.222222 0.525000 0.227778 0.521094 0.230556 0.519531 0.231944 0.514844 0.237500 0.511719 0.243056 0.510156 0.247222 0.508594 0.251389 0.507812 0.254167 0.507031 0.256944 0.506250 0.261111 0.506250 0.266667 0.505469 0.269444 0.500781 0.270833 0.498437 0.272222 0.496875 0.273611 0.492969 0.280556 0.492188 0.283333 0.492188 0.286111 0.491406 0.288889 0.487500 0.295833 0.486719 0.298611 0.485938 0.302778 0.485938 0.311111 0.486719 0.315278 0.487500 0.318056 0.491406 0.325000 0.492969 0.326389 0.494531 0.326389 0.496094 0.327778 0.496875 0.329167 0.497656 0.333333 0.501563 0.340278 0.503125 0.341667 0.505469 0.343056 0.510156 0.343056 0.512500 0.341667 0.514062 0.340278 0.517969 0.333333 0.518750 0.330556 0.519531 0.326389 0.520312 0.318056 0.521875 0.319444 0.523438 0.320833 0.524219 0.322222 0.525000 0.325000 0.525000 0.327778 0.525781 0.330556 0.529687 0.337500 0.531250 0.338889 0.533594 0.340278 0.538281 0.340278 0.541406 0.337500 0.543750 0.338889 0.540625 0.344444 0.540625 0.351389 0.542969 0.355556 0.546875 0.355556 0.549219 0.359722 0.552344 0.359722 0.554688 0.355556 0.554688 0.350000 0.552344 0.345833 0.549219 0.345833 0.546875 0.341667 0.550000 0.336111 0.550000 0.330556 0.546875 0.325000 0.550000 0.323611 0.550781 0.325000 0.553906 0.325000 0.557031 0.326389 0.559375 0.331944 0.557813 0.334722 0.558594 0.341667 0.557813 0.350000 0.559375 0.352778 0.557813 0.355556 0.557813 0.361111 0.559375 0.365278 0.557813 0.368056 0.558594 0.377778 0.560937 0.377778 0.563281 0.381944 0.565625 0.377778 0.565625 0.368056 0.564063 0.363889 0.565625 0.361111 0.565625 0.355556 0.564063 0.352778 0.565625 0.350000 0.564844 0.341667 0.565625 0.334722 0.564063 0.330556 0.567187 0.325000 0.570312 0.325000 0.571875 0.326389 0.572656 0.333333 0.575000 0.337500 0.576562 0.341667 0.575000 0.341667 0.572656 0.345833 0.572656 0.351389 0.571094 0.354167 0.570312 0.362500 0.569531 0.372222 0.569531 0.387500 0.570312 0.388889 0.570312 0.402778 0.571875 0.402778 0.572656 0.404167 0.577344 0.405556 0.578125 0.383333 0.576562 0.370833 0.578125 0.368056 0.578125 0.361111 0.578906 0.354167 0.580469 0.351389 0.581250 0.345833 0.585156 0.347222 0.587500 0.343056 0.587500 0.337500 0.585938 0.333333 0.587500 0.330556 0.587500 0.326389 0.589844 0.322222 0.590625 0.318056 0.593750 0.318056 0.596094 0.316667 0.597656 0.315278 0.599219 0.313889 0.601562 0.311111 0.603906 0.308333 0.606250 0.304167 0.607031 0.286111 0.607031 0.266667 0.596875 0.265278 0.596094 0.250000 0.604688 0.250000 0.610156 0.248611 0.609375 0.231944 0.606250 0.231944 0.604688 0.234722 0.603125 0.233333 0.600781 0.230556 0.599219 0.227778 0.601562 0.223611 0.603125 0.218056 0.605469 0.209722 0.606250 0.205556 0.607031 0.201389 0.607812 0.194444 0.607812 0.186111 0.610938 0.180556 0.610938 0.175000 0.607812 0.170833 0.607031 0.168056 0.609375 0.159722 0.609375 0.151389 0.608594 0.147222 0.606250 0.141667 0.605469 0.133333 0.604688 0.130556 0.603906 0.127778 0.600781 0.119444 0.597656 0.113889 0.595313 0.111111 0.592969 0.108333 0.591406 0.106944 0.589844 0.105556 0.587500 0.104167 0.583594 0.102778 0.575781 0.102778
25 0.282813 0.008333 0.282813 0.037500 0.282031 0.038889 0.282031 0.083333 0.283594 0.080556 0.286719 0.077778 0.288281 0.075000 0.289844 0.070833 0.291406 0.066667 0.292187 0.062500 0.292969 0.058333 0.292969 0.044444 0.292187 0.040278 0.291406 0.036111 0.289844 0.031944 0.288281 0.027778 0.286719 0.025000 0.285938 0.025000 0.283594 0.020833 0.283594 0.012500 0.282813 0.011111 0.282813 0.008333
25 0.155469 0.002778 0.153125 0.004167 0.150781 0.005556 0.148438 0.008333 0.146094 0.011111 0.144531 0.013889 0.144531 0.015278 0.142969 0.018056 0.139063 0.019444 0.136719 0.022222 0.134375 0.025000 0.132812 0.027778 0.132812 0.029167 0.130469 0.033333 0.128906 0.030556 0.128906 0.029167 0.127344 0.026389 0.125000 0.023611 0.122656 0.020833 0.120313 0.019444 0.117969 0.018056 0.110156 0.018056 0.109375 0.019444 0.107813 0.019444 0.107031 0.022222 0.106250 0.084722 0.108594 0.087500 0.108594 0.097222 0.109375 0.101389 0.110156 0.105556 0.111719 0.109722 0.113281 0.113889 0.114844 0.116667 0.115625 0.116667 0.117188 0.119444 0.117969 0.122222 0.118750 0.129167 0.120313 0.133333 0.121875 0.137500 0.123438 0.140278 0.125781 0.143056 0.128125 0.145833 0.130469 0.147222 0.132812 0.148611 0.141406 0.147222 0.143750 0.148611 0.143750 0.150000 0.145313 0.154167 0.146875 0.156944 0.149219 0.159722 0.151562 0.162500 0.155469 0.163889 0.157031 0.165278 0.157031 0.150000 0.157812 0.148611 0.157812 0.090278 0.159375 0.030556 0.159375 0.002778 0.155469 0.002778
25 0.900000 0.000000 0.900000 0.005556 0.897656 0.009722 0.900781 0.016667 0.908594 0.029167 0.910156 0.036111 0.910937 0.040278 0.910937 0.045833 0.911719 0.050000 0.913281 0.052778 0.914062 0.059722 0.917188 0.066667 0.917188 0.069444 0.918750 0.073611 0.920312 0.076389 0.921094 0.062500 0.921875 0.058333 0.923438 0.055556 0.923438 0.050000 0.924219 0.044444 0.925000 0.041667 0.926562 0.038889 0.926562 0.036111 0.928125 0.031944 0.930469 0.027778 0.930469 0.025000 0.932813 0.020833 0.933594 0.018056 0.929688 0.011111 0.925781 0.011111 0.923438 0.006944 0.923438 0.001389 0.931250 0.000000 0.932813 0.002778 0.936719 0.002778 0.938281 0.000000 0.944531 0.000000 0.946875 0.002778 0.949219 0.006944 0.949219 0.012500 0.950781 0.015278 0.950781 0.020833 0.949219 0.023611 0.945312 0.026389 0.942969 0.020833 0.940625 0.025000 0.940625 0.027778 0.938281 0.031944 0.937500 0.036111 0.934375 0.041667 0.934375 0.044444 0.932031 0.048611 0.931250 0.056944 0.931250 0.059722 0.934375 0.058333 0.934375 0.055556 0.935937 0.052778 0.935937 0.050000 0.938281 0.044444 0.942187 0.036111 0.943750 0.029167 0.945312 0.026389 0.949219 0.023611 0.952344 0.025000 0.954688 0.029167 0.954688 0.034722 0.952344 0.038889 0.950000 0.040278 0.947656 0.048611 0.944531 0.054167 0.942969 0.058333 0.942187 0.063889 0.939844 0.069444 0.937500 0.073611 0.935937 0.079167 0.934375 0.081944 0.938281 0.080556 0.939844 0.080556 0.944531 0.076389 0.946875 0.072222 0.950781 0.072222 0.953125 0.076389 0.953125 0.081944 0.949219 0.088889 0.947656 0.090278 0.946094 0.090278 0.943750 0.094444 0.940625 0.094444 0.935937 0.098611 0.932813 0.101389 0.930469 0.104167 0.928125 0.108333 0.927344 0.111111 0.927344 0.120833 0.925781 0.123611 0.925781 0.136111 0.925000 0.140278 0.923438 0.143056 0.923438 0.202778 0.925000 0.205556 0.925781 0.211111 0.925781 0.218056 0.927344 0.220833 0.930469 0.216667 0.935937 0.211111 0.939063 0.205556 0.940625 0.205556 0.942187 0.204167 0.948438 0.194444 0.950000 0.188889 0.950000 0.184722 0.951562 0.177778 0.955469 0.170833 0.955469 0.168056 0.958594 0.162500 0.958594 0.156944 0.961719 0.150000 0.961719 0.145833 0.964063 0.141667 0.960938 0.136111 0.960938 0.130556 0.963281 0.126389 0.970313 0.126389 0.977344 0.127778 0.979688 0.131944 0.979688 0.137500 0.977344 0.141667 0.974219 0.141667 0.973437 0.145833 0.969531 0.152778 0.969531 0.155556 0.970313 0.162500 0.969531 0.166667 0.967969 0.169444 0.967187 0.172222 0.967187 0.177778 0.964844 0.183333 0.961719 0.190278 0.957812 0.195833 0.957031 0.197222 0.956250 0.200000 0.956250 0.202778 0.954688 0.206944 0.951562 0.212500 0.950781 0.219444 0.948438 0.225000 0.943750 0.233333 0.943750 0.237500 0.941406 0.241667 0.939063 0.241667 0.937500 0.244444 0.937500 0.247222 0.934375 0.252778 0.932813 0.256944 0.932031 0.259722 0.930469 0.266667 0.930469 0.283333 0.932031 0.294444 0.932813 0.302778 0.932031 0.309722 0.932813 0.318056 0.932031 0.341667 0.930469 0.350000 0.929688 0.356944 0.929688 0.362500 0.932031 0.366667 0.932813 0.369444 0.932813 0.373611 0.933594 0.377778 0.934375 0.380556 0.937500 0.386111 0.937500 0.398611 0.935156 0.402778 0.932031 0.402778 0.929688 0.398611 0.928906 0.402778 0.931250 0.406944 0.931250 0.420833 0.930469 0.427778 0.928906 0.430556 0.928906 0.448611 0.927344 0.451389 0.926562 0.456944 0.925781 0.461111 0.925781 0.475000 0.917969 0.475000 0.917188 0.470833 0.917969 0.458333 0.919531 0.452778 0.919531 0.445833 0.921094 0.443056 0.921094 0.427778 0.921875 0.422222 0.923438 0.418056 0.923438 0.415278 0.921094 0.411111 0.921094 0.393056 0.919531 0.390278 0.917188 0.376389 0.917188 0.366667 0.915625 0.363889 0.914844 0.358333 0.915625 0.327778 0.915625 0.311111 0.914844 0.284722 0.915625 0.275000 0.917188 0.268056 0.917188 0.237500 0.916406 0.211111 0.914844 0.204167 0.914844 0.156944 0.915625 0.137500 0.917188 0.134722 0.917969 0.130556 0.917969 0.119444 0.919531 0.115278 0.920312 0.105556 0.920312 0.102778 0.918750 0.100000 0.918750 0.097222 0.912500 0.084722 0.910937 0.075000 0.906250 0.066667 0.905469 0.062500 0.905469 0.058333 0.904687 0.055556 0.903906 0.054167 0.900781 0.050000 0.896875 0.041667 0.896875 0.036111 0.898438 0.033333 0.891406 0.020833 0.889062 0.016667 0.884375 0.006944 0.884375 0.000000 0.900000 0.000000
25 0.754687 0.000000 0.753125 0.002778 0.753125 0.009722 0.755469 0.013889 0.757812 0.013889 0.760156 0.018056 0.765625 0.018056 0.767969 0.013889 0.767969 0.012500 0.769531 0.009722 0.773438 0.004167 0.774219 0.004167 0.776563 0.000000 0.754687 0.000000
25 0.189062 0.000000 0.189062 0.055556 0.187500 0.113889 0.186719 0.170833 0.186719 0.188889 0.188281 0.193056 0.189844 0.197222 0.191406 0.200000 0.193750 0.202778 0.196094 0.205556 0.197656 0.205556 0.199219 0.206944 0.200000 0.216667 0.200781 0.220833 0.201563 0.225000 0.203125 0.229167 0.204687 0.233333 0.206250 0.236111 0.208594 0.238889 0.210938 0.241667 0.213281 0.243056 0.214062 0.247222 0.214844 0.252778 0.214844 0.258333 0.213281 0.262500 0.213281 0.273611 0.214062 0.276389 0.215625 0.279167 0.216406 0.283333 0.216406 0.286111 0.215625 0.295833 0.214062 0.298611 0.214062 0.322222 0.215625 0.329167 0.214844 0.338889 0.214844 0.345833 0.217188 0.350000 0.220312 0.350000 0.222656 0.345833 0.223438 0.340278 0.223438 0.325000 0.221875 0.316667 0.221875 0.305556 0.223438 0.302778 0.223438 0.293056 0.224219 0.283333 0.228125 0.276389 0.230469 0.268056 0.229687 0.241667 0.235937 0.240278 0.238281 0.238889 0.240625 0.237500 0.245312 0.231944 0.246875 0.233333 0.248438 0.236111 0.250781 0.237500 0.253125 0.238889 0.264062 0.238889 0.266406 0.237500 0.268750 0.236111 0.270313 0.233333 0.271875 0.233333 0.271875 0.200000 0.272656 0.198611 0.272656 0.163889 0.261719 0.163889 0.258594 0.166667 0.256250 0.165278 0.255469 0.161111 0.253906 0.151389 0.252344 0.147222 0.249219 0.138889 0.252344 0.131944 0.253125 0.129167 0.253906 0.125000 0.254688 0.120833 0.254688 0.105556 0.253125 0.100000 0.253125 0.095833 0.253906 0.091667 0.255469 0.088889 0.257031 0.087500 0.260937 0.086111 0.262500 0.083333 0.264062 0.081944 0.266406 0.083333 0.269531 0.086111 0.273438 0.086111 0.273438 0.045833 0.274219 0.044444 0.274219 0.000000 0.246875 0.001389 0.189062 0.000000
27 0.522656 0.223611 0.522656 0.226389 0.521875 0.229167 0.524219 0.227778 0.522656 0.223611
27 0.282813 0.000000 0.323437 0.000000 0.325000 0.002778 0.325000 0.004167 0.329688 0.013889 0.329688 0.015278 0.339062 0.036111 0.340625 0.041667 0.375000 0.122222 0.378906 0.131944 0.379688 0.134722 0.379688 0.137500 0.378125 0.145833 0.378125 0.148611 0.379688 0.150000 0.382812 0.144444 0.385937 0.144444 0.389062 0.150000 0.389062 0.156944 0.396094 0.156944 0.396875 0.158333 0.405469 0.159722 0.430469 0.162500 0.438281 0.163889 0.442969 0.165278 0.444531 0.168056 0.446094 0.173611 0.448437 0.177778 0.450000 0.181944 0.450000 0.190278 0.454688 0.198611 0.457031 0.200000 0.462500 0.202778 0.464062 0.204167 0.465625 0.205556 0.467969 0.208333 0.470313 0.211111 0.474219 0.218056 0.475781 0.222222 0.477344 0.226389 0.478125 0.229167 0.478906 0.231944 0.479687 0.236111 0.480469 0.243056 0.480469 0.256944 0.479687 0.263889 0.477344 0.272222 0.481250 0.277778 0.481250 0.283333 0.478125 0.288889 0.479687 0.293056 0.482031 0.295833 0.482031 0.298611 0.480469 0.301389 0.480469 0.308333 0.482031 0.308333 0.485156 0.309722 0.485156 0.301389 0.485938 0.297222 0.488281 0.290278 0.486719 0.266667 0.487500 0.244444 0.492969 0.244444 0.492969 0.223611 0.493750 0.220833 0.495312 0.216667 0.497656 0.212500 0.503906 0.212500 0.503906 0.205556 0.504687 0.204167 0.505469 0.188889 0.505469 0.173611 0.507031 0.163889 0.525000 0.163889 0.526563 0.161111 0.530469 0.152778 0.533594 0.150000 0.535156 0.147222 0.535156 0.145833 0.537500 0.141667 0.539844 0.136111 0.539844 0.133333 0.544531 0.125000 0.548438 0.119444 0.550781 0.119444 0.552344 0.116667 0.556250 0.118056 0.558594 0.116667 0.560156 0.115278 0.564844 0.106944 0.567187 0.106944 0.569531 0.104167 0.571875 0.102778 0.575781 0.101389 0.583594 0.101389 0.587500 0.102778 0.589844 0.104167 0.591406 0.105556 0.592969 0.106944 0.595313 0.109722 0.597656 0.112500 0.601562 0.119444 0.603125 0.123611 0.604688 0.127778 0.605469 0.130556 0.606250 0.133333 0.607031 0.141667 0.609375 0.147222 0.610156 0.151389 0.610156 0.159722 0.607812 0.169444 0.611719 0.175000 0.611719 0.180556 0.610938 0.181944 0.610938 0.186111 0.612500 0.188889 0.613281 0.170833 0.615625 0.170833 0.617188 0.172222 0.617969 0.183333 0.617188 0.184722 0.617188 0.194444 0.625781 0.194444 0.628125 0.183333 0.629687 0.180556 0.632031 0.179167 0.633594 0.179167 0.636719 0.176389 0.637500 0.172222 0.638281 0.163889 0.656250 0.163889 0.657031 0.162500 0.663281 0.162500 0.663281 0.115278 0.664062 0.111111 0.665625 0.108333 0.667188 0.108333 0.668750 0.111111 0.677344 0.111111 0.678125 0.109722 0.685156 0.109722 0.685937 0.104167 0.689063 0.105556 0.689844 0.108333 0.690625 0.109722 0.707812 0.109722 0.709375 0.108333 0.716406 0.100000 0.726562 0.087500 0.766406 0.040278 0.781250 0.020833 0.793750 0.004167 0.796875 0.000000 0.777344 0.000000 0.773438 0.005556 0.769531 0.011111 0.768750 0.012500 0.765625 0.019444 0.760156 0.019444 0.757812 0.015278 0.755469 0.015278 0.752344 0.009722 0.752344 0.002778 0.753906 0.000000 0.282813 0.000000
6 0.896094 0.412500 0.896875 0.418056 0.898438 0.423611 0.899219 0.429167 0.899219 0.433333 0.896094 0.437500 0.893750 0.434722 0.886719 0.423611 0.884375 0.427778 0.884375 0.430556 0.889062 0.440278 0.889844 0.444444 0.891406 0.448611 0.889844 0.454167 0.886719 0.461111 0.884375 0.468056 0.882812 0.473611 0.880469 0.481944 0.879687 0.490278 0.878906 0.493056 0.877344 0.495833 0.873437 0.497222 0.869531 0.501389 0.867969 0.501389 0.864062 0.502778 0.864062 0.495833 0.863281 0.488889 0.862500 0.483333 0.861719 0.477778 0.860938 0.475000 0.859375 0.472222 0.858594 0.468056 0.856250 0.466667 0.853906 0.465278 0.846875 0.463889 0.828125 0.463889 0.821094 0.466667 0.816406 0.458333 0.814844 0.450000 0.817187 0.448611 0.824219 0.448611 0.830469 0.443056 0.831250 0.440278 0.831250 0.436111 0.829688 0.434722 0.828125 0.433333 0.821094 0.433333 0.817187 0.431944 0.813281 0.429167 0.807031 0.427778 0.805469 0.427778 0.800781 0.430556 0.787500 0.430556 0.787500 0.436111 0.787500 0.437500 0.788281 0.438889 0.789844 0.440278 0.792969 0.440278 0.794531 0.441667 0.796094 0.443056 0.798438 0.447222 0.796875 0.450000 0.793750 0.452778 0.792969 0.454167 0.792969 0.455556 0.789062 0.463889 0.786719 0.469444 0.785937 0.472222 0.785937 0.475000 0.785937 0.483333 0.784375 0.484722 0.780469 0.486111 0.779687 0.488889 0.777344 0.497222 0.777344 0.508333 0.778125 0.509722 0.778125 0.522222 0.778906 0.523611 0.778906 0.531944 0.781250 0.531944 0.784375 0.530556 0.787500 0.529167 0.790625 0.527778 0.792188 0.526389 0.794531 0.522222 0.796875 0.519444 0.805469 0.519444 0.813281 0.525000 0.825000 0.525000 0.828125 0.529167 0.827344 0.540278 0.833594 0.540278 0.834375 0.533333 0.836719 0.534722 0.839063 0.537500 0.842187 0.541667 0.842969 0.545833 0.839844 0.556944 0.839844 0.575000 0.841406 0.576389 0.844531 0.577778 0.846094 0.580556 0.847656 0.581944 0.850000 0.583333 0.854688 0.583333 0.858594 0.581944 0.861719 0.580556 0.865625 0.579167 0.871875 0.566667 0.872656 0.565278 0.878125 0.558333 0.881250 0.561111 0.886719 0.568056 0.891406 0.572222 0.900000 0.577778 0.908594 0.581944 0.918750 0.586111 0.925781 0.587500 0.926562 0.590278 0.927344 0.594444 0.928125 0.604167 0.932813 0.601389 0.932813 0.598611 0.932031 0.586111 0.935156 0.580556 0.939063 0.580556 0.942969 0.581944 0.946094 0.583333 0.949219 0.586111 0.949219 0.587500 0.950781 0.590278 0.950781 0.593056 0.954688 0.605556 0.964844 0.605556 0.977344 0.604167 0.983594 0.606944 0.996875 0.613889 0.999219 0.613889 0.998437 0.502778 0.993750 0.502778 0.984375 0.504167 0.978125 0.502778 0.971094 0.498611 0.972656 0.494444 0.972656 0.483333 0.963281 0.483333 0.953125 0.479167 0.946875 0.477778 0.933594 0.476389 0.917969 0.476389 0.910937 0.473611 0.909375 0.473611 0.903906 0.476389 0.902344 0.473611 0.901563 0.470833 0.901563 0.468056 0.902344 0.459722 0.906250 0.452778 0.906250 0.443056 0.903906 0.438889 0.903125 0.436111 0.905469 0.431944 0.906250 0.426389 0.906250 0.419444 0.902344 0.412500 0.896094 0.412500
29 0.342969 0.293056 0.342969 0.343056 0.349219 0.344444 0.351562 0.343056 0.351562 0.323611 0.353125 0.311111 0.353125 0.294444 0.345313 0.293056 0.342969 0.293056
29 0.621875 0.276389 0.621094 0.308333 0.625000 0.309722 0.626563 0.309722 0.627344 0.308333 0.629687 0.308333 0.631250 0.311111 0.632812 0.311111 0.632812 0.276389 0.621875 0.276389
29 0.444531 0.213889 0.444531 0.252778 0.453906 0.252778 0.453906 0.213889 0.444531 0.213889
21 0.999219 0.362500 0.999219 0.375000 0.997656 0.388889 0.996875 0.415278 0.996094 0.427778 0.995313 0.429167 0.995313 0.431944 0.998437 0.429167 0.999219 0.434722 0.999219 0.362500
21 0.063281 0.354167 0.061719 0.356944 0.063281 0.356944 0.063281 0.354167
21 0.358594 0.291667 0.358594 0.302778 0.357812 0.304167 0.357031 0.331944 0.356250 0.359722 0.356250 0.362500 0.361719 0.362500 0.363281 0.359722 0.364844 0.355556 0.365625 0.352778 0.366406 0.345833 0.366406 0.338889 0.367969 0.336111 0.367969 0.327778 0.369531 0.319444 0.369531 0.308333 0.371094 0.304167 0.369531 0.301389 0.369531 0.295833 0.371875 0.291667 0.367969 0.291667 0.367188 0.293056 0.358594 0.291667
21 0.186719 0.190278 0.186719 0.226389 0.185938 0.227778 0.185156 0.284722 0.184375 0.341667 0.184375 0.354167 0.185938 0.355556 0.189844 0.358333 0.196094 0.362500 0.198437 0.363889 0.203906 0.375000 0.207813 0.380556 0.209375 0.379167 0.210938 0.377778 0.214844 0.375000 0.216406 0.373611 0.217969 0.372222 0.229687 0.351389 0.231250 0.350000 0.238281 0.345833 0.248438 0.345833 0.264844 0.348611 0.270313 0.348611 0.270313 0.325000 0.271094 0.323611 0.271875 0.261111 0.271875 0.234722 0.270313 0.234722 0.268750 0.237500 0.266406 0.238889 0.264062 0.240278 0.253125 0.240278 0.250781 0.238889 0.248438 0.237500 0.246875 0.234722 0.244531 0.233333 0.240625 0.238889 0.238281 0.240278 0.235937 0.241667 0.230469 0.241667 0.231250 0.268056 0.228906 0.276389 0.225000 0.283333 0.224219 0.293056 0.224219 0.302778 0.222656 0.305556 0.222656 0.316667 0.224219 0.325000 0.224219 0.340278 0.223438 0.345833 0.220312 0.351389 0.217188 0.351389 0.214062 0.345833 0.214062 0.338889 0.214844 0.329167 0.213281 0.322222 0.213281 0.298611 0.214844 0.295833 0.215625 0.286111 0.215625 0.283333 0.214844 0.279167 0.213281 0.276389 0.212500 0.273611 0.212500 0.262500 0.214062 0.258333 0.214062 0.252778 0.213281 0.247222 0.212500 0.245833 0.212500 0.243056 0.210938 0.243056 0.208594 0.240278 0.206250 0.237500 0.203906 0.233333 0.202344 0.229167 0.200781 0.225000 0.200000 0.220833 0.199219 0.216667 0.199219 0.208333 0.197656 0.206944 0.196094 0.206944 0.193750 0.204167 0.191406 0.201389 0.189062 0.197222 0.187500 0.193056 0.186719 0.190278
21 0.507031 0.165278 0.507031 0.172222 0.506250 0.173611 0.506250 0.188889 0.505469 0.204167 0.503906 0.213889 0.497656 0.213889 0.496094 0.216667 0.494531 0.220833 0.493750 0.223611 0.492969 0.245833 0.487500 0.245833 0.487500 0.266667 0.488281 0.268056 0.488281 0.288889 0.489844 0.288889 0.491406 0.286111 0.492188 0.280556 0.496875 0.272222 0.498437 0.270833 0.500781 0.269444 0.504687 0.269444 0.505469 0.266667 0.505469 0.261111 0.506250 0.256944 0.507031 0.254167 0.507812 0.251389 0.509375 0.247222 0.510938 0.243056 0.514844 0.236111 0.519531 0.230556 0.520312 0.230556 0.521094 0.229167 0.521875 0.226389 0.521875 0.220833 0.520312 0.215278 0.519531 0.208333 0.519531 0.194444 0.520312 0.184722 0.521094 0.177778 0.521875 0.173611 0.522656 0.170833 0.525000 0.165278 0.507031 0.165278
21 0.388281 0.156944 0.385937 0.161111 0.382031 0.159722 0.378906 0.165278 0.376563 0.165278 0.379688 0.165278 0.382031 0.166667 0.383594 0.168056 0.385156 0.169444 0.387500 0.172222 0.389844 0.175000 0.394531 0.183333 0.396875 0.186111 0.398438 0.187500 0.401562 0.188889 0.403125 0.190278 0.404687 0.193056 0.407813 0.195833 0.410156 0.197222 0.413281 0.191667 0.414844 0.190278 0.417187 0.188889 0.421875 0.187500 0.426563 0.187500 0.434375 0.190278 0.435937 0.190278 0.439063 0.187500 0.443750 0.187500 0.446094 0.188889 0.447656 0.190278 0.451562 0.197222 0.452344 0.197222 0.453906 0.198611 0.449219 0.190278 0.449219 0.181944 0.447656 0.177778 0.443750 0.169444 0.443750 0.168056 0.438281 0.165278 0.430469 0.163889 0.413281 0.161111 0.396094 0.158333 0.388281 0.156944
21 0.106250 0.086111 0.106250 0.143056 0.105469 0.144444 0.104688 0.205556 0.103906 0.268056 0.103125 0.329167 0.103125 0.383333 0.105469 0.383333 0.107813 0.380556 0.110937 0.376389 0.121094 0.361111 0.125000 0.355556 0.127344 0.352778 0.129688 0.351389 0.136719 0.350000 0.143750 0.348611 0.154688 0.348611 0.154688 0.326389 0.155469 0.325000 0.156250 0.266667 0.157031 0.206944 0.157031 0.166667 0.155469 0.165278 0.151562 0.163889 0.149219 0.161111 0.146875 0.158333 0.144531 0.154167 0.142969 0.148611 0.141406 0.148611 0.132812 0.150000 0.130469 0.148611 0.128125 0.147222 0.125781 0.144444 0.123438 0.141667 0.121094 0.137500 0.119531 0.133333 0.117969 0.129167 0.117188 0.122222 0.116406 0.119444 0.115625 0.118056 0.112500 0.113889 0.110937 0.109722 0.109375 0.105556 0.108594 0.101389 0.107813 0.097222 0.106250 0.086111
21 0.264062 0.083333 0.262500 0.084722 0.260937 0.087500 0.257031 0.088889 0.255469 0.090278 0.253906 0.095833 0.253906 0.100000 0.255469 0.105556 0.255469 0.120833 0.254688 0.125000 0.253906 0.129167 0.253125 0.131944 0.250000 0.140278 0.251563 0.144444 0.253125 0.147222 0.254688 0.151389 0.256250 0.158333 0.257031 0.162500 0.257031 0.165278 0.258594 0.165278 0.261719 0.162500 0.272656 0.162500 0.272656 0.137500 0.273438 0.136111 0.273438 0.087500 0.269531 0.087500 0.266406 0.084722 0.264062 0.083333
21 0.942969 0.022222 0.941406 0.025000 0.941406 0.027778 0.939063 0.031944 0.938281 0.036111 0.935156 0.041667 0.935156 0.044444 0.932813 0.048611 0.932031 0.056944 0.932031 0.059722 0.933594 0.058333 0.933594 0.055556 0.935156 0.052778 0.935156 0.050000 0.937500 0.044444 0.941406 0.036111 0.942969 0.029167 0.944531 0.025000 0.942969 0.022222
21 0.282813 0.001389 0.282813 0.006944 0.284375 0.012500 0.284375 0.020833 0.285938 0.023611 0.286719 0.023611 0.289062 0.027778 0.290625 0.031944 0.292187 0.036111 0.292969 0.040278 0.293750 0.044444 0.293750 0.058333 0.292969 0.062500 0.292187 0.066667 0.290625 0.070833 0.289062 0.075000 0.286719 0.079167 0.283594 0.081944 0.282031 0.084722 0.281250 0.091667 0.280469 0.144444 0.280469 0.165278 0.282031 0.168056 0.285156 0.170833 0.287500 0.175000 0.289062 0.179167 0.290625 0.183333 0.291406 0.187500 0.292187 0.191667 0.292187 0.205556 0.291406 0.209722 0.290625 0.213889 0.289062 0.218056 0.287500 0.222222 0.285156 0.226389 0.279687 0.231944 0.279687 0.248611 0.278906 0.250000 0.278906 0.352778 0.285938 0.362500 0.289062 0.369444 0.292187 0.369444 0.293750 0.370833 0.295312 0.373611 0.296094 0.376389 0.296094 0.381944 0.297656 0.381944 0.298438 0.383333 0.302344 0.383333 0.306250 0.384722 0.307031 0.386111 0.309375 0.386111 0.310156 0.383333 0.306250 0.383333 0.303125 0.377778 0.303125 0.372222 0.303906 0.365278 0.307812 0.358333 0.316406 0.356944 0.348438 0.358333 0.351562 0.358333 0.351562 0.344444 0.349219 0.345833 0.342187 0.343056 0.342187 0.294444 0.338281 0.288889 0.338281 0.281944 0.341406 0.276389 0.341406 0.273611 0.338281 0.266667 0.337500 0.263889 0.336719 0.258333 0.333594 0.258333 0.330469 0.254167 0.324219 0.265278 0.321094 0.265278 0.317969 0.258333 0.314063 0.252778 0.310156 0.244444 0.310156 0.238889 0.313281 0.233333 0.316406 0.233333 0.319531 0.238889 0.319531 0.241667 0.322656 0.245833 0.324219 0.243056 0.325000 0.243056 0.330469 0.233333 0.333594 0.231944 0.332031 0.229167 0.332031 0.225000 0.329688 0.219444 0.328125 0.219444 0.322656 0.209722 0.322656 0.204167 0.325781 0.198611 0.325781 0.195833 0.328906 0.190278 0.332813 0.190278 0.335938 0.195833 0.335156 0.202778 0.338281 0.206944 0.340625 0.202778 0.340625 0.198611 0.346094 0.188889 0.347656 0.188889 0.350000 0.183333 0.348438 0.180556 0.348438 0.175000 0.351562 0.169444 0.353125 0.169444 0.356250 0.163889 0.359375 0.163889 0.360938 0.166667 0.362500 0.166667 0.364844 0.162500 0.369531 0.163889 0.371094 0.161111 0.372656 0.161111 0.371875 0.154167 0.375000 0.148611 0.377344 0.148611 0.377344 0.145833 0.378125 0.144444 0.378906 0.137500 0.378906 0.134722 0.378125 0.131944 0.374219 0.122222 0.367188 0.105556 0.338281 0.036111 0.326562 0.008333 0.324219 0.002778 0.282813 0.001389
21 0.107813 0.001389 0.107813 0.018056 0.109375 0.018056 0.117969 0.016667 0.120313 0.018056 0.122656 0.019444 0.125000 0.022222 0.127344 0.025000 0.130469 0.031944 0.132031 0.029167 0.132031 0.027778 0.134375 0.023611 0.136719 0.020833 0.139063 0.018056 0.143750 0.015278 0.146094 0.009722 0.148438 0.006944 0.150781 0.004167 0.153125 0.002778 0.155469 0.001389 0.159375 0.001389 0.107813 0.001389
21 0.000000 0.001389 0.000000 0.272222 0.002344 0.275000 0.008594 0.281944 0.018750 0.291667 0.028125 0.306944 0.044531 0.336111 0.045312 0.336111 0.046875 0.338889 0.048438 0.337500 0.052344 0.333333 0.053906 0.333333 0.056250 0.334722 0.058594 0.336111 0.060937 0.338889 0.063281 0.341667 0.063281 0.334722 0.064062 0.333333 0.064062 0.241667 0.065625 0.148611 0.066406 0.056944 0.066406 0.001389 0.000000 0.001389
21 0.945312 0.000000 0.950000 0.006944 0.950000 0.012500 0.951562 0.015278 0.951562 0.020833 0.950000 0.023611 0.952344 0.023611 0.955469 0.029167 0.955469 0.034722 0.952344 0.040278 0.950781 0.040278 0.950000 0.043056 0.948438 0.048611 0.945312 0.054167 0.943750 0.058333 0.942969 0.063889 0.940625 0.069444 0.938281 0.073611 0.936719 0.079167 0.935156 0.081944 0.936719 0.080556 0.938281 0.079167 0.939844 0.079167 0.944531 0.075000 0.946875 0.070833 0.950781 0.070833 0.953906 0.076389 0.953906 0.081944 0.949219 0.090278 0.947656 0.091667 0.946094 0.091667 0.943750 0.095833 0.940625 0.095833 0.937500 0.098611 0.932813 0.102778 0.930469 0.105556 0.928906 0.108333 0.928125 0.111111 0.928125 0.120833 0.926562 0.123611 0.926562 0.136111 0.925781 0.140278 0.924219 0.143056 0.924219 0.202778 0.925781 0.205556 0.926562 0.211111 0.928125 0.219444 0.930469 0.215278 0.935937 0.209722 0.939063 0.204167 0.940625 0.204167 0.942187 0.202778 0.948438 0.193056 0.948438 0.190278 0.949219 0.188889 0.949219 0.184722 0.950781 0.177778 0.954688 0.170833 0.954688 0.168056 0.957812 0.162500 0.957812 0.156944 0.960938 0.150000 0.960938 0.145833 0.963281 0.141667 0.960156 0.136111 0.960156 0.130556 0.963281 0.125000 0.970313 0.125000 0.977344 0.126389 0.980469 0.131944 0.980469 0.137500 0.977344 0.143056 0.974219 0.143056 0.974219 0.145833 0.970313 0.152778 0.970313 0.155556 0.971094 0.162500 0.970313 0.166667 0.968750 0.169444 0.967969 0.172222 0.967969 0.177778 0.965625 0.183333 0.962500 0.190278 0.957812 0.197222 0.957031 0.200000 0.957031 0.202778 0.955469 0.206944 0.952344 0.212500 0.951562 0.219444 0.949219 0.225000 0.944531 0.233333 0.944531 0.237500 0.941406 0.243056 0.938281 0.244444 0.938281 0.247222 0.935156 0.252778 0.933594 0.256944 0.932813 0.259722 0.931250 0.266667 0.931250 0.283333 0.932813 0.294444 0.933594 0.302778 0.932813 0.311111 0.933594 0.318056 0.932813 0.341667 0.930469 0.356944 0.930469 0.362500 0.932813 0.366667 0.933594 0.369444 0.933594 0.373611 0.934375 0.377778 0.935156 0.380556 0.938281 0.386111 0.938281 0.398611 0.935156 0.404167 0.932031 0.404167 0.929688 0.400000 0.929688 0.402778 0.932031 0.406944 0.932031 0.420833 0.931250 0.427778 0.929688 0.430556 0.929688 0.448611 0.928125 0.451389 0.928125 0.454167 0.929688 0.454167 0.937500 0.452778 0.946094 0.450000 0.953125 0.450000 0.953125 0.443056 0.954688 0.440278 0.957031 0.437500 0.960938 0.433333 0.962500 0.431944 0.964063 0.430556 0.974219 0.431944 0.978906 0.431944 0.978906 0.420833 0.980469 0.408333 0.982031 0.372222 0.992969 0.202778 0.995313 0.166667 0.996094 0.155556 0.996875 0.143056 0.998437 0.134722 0.999219 0.152778 0.999219 0.000000 0.945312 0.000000
21 0.900781 0.000000 0.900781 0.005556 0.898438 0.011111 0.900781 0.015278 0.909375 0.029167 0.910937 0.036111 0.911719 0.040278 0.911719 0.045833 0.912500 0.050000 0.914062 0.052778 0.914844 0.059722 0.917969 0.066667 0.917969 0.069444 0.919531 0.072222 0.920312 0.075000 0.920312 0.062500 0.921094 0.058333 0.922656 0.055556 0.922656 0.050000 0.923438 0.044444 0.924219 0.041667 0.925781 0.038889 0.925781 0.036111 0.927344 0.031944 0.929688 0.027778 0.929688 0.025000 0.932031 0.020833 0.932813 0.018056 0.929688 0.012500 0.925781 0.012500 0.922656 0.006944 0.923438 0.000000 0.900781 0.000000
21 0.883594 0.000000 0.883594 0.006944 0.888281 0.016667 0.891406 0.022222 0.897656 0.031944 0.896094 0.036111 0.896094 0.041667 0.900000 0.048611 0.900000 0.050000 0.903906 0.055556 0.904687 0.058333 0.904687 0.062500 0.905469 0.066667 0.910156 0.075000 0.911719 0.084722 0.917969 0.097222 0.917969 0.100000 0.919531 0.102778 0.919531 0.105556 0.918750 0.115278 0.917188 0.119444 0.917188 0.130556 0.916406 0.134722 0.914844 0.137500 0.914062 0.156944 0.914062 0.204167 0.915625 0.211111 0.916406 0.237500 0.916406 0.268056 0.914844 0.275000 0.914062 0.284722 0.914844 0.311111 0.914844 0.327778 0.914062 0.358333 0.914844 0.363889 0.916406 0.366667 0.916406 0.376389 0.918750 0.390278 0.920312 0.393056 0.920312 0.411111 0.922656 0.415278 0.922656 0.418056 0.921094 0.422222 0.920312 0.427778 0.920312 0.443056 0.918750 0.445833 0.918750 0.452778 0.917969 0.455556 0.914844 0.455556 0.914062 0.456944 0.906250 0.456944 0.905469 0.458333 0.903906 0.458333 0.907031 0.452778 0.907031 0.443056 0.904687 0.438889 0.903906 0.436111 0.906250 0.431944 0.907031 0.426389 0.907031 0.419444 0.902344 0.411111 0.895312 0.412500 0.896094 0.418056 0.897656 0.423611 0.898438 0.429167 0.898438 0.433333 0.896875 0.436111 0.893750 0.433333 0.887500 0.422222 0.883594 0.427778 0.883594 0.430556 0.888281 0.440278 0.889062 0.444444 0.890625 0.447222 0.889062 0.454167 0.887500 0.458333 0.885938 0.461111 0.882031 0.462500 0.873437 0.463889 0.865625 0.465278 0.857031 0.465278 0.846094 0.455556 0.835938 0.445833 0.832812 0.443056 0.831250 0.441667 0.831250 0.434722 0.829688 0.433333 0.827344 0.431944 0.821875 0.422222 0.819531 0.419444 0.817187 0.416667 0.813281 0.412500 0.811719 0.411111 0.807813 0.409722 0.793750 0.405556 0.788281 0.404167 0.778125 0.402778 0.768750 0.402778 0.766406 0.405556 0.764062 0.408333 0.761719 0.411111 0.760156 0.411111 0.753125 0.398611 0.749219 0.397222 0.746094 0.397222 0.746875 0.387500 0.746875 0.381944 0.746094 0.363889 0.746875 0.347222 0.747656 0.345833 0.748437 0.334722 0.752344 0.334722 0.753906 0.326389 0.753906 0.323611 0.740625 0.322222 0.739844 0.327778 0.739062 0.329167 0.739062 0.331944 0.744531 0.333333 0.743750 0.352778 0.742969 0.372222 0.741406 0.381944 0.741406 0.395833 0.730469 0.394444 0.723437 0.394444 0.720313 0.398611 0.717969 0.402778 0.715625 0.405556 0.707812 0.398611 0.692187 0.398611 0.690625 0.401389 0.689063 0.402778 0.684375 0.402778 0.683594 0.400000 0.682813 0.394444 0.682031 0.391667 0.678125 0.390278 0.678906 0.369444 0.680469 0.327778 0.683594 0.266667 0.684375 0.245833 0.684375 0.226389 0.680469 0.225000 0.679688 0.223611 0.677344 0.223611 0.675781 0.238889 0.675000 0.256944 0.672656 0.309722 0.671875 0.329167 0.671094 0.366667 0.670312 0.386111 0.666406 0.387500 0.656250 0.386111 0.656250 0.373611 0.657813 0.354167 0.658594 0.320833 0.658594 0.305556 0.656250 0.304167 0.654687 0.326389 0.654687 0.352778 0.653906 0.380556 0.652344 0.387500 0.649219 0.391667 0.647656 0.393056 0.645312 0.393056 0.644531 0.391667 0.641406 0.391667 0.640625 0.383333 0.641406 0.359722 0.639062 0.358333 0.638281 0.381944 0.638281 0.379167 0.636719 0.376389 0.633594 0.375000 0.630469 0.375000 0.628906 0.373611 0.628906 0.355556 0.629687 0.327778 0.630469 0.326389 0.630469 0.311111 0.632812 0.312500 0.639844 0.319444 0.639844 0.322222 0.640625 0.331944 0.642969 0.318056 0.639844 0.319444 0.632812 0.312500 0.633594 0.276389 0.621875 0.275000 0.620313 0.306944 0.624219 0.309722 0.625000 0.311111 0.626563 0.311111 0.626563 0.330556 0.625781 0.362500 0.625000 0.363889 0.625000 0.372222 0.610938 0.372222 0.610156 0.368056 0.610938 0.344444 0.611719 0.330556 0.613281 0.315278 0.614062 0.308333 0.614844 0.301389 0.615625 0.300000 0.615625 0.297222 0.617969 0.297222 0.621094 0.291667 0.621094 0.286111 0.617188 0.280556 0.617188 0.277778 0.617969 0.273611 0.621094 0.266667 0.625000 0.268056 0.626563 0.262500 0.626563 0.252778 0.621094 0.251389 0.621094 0.241667 0.621875 0.233333 0.624219 0.211111 0.625000 0.204167 0.625781 0.197222 0.626563 0.191667 0.628125 0.186111 0.628906 0.183333 0.632031 0.180556 0.633594 0.180556 0.635938 0.179167 0.637500 0.176389 0.638281 0.172222 0.638281 0.165278 0.656250 0.165278 0.663281 0.163889 0.664844 0.162500 0.675781 0.148611 0.680469 0.143056 0.683594 0.140278 0.683594 0.147222 0.682031 0.165278 0.681250 0.183333 0.681250 0.188889 0.684375 0.191667 0.685937 0.191667 0.687500 0.188889 0.687500 0.161111 0.688281 0.134722 0.689844 0.131944 0.692187 0.129167 0.716406 0.101389 0.718750 0.097222 0.745313 0.066667 0.759375 0.050000 0.766406 0.041667 0.786719 0.013889 0.792969 0.005556 0.796094 0.001389 0.797656 0.000000 0.883594 0.000000
19 0.973437 0.484722 0.973437 0.494444 0.971875 0.500000 0.974219 0.500000 0.974219 0.494444 0.975000 0.493056 0.975000 0.484722 0.973437 0.484722
19 0.861719 0.475000 0.862500 0.481944 0.864062 0.488889 0.864844 0.495833 0.864844 0.502778 0.867969 0.500000 0.869531 0.500000 0.873437 0.495833 0.878125 0.493056 0.878906 0.490278 0.878906 0.486111 0.881250 0.476389 0.872656 0.476389 0.871875 0.475000 0.861719 0.475000
19 0.446875 0.373611 0.446094 0.375000 0.442188 0.376389 0.443750 0.387500 0.443750 0.393056 0.442188 0.400000 0.437500 0.400000 0.435937 0.397222 0.426563 0.395833 0.421875 0.400000 0.420312 0.400000 0.418750 0.398611 0.417187 0.391667 0.415625 0.391667 0.410938 0.393056 0.405469 0.397222 0.400000 0.397222 0.397656 0.401389 0.396094 0.401389 0.394531 0.402778 0.390625 0.398611 0.389844 0.397222 0.377344 0.397222 0.367188 0.401389 0.359375 0.401389 0.347656 0.400000 0.323437 0.397222 0.311719 0.395833 0.310937 0.394444 0.300000 0.394444 0.301563 0.397222 0.302344 0.402778 0.302344 0.419444 0.301563 0.422222 0.300781 0.425000 0.300000 0.426389 0.298438 0.427778 0.296875 0.429167 0.291406 0.429167 0.289844 0.427778 0.288281 0.426389 0.287500 0.420833 0.282813 0.420833 0.282031 0.422222 0.280469 0.422222 0.280469 0.430556 0.278906 0.433333 0.269531 0.433333 0.267188 0.429167 0.267188 0.423611 0.240625 0.422222 0.230469 0.422222 0.230469 0.429167 0.230469 0.447222 0.227344 0.451389 0.225781 0.452778 0.221094 0.452778 0.218750 0.451389 0.216406 0.450000 0.214844 0.448611 0.214062 0.447222 0.214062 0.445833 0.212500 0.443056 0.210938 0.443056 0.195312 0.444444 0.193750 0.447222 0.192188 0.451389 0.191406 0.458333 0.189062 0.462500 0.185938 0.466667 0.181250 0.468056 0.160156 0.468056 0.156250 0.466667 0.154688 0.463889 0.153906 0.456944 0.153125 0.454167 0.134375 0.454167 0.120313 0.451389 0.118750 0.456944 0.115625 0.462500 0.112500 0.466667 0.099219 0.466667 0.096875 0.473611 0.096094 0.476389 0.094531 0.486111 0.093750 0.488889 0.089063 0.497222 0.086719 0.498611 0.084375 0.500000 0.081250 0.501389 0.072656 0.502778 0.067969 0.502778 0.064844 0.500000 0.062500 0.498611 0.060937 0.495833 0.059375 0.490278 0.057813 0.483333 0.057031 0.480556 0.054688 0.479167 0.046094 0.480556 0.017969 0.484722 0.008594 0.486111 0.007812 0.487500 0.000000 0.487500 0.000000 0.808333 0.003906 0.806944 0.012500 0.804167 0.041406 0.794444 0.086719 0.777778 0.132031 0.762500 0.140625 0.759722 0.147656 0.758333 0.164062 0.756944 0.195312 0.754167 0.259375 0.748611 0.435156 0.733333 0.451562 0.731944 0.467187 0.730556 0.478906 0.730556 0.493750 0.733333 0.517188 0.737500 0.570312 0.747222 0.746875 0.779167 0.769531 0.783333 0.776563 0.784722 0.785937 0.787500 0.800781 0.791667 0.887500 0.816667 0.915625 0.825000 0.919531 0.826389 0.923438 0.827778 0.934375 0.831944 0.973437 0.848611 0.999219 0.858333 0.999219 0.615278 0.996875 0.615278 0.992969 0.612500 0.977344 0.605556 0.964844 0.606944 0.953906 0.605556 0.953125 0.602778 0.950000 0.593056 0.950000 0.590278 0.948438 0.586111 0.946875 0.586111 0.946094 0.584722 0.942969 0.583333 0.939063 0.581944 0.935156 0.581944 0.932813 0.586111 0.933594 0.598611 0.933594 0.601389 0.932031 0.604167 0.928125 0.605556 0.926562 0.602778 0.926562 0.594444 0.925781 0.590278 0.925000 0.587500 0.918750 0.587500 0.908594 0.583333 0.900000 0.579167 0.891406 0.573611 0.886719 0.569444 0.881250 0.562500 0.877344 0.559722 0.872656 0.566667 0.865625 0.580556 0.861719 0.581944 0.858594 0.583333 0.854688 0.584722 0.850000 0.584722 0.847656 0.583333 0.846094 0.581944 0.844531 0.579167 0.841406 0.577778 0.839844 0.576389 0.839063 0.556944 0.842187 0.545833 0.842187 0.543056 0.839063 0.538889 0.836719 0.536111 0.834375 0.534722 0.833594 0.541667 0.826562 0.540278 0.827344 0.527778 0.825781 0.527778 0.825000 0.526389 0.813281 0.526389 0.805469 0.520833 0.796875 0.520833 0.794531 0.523611 0.792188 0.527778 0.790625 0.529167 0.787500 0.530556 0.781250 0.533333 0.778125 0.531944 0.777344 0.522222 0.777344 0.509722 0.776563 0.508333 0.776563 0.497222 0.779687 0.486111 0.781250 0.483333 0.784375 0.483333 0.785937 0.481944 0.785156 0.475000 0.785937 0.470833 0.781250 0.466667 0.776563 0.465278 0.765625 0.462500 0.764844 0.461111 0.762500 0.461111 0.760938 0.463889 0.756250 0.463889 0.752344 0.456944 0.748437 0.455556 0.742969 0.454167 0.741406 0.456944 0.739844 0.456944 0.733594 0.455556 0.730469 0.450000 0.725781 0.450000 0.723437 0.452778 0.721875 0.452778 0.719531 0.451389 0.716406 0.448611 0.709375 0.448611 0.703125 0.447222 0.691406 0.444444 0.685937 0.443056 0.681250 0.441667 0.676562 0.438889 0.675781 0.447222 0.667188 0.444444 0.667969 0.438889 0.666406 0.437500 0.663281 0.436111 0.657813 0.433333 0.654687 0.433333 0.651563 0.430556 0.646875 0.431944 0.644531 0.427778 0.642969 0.427778 0.641406 0.426389 0.640625 0.437500 0.637500 0.438889 0.625781 0.437500 0.625000 0.433333 0.619531 0.433333 0.618750 0.431944 0.607031 0.433333 0.597656 0.433333 0.591406 0.430556 0.591406 0.426389 0.589063 0.429167 0.585156 0.429167 0.583594 0.426389 0.578125 0.425000 0.578125 0.411111 0.576562 0.405556 0.571875 0.404167 0.567187 0.402778 0.565625 0.402778 0.567969 0.408333 0.567187 0.412500 0.559375 0.412500 0.556250 0.408333 0.551562 0.408333 0.550000 0.405556 0.546875 0.408333 0.544531 0.408333 0.541406 0.406944 0.539062 0.405556 0.537500 0.401389 0.533594 0.401389 0.529687 0.395833 0.528125 0.394444 0.528125 0.398611 0.527344 0.400000 0.526563 0.405556 0.522656 0.405556 0.520312 0.401389 0.511719 0.398611 0.507812 0.398611 0.507031 0.402778 0.505469 0.402778 0.503906 0.401389 0.503125 0.400000 0.502344 0.397222 0.502344 0.387500 0.500000 0.387500 0.496875 0.381944 0.493750 0.383333 0.492969 0.398611 0.493750 0.405556 0.492969 0.409722 0.488281 0.408333 0.471094 0.408333 0.464844 0.408333 0.464062 0.400000 0.464844 0.381944 0.464062 0.376389 0.457813 0.375000 0.449219 0.373611 0.446875 0.373611
24 0.639062 0.359722 0.639062 0.386111 0.639844 0.388889 0.639844 0.383333 0.640625 0.381944 0.640625 0.359722 0.639062 0.359722
24 0.745313 0.333333 0.744531 0.336111 0.743750 0.354167 0.743750 0.372222 0.742188 0.381944 0.741406 0.402778 0.740625 0.423611 0.739844 0.445833 0.739844 0.455556 0.742188 0.454167 0.742188 0.441667 0.743750 0.427778 0.745313 0.400000 0.746094 0.387500 0.746094 0.381944 0.745313 0.363889 0.746875 0.345833 0.746875 0.333333 0.745313 0.333333
24 0.640625 0.319444 0.640625 0.322222 0.642188 0.331944 0.642188 0.318056 0.640625 0.319444
24 0.627344 0.309722 0.627344 0.330556 0.626563 0.331944 0.625781 0.363889 0.625781 0.373611 0.628125 0.373611 0.628125 0.355556 0.628906 0.354167 0.629687 0.326389 0.629687 0.309722 0.627344 0.309722
24 0.656250 0.305556 0.656250 0.325000 0.655469 0.326389 0.654687 0.354167 0.653906 0.381944 0.653906 0.387500 0.655469 0.387500 0.655469 0.373611 0.656250 0.372222 0.657031 0.354167 0.657813 0.320833 0.657813 0.305556 0.656250 0.305556
24 0.607812 0.266667 0.607812 0.286111 0.607031 0.287500 0.606250 0.309722 0.605469 0.355556 0.604688 0.356944 0.604688 0.377778 0.607812 0.372222 0.609375 0.372222 0.609375 0.368056 0.610156 0.366667 0.610156 0.344444 0.611719 0.320833 0.612500 0.297222 0.613281 0.273611 0.613281 0.266667 0.607812 0.266667
24 0.354687 0.237500 0.354687 0.268056 0.353906 0.269444 0.353906 0.311111 0.351562 0.359722 0.350781 0.383333 0.350781 0.393056 0.355469 0.393056 0.355469 0.359722 0.357812 0.302778 0.357812 0.237500 0.354687 0.237500
24 0.677344 0.225000 0.677344 0.237500 0.676562 0.238889 0.676562 0.255556 0.675781 0.256944 0.675781 0.273611 0.673438 0.309722 0.672656 0.329167 0.669531 0.405556 0.669531 0.425000 0.667969 0.445833 0.675781 0.445833 0.675781 0.438889 0.675000 0.425000 0.675781 0.404167 0.676562 0.391667 0.678125 0.387500 0.678906 0.368056 0.682813 0.266667 0.683594 0.245833 0.683594 0.226389 0.680469 0.226389 0.679688 0.225000 0.677344 0.225000
24 0.613281 0.172222 0.613281 0.190278 0.610938 0.230556 0.610156 0.250000 0.610156 0.252778 0.614062 0.251389 0.614844 0.234722 0.615625 0.218056 0.616406 0.200000 0.617188 0.183333 0.617188 0.173611 0.615625 0.172222 0.613281 0.172222
24 0.998437 0.136111 0.998437 0.141667 0.997656 0.143056 0.997656 0.154167 0.996094 0.166667 0.993750 0.202778 0.982812 0.372222 0.979688 0.420833 0.979688 0.440278 0.977344 0.459722 0.976562 0.469444 0.975781 0.481944 0.975000 0.494444 0.975000 0.500000 0.977344 0.500000 0.978125 0.501389 0.984375 0.502778 0.990625 0.502778 0.989844 0.487500 0.990625 0.473611 0.992188 0.447222 0.992969 0.434722 0.994531 0.431944 0.995313 0.427778 0.996094 0.415278 0.998437 0.375000 0.999219 0.361111 0.999219 0.154167 0.998437 0.152778 0.998437 0.136111
24 0.685937 0.105556 0.685937 0.112500 0.685156 0.113889 0.684375 0.130556 0.682813 0.165278 0.682031 0.183333 0.682031 0.188889 0.683594 0.188889 0.684375 0.190278 0.686719 0.188889 0.687500 0.159722 0.688281 0.130556 0.688281 0.105556 0.685937 0.105556
24 0.275000 0.000000 0.275000 0.044444 0.274219 0.045833 0.274219 0.136111 0.271875 0.262500 0.271094 0.325000 0.271094 0.348611 0.272656 0.350000 0.278125 0.351389 0.278125 0.250000 0.281250 0.090278 0.282031 0.037500 0.282031 0.000000 0.275000 0.000000
24 0.160156 0.000000 0.160156 0.030556 0.159375 0.031944 0.158594 0.090278 0.156250 0.268056 0.155469 0.326389 0.155469 0.348611 0.166406 0.348611 0.167187 0.350000 0.179688 0.350000 0.182031 0.352778 0.183594 0.352778 0.183594 0.341667 0.184375 0.340278 0.184375 0.284722 0.185156 0.283333 0.188281 0.055556 0.188281 0.000000 0.160156 0.000000
24 0.067187 0.000000 0.067187 0.056944 0.066406 0.058333 0.066406 0.148611 0.065625 0.150000 0.064844 0.241667 0.064062 0.334722 0.064062 0.343056 0.065625 0.345833 0.066406 0.348611 0.064062 0.352778 0.064844 0.358333 0.071094 0.358333 0.075000 0.359722 0.076563 0.361111 0.082031 0.366667 0.084375 0.369444 0.090625 0.379167 0.096094 0.388889 0.096094 0.393056 0.097656 0.391667 0.099219 0.390278 0.100781 0.387500 0.101562 0.387500 0.103125 0.327778 0.103906 0.266667 0.106250 0.081944 0.107031 0.020833 0.107031 0.000000 0.067187 0.000000
2 0.826562 0.447222 0.824219 0.450000 0.817969 0.450000 0.817187 0.451389 0.814844 0.451389 0.817187 0.458333 0.821875 0.465278 0.827344 0.463889 0.829688 0.459722 0.832812 0.456944 0.832031 0.454167 0.831250 0.451389 0.829688 0.448611 0.829688 0.447222 0.826562 0.447222
2 0.964063 0.431944 0.962500 0.433333 0.960938 0.434722 0.957031 0.438889 0.955469 0.441667 0.954688 0.441667 0.953125 0.454167 0.953906 0.479167 0.958594 0.480556 0.964063 0.481944 0.972656 0.481944 0.974219 0.484722 0.975781 0.475000 0.977344 0.458333 0.977344 0.450000 0.978906 0.440278 0.978906 0.433333 0.974219 0.433333 0.973437 0.431944 0.964063 0.431944
2 0.998437 0.430556 0.996094 0.431944 0.994531 0.433333 0.992969 0.447222 0.991406 0.473611 0.990625 0.487500 0.991406 0.502778 0.992969 0.502778 0.999219 0.502778 0.999219 0.436111 0.998437 0.434722 0.998437 0.430556
2 0.746094 0.398611 0.745313 0.401389 0.745313 0.413889 0.744531 0.415278 0.743750 0.429167 0.742969 0.441667 0.742969 0.450000 0.746094 0.448611 0.748437 0.450000 0.750000 0.451389 0.756250 0.462500 0.760938 0.462500 0.763281 0.458333 0.768750 0.456944 0.774219 0.456944 0.778906 0.459722 0.782031 0.462500 0.782813 0.466667 0.785937 0.469444 0.788281 0.465278 0.790625 0.459722 0.792188 0.454167 0.793750 0.451389 0.797656 0.447222 0.796094 0.444444 0.794531 0.443056 0.792969 0.441667 0.789844 0.441667 0.788281 0.440278 0.785937 0.436111 0.785937 0.433333 0.786719 0.430556 0.790625 0.427778 0.805469 0.426389 0.808594 0.426389 0.809375 0.427778 0.813281 0.427778 0.817187 0.430556 0.821094 0.431944 0.826562 0.431944 0.821875 0.423611 0.819531 0.420833 0.817187 0.418056 0.813281 0.413889 0.811719 0.412500 0.807813 0.411111 0.793750 0.406944 0.788281 0.405556 0.778125 0.404167 0.768750 0.404167 0.766406 0.406944 0.761719 0.412500 0.760156 0.412500 0.753125 0.400000 0.749219 0.398611 0.746094 0.398611
2 0.723437 0.395833 0.720313 0.400000 0.717969 0.404167 0.714844 0.406944 0.713281 0.405556 0.707812 0.400000 0.692187 0.400000 0.689844 0.402778 0.694531 0.402778 0.695312 0.404167 0.711719 0.404167 0.713281 0.406944 0.712500 0.437500 0.712500 0.445833 0.714063 0.445833 0.721875 0.451389 0.723437 0.451389 0.725781 0.448611 0.730469 0.448611 0.733594 0.454167 0.739062 0.454167 0.739062 0.445833 0.739844 0.444444 0.740625 0.422222 0.741406 0.401389 0.741406 0.397222 0.730469 0.395833 0.723437 0.395833
2 0.677344 0.391667 0.677344 0.402778 0.683594 0.402778 0.682813 0.400000 0.682813 0.397222 0.681250 0.391667 0.677344 0.391667
2 0.607812 0.373611 0.602344 0.383333 0.598437 0.383333 0.591406 0.381944 0.587500 0.383333 0.585938 0.384722 0.584375 0.391667 0.582812 0.395833 0.578906 0.402778 0.578125 0.405556 0.578125 0.409722 0.578906 0.425000 0.583594 0.425000 0.585156 0.427778 0.589063 0.427778 0.592187 0.426389 0.592187 0.430556 0.596875 0.430556 0.597656 0.431944 0.607031 0.431944 0.618750 0.430556 0.625781 0.433333 0.626563 0.437500 0.637500 0.437500 0.638281 0.436111 0.640625 0.436111 0.640625 0.398611 0.641406 0.397222 0.642188 0.394444 0.643750 0.397222 0.649219 0.398611 0.659375 0.400000 0.668750 0.400000 0.668750 0.395833 0.669531 0.394444 0.669531 0.388889 0.666406 0.388889 0.665625 0.387500 0.655469 0.388889 0.653125 0.387500 0.651563 0.388889 0.649219 0.393056 0.647656 0.394444 0.645312 0.394444 0.644531 0.393056 0.641406 0.393056 0.639062 0.388889 0.638281 0.386111 0.636719 0.377778 0.633594 0.376389 0.629687 0.375000 0.625000 0.373611 0.607812 0.373611
2 0.471094 0.361111 0.469531 0.362500 0.467969 0.365278 0.467187 0.368056 0.467187 0.370833 0.465625 0.372222 0.464844 0.376389 0.465625 0.377778 0.465625 0.381944 0.464844 0.400000 0.465625 0.401389 0.465625 0.408333 0.470313 0.408333 0.471094 0.405556 0.488281 0.405556 0.489063 0.408333 0.492969 0.408333 0.492969 0.405556 0.492188 0.398611 0.492969 0.383333 0.494531 0.380556 0.498437 0.381944 0.500000 0.386111 0.502344 0.386111 0.503125 0.397222 0.503906 0.400000 0.505469 0.401389 0.507031 0.401389 0.507812 0.397222 0.511719 0.397222 0.521094 0.400000 0.521094 0.401389 0.522656 0.404167 0.526563 0.404167 0.526563 0.400000 0.527344 0.398611 0.528125 0.393056 0.529687 0.394444 0.533594 0.400000 0.538281 0.401389 0.538281 0.402778 0.541406 0.405556 0.544531 0.406944 0.546875 0.406944 0.550000 0.404167 0.551562 0.406944 0.556250 0.406944 0.559375 0.411111 0.567187 0.411111 0.567187 0.408333 0.564844 0.404167 0.564844 0.400000 0.565625 0.398611 0.565625 0.394444 0.564844 0.390278 0.564063 0.386111 0.562500 0.380556 0.560937 0.379167 0.558594 0.379167 0.555469 0.376389 0.550000 0.377778 0.546875 0.372222 0.542969 0.370833 0.536719 0.372222 0.534375 0.372222 0.532813 0.369444 0.523438 0.369444 0.520312 0.366667 0.515625 0.365278 0.506250 0.363889 0.502344 0.363889 0.490625 0.365278 0.489063 0.363889 0.487500 0.361111 0.471094 0.361111
2 0.405469 0.354167 0.401562 0.355556 0.398438 0.361111 0.397656 0.366667 0.393750 0.366667 0.379688 0.365278 0.375781 0.372222 0.374219 0.372222 0.372656 0.373611 0.370312 0.377778 0.370312 0.381944 0.371094 0.384722 0.373437 0.390278 0.373437 0.395833 0.389844 0.395833 0.392969 0.397222 0.393750 0.400000 0.396094 0.400000 0.397656 0.400000 0.400000 0.395833 0.405469 0.395833 0.410938 0.391667 0.415625 0.390278 0.417187 0.390278 0.418750 0.393056 0.418750 0.397222 0.420312 0.398611 0.421875 0.398611 0.426563 0.394444 0.435937 0.394444 0.436719 0.397222 0.442188 0.398611 0.442188 0.394444 0.442969 0.393056 0.442969 0.387500 0.442188 0.377778 0.441406 0.375000 0.439063 0.370833 0.439063 0.369444 0.437500 0.366667 0.433594 0.365278 0.425781 0.365278 0.422656 0.368056 0.421875 0.365278 0.421094 0.363889 0.420312 0.356944 0.418750 0.355556 0.417187 0.354167 0.405469 0.354167
2 0.000000 0.273611 0.000000 0.486111 0.007812 0.486111 0.008594 0.484722 0.026562 0.483333 0.046094 0.479167 0.054688 0.477778 0.056250 0.477778 0.057813 0.480556 0.059375 0.486111 0.060937 0.493056 0.061719 0.495833 0.064062 0.497222 0.067969 0.501389 0.072656 0.501389 0.081250 0.500000 0.084375 0.498611 0.086719 0.497222 0.089063 0.495833 0.092969 0.488889 0.093750 0.486111 0.095312 0.476389 0.096094 0.473611 0.097656 0.470833 0.098437 0.466667 0.112500 0.465278 0.115625 0.461111 0.117969 0.456944 0.118750 0.452778 0.120313 0.450000 0.134375 0.452778 0.153906 0.454167 0.154688 0.456944 0.156250 0.465278 0.160156 0.466667 0.181250 0.466667 0.185938 0.465278 0.188281 0.461111 0.189062 0.461111 0.190625 0.458333 0.191406 0.451389 0.192969 0.447222 0.195312 0.443056 0.210938 0.441667 0.212500 0.441667 0.214844 0.447222 0.216406 0.448611 0.218750 0.450000 0.221094 0.451389 0.225781 0.451389 0.227344 0.450000 0.230469 0.445833 0.229687 0.429167 0.230469 0.420833 0.240625 0.420833 0.267969 0.423611 0.267969 0.429167 0.269531 0.431944 0.279687 0.430556 0.280469 0.420833 0.282813 0.419444 0.288281 0.420833 0.288281 0.425000 0.289844 0.426389 0.291406 0.427778 0.296875 0.427778 0.300000 0.425000 0.300781 0.422222 0.301563 0.419444 0.301563 0.402778 0.300781 0.397222 0.296875 0.388889 0.296094 0.386111 0.295312 0.383333 0.295312 0.376389 0.294531 0.373611 0.293750 0.372222 0.292969 0.372222 0.289844 0.372222 0.288281 0.369444 0.285938 0.363889 0.279687 0.354167 0.277344 0.351389 0.271875 0.350000 0.264062 0.348611 0.248438 0.347222 0.238281 0.347222 0.231250 0.351389 0.229687 0.352778 0.217969 0.373611 0.216406 0.375000 0.214844 0.376389 0.207031 0.381944 0.203125 0.375000 0.203125 0.373611 0.198437 0.365278 0.196094 0.363889 0.187500 0.356944 0.179688 0.351389 0.166406 0.350000 0.143750 0.350000 0.136719 0.351389 0.129688 0.352778 0.127344 0.354167 0.125000 0.356944 0.121094 0.362500 0.110937 0.377778 0.107813 0.381944 0.105469 0.384722 0.099219 0.391667 0.096094 0.394444 0.095312 0.388889 0.090625 0.380556 0.089844 0.380556 0.084375 0.370833 0.082031 0.368056 0.076563 0.362500 0.075000 0.361111 0.071094 0.359722 0.064844 0.359722 0.060937 0.356944 0.065625 0.348611 0.064844 0.345833 0.062500 0.340278 0.058594 0.337500 0.053906 0.334722 0.052344 0.334722 0.046875 0.340278 0.045312 0.337500 0.044531 0.337500 0.028125 0.308333 0.018750 0.293056 0.014844 0.288889 0.008594 0.283333 0.004687 0.277778 0.002344 0.276389 0.000000 0.273611
