19 0.311719 0.505556 0.352344 0.505556 0.402344 0.506944 0.403125 0.508333 0.452344 0.508333 0.453125 0.509722 0.446094 0.562500 0.442969 0.562500 0.420312 0.583333 0.413281 0.588889 0.410156 0.591667 0.407813 0.594444 0.410156 0.595833 0.426563 0.581944 0.435937 0.573611 0.441406 0.568056 0.444531 0.565278 0.446094 0.562500 0.453125 0.509722 0.485938 0.509722 0.485938 0.515278 0.486719 0.516667 0.486719 0.523611 0.485938 0.551389 0.493750 0.552778 0.495312 0.550000 0.496094 0.544444 0.499219 0.541667 0.503906 0.541667 0.507031 0.545833 0.508594 0.545833 0.510938 0.543056 0.521094 0.543056 0.521875 0.554167 0.528125 0.555556 0.529687 0.540278 0.529687 0.516667 0.542188 0.516667 0.542969 0.519444 0.555469 0.519444 0.556250 0.516667 0.563281 0.516667 0.567969 0.520833 0.581250 0.520833 0.596094 0.519444 0.596875 0.520833 0.607031 0.520833 0.607031 0.536111 0.607812 0.547222 0.610938 0.548611 0.610938 0.555556 0.611719 0.558333 0.614844 0.561111 0.617969 0.562500 0.618750 0.556944 0.630469 0.556944 0.630469 0.559722 0.632812 0.561111 0.635156 0.563889 0.638281 0.563889 0.647656 0.559722 0.650781 0.558333 0.652344 0.545833 0.652344 0.531944 0.650781 0.523611 0.663281 0.523611 0.667969 0.531944 0.674219 0.531944 0.696875 0.530556 0.708594 0.551389 0.713281 0.551389 0.724219 0.548611 0.732812 0.548611 0.747656 0.552778 0.778125 0.558333 0.809375 0.563889 0.817969 0.565278 0.844531 0.569444 0.915625 0.579167 0.924219 0.580556 0.932813 0.581944 0.940625 0.583333 0.978906 0.590278 0.986719 0.593056 0.993750 0.593056 0.994531 0.594444 0.999219 0.594444 0.999219 0.723611 0.997656 0.723611 0.986719 0.722222 0.975781 0.720833 0.953906 0.716667 0.942969 0.715278 0.925781 0.715278 0.912500 0.716667 0.874219 0.720833 0.861719 0.722222 0.853906 0.723611 0.847656 0.725000 0.829688 0.729167 0.728125 0.754167 0.692187 0.762500 0.674219 0.766667 0.667969 0.768056 0.657813 0.769444 0.646875 0.770833 0.532031 0.784722 0.497656 0.788889 0.485938 0.790278 0.474219 0.790278 0.473438 0.788889 0.418750 0.783333 0.404687 0.781944 0.342187 0.781944 0.287500 0.783333 0.280469 0.784722 0.225781 0.795833 0.219531 0.797222 0.213281 0.798611 0.208594 0.800000 0.196094 0.804167 0.179688 0.809722 0.167187 0.813889 0.163281 0.815278 0.159375 0.816667 0.155469 0.820833 0.152344 0.822222 0.125781 0.830556 0.107031 0.837500 0.053125 0.858333 0.042188 0.863889 0.039062 0.863889 0.038281 0.865278 0.017188 0.872222 0.006250 0.877778 0.003125 0.877778 0.002344 0.879167 0.000000 0.879167 0.000000 0.545833 0.020313 0.544444 0.021094 0.547222 0.021094 0.551389 0.021875 0.554167 0.025000 0.559722 0.027344 0.559722 0.028125 0.561111 0.029687 0.561111 0.033594 0.559722 0.035156 0.558333 0.041406 0.547222 0.042969 0.543056 0.043750 0.534722 0.044531 0.529167 0.046875 0.529167 0.047656 0.527778 0.063281 0.526389 0.089844 0.525000 0.119531 0.525000 0.146094 0.523611 0.165625 0.522222 0.203125 0.518056 0.215625 0.515278 0.228125 0.513889 0.240625 0.512500 0.253906 0.511111 0.267969 0.509722 0.282031 0.508333 0.311719 0.505556
23 0.000000 0.163889 0.000781 0.188889 0.003125 0.188889 0.008594 0.193056 0.010937 0.193056 0.039844 0.209722 0.084375 0.233333 0.121094 0.252778 0.125781 0.254167 0.127344 0.255556 0.130469 0.251389 0.136719 0.251389 0.136719 0.248611 0.138281 0.245833 0.137500 0.240278 0.135156 0.238889 0.130469 0.236111 0.128125 0.236111 0.115625 0.227778 0.113281 0.227778 0.071094 0.202778 0.056250 0.195833 0.028906 0.179167 0.014063 0.170833 0.011719 0.170833 0.001563 0.163889 0.000000 0.163889
2 0.549219 0.495833 0.548438 0.497222 0.543750 0.497222 0.543750 0.506944 0.542969 0.508333 0.542969 0.518056 0.555469 0.518056 0.555469 0.506944 0.554688 0.505556 0.554688 0.495833 0.549219 0.495833
2 0.571094 0.494444 0.567187 0.495833 0.564844 0.498611 0.562500 0.500000 0.562500 0.513889 0.564063 0.516667 0.565625 0.518056 0.567969 0.519444 0.581250 0.519444 0.582031 0.505556 0.582031 0.502778 0.581250 0.501389 0.581250 0.497222 0.578906 0.493056 0.571094 0.494444
2 0.623437 0.488889 0.613281 0.491667 0.613281 0.493056 0.608594 0.504167 0.607812 0.506944 0.607812 0.536111 0.608594 0.537500 0.608594 0.547222 0.611719 0.548611 0.611719 0.555556 0.612500 0.558333 0.614062 0.558333 0.614844 0.559722 0.617969 0.561111 0.618750 0.555556 0.631250 0.556944 0.631250 0.559722 0.635156 0.562500 0.638281 0.562500 0.648438 0.556944 0.650781 0.556944 0.650781 0.547222 0.651563 0.545833 0.651563 0.531944 0.649219 0.515278 0.648438 0.509722 0.647656 0.506944 0.639844 0.493056 0.638281 0.491667 0.635156 0.490278 0.632031 0.488889 0.623437 0.488889
2 0.488281 0.480556 0.488281 0.490278 0.487500 0.491667 0.486719 0.504167 0.487500 0.516667 0.487500 0.523611 0.486719 0.551389 0.494531 0.550000 0.495312 0.547222 0.495312 0.544444 0.496875 0.541667 0.499219 0.540278 0.503906 0.540278 0.507031 0.544444 0.508594 0.544444 0.510938 0.541667 0.521875 0.543056 0.521875 0.548611 0.522656 0.550000 0.522656 0.554167 0.528125 0.554167 0.528125 0.541667 0.528906 0.540278 0.528906 0.506944 0.527344 0.497222 0.525781 0.487500 0.525000 0.483333 0.524219 0.480556 0.488281 0.480556
2 0.000000 0.468056 0.000000 0.543056 0.021094 0.544444 0.021875 0.547222 0.021875 0.551389 0.022656 0.554167 0.025000 0.558333 0.027344 0.558333 0.028125 0.559722 0.029687 0.559722 0.033594 0.558333 0.035156 0.556944 0.040625 0.547222 0.042188 0.543056 0.042969 0.537500 0.043750 0.533333 0.043750 0.525000 0.042188 0.515278 0.041406 0.495833 0.038281 0.494444 0.037500 0.490278 0.032813 0.476389 0.031250 0.472222 0.028906 0.472222 0.025000 0.469444 0.014063 0.468056 0.000000 0.468056
24 0.370312 0.369444 0.370312 0.376389 0.371094 0.413889 0.371875 0.423611 0.373437 0.426389 0.373437 0.401389 0.372656 0.400000 0.372656 0.369444 0.370312 0.369444
24 0.274219 0.304167 0.274219 0.309722 0.273438 0.311111 0.273438 0.341667 0.272656 0.365278 0.270313 0.368056 0.270313 0.384722 0.271875 0.384722 0.274219 0.381944 0.276562 0.380556 0.276562 0.369444 0.274219 0.366667 0.274219 0.350000 0.275781 0.323611 0.274219 0.304167
24 0.868750 0.191667 0.866406 0.195833 0.865625 0.198611 0.865625 0.448611 0.869531 0.448611 0.870313 0.447222 0.872656 0.447222 0.871875 0.290278 0.871094 0.198611 0.870313 0.195833 0.868750 0.191667
24 0.196094 0.191667 0.195312 0.265278 0.196094 0.281944 0.196875 0.281944 0.198437 0.283333 0.198437 0.191667 0.196094 0.191667
29 0.873437 0.386111 0.873437 0.419444 0.874219 0.420833 0.874219 0.437500 0.875781 0.438889 0.885156 0.440278 0.886719 0.440278 0.886719 0.390278 0.884375 0.390278 0.883594 0.388889 0.878125 0.387500 0.873437 0.386111
29 0.700000 0.220833 0.697656 0.222222 0.697656 0.225000 0.694531 0.230556 0.694531 0.233333 0.693750 0.236111 0.694531 0.241667 0.692969 0.241667 0.692187 0.240278 0.690625 0.240278 0.691406 0.245833 0.692969 0.247222 0.693750 0.250000 0.694531 0.254167 0.695312 0.254167 0.696094 0.256944 0.693750 0.259722 0.692969 0.262500 0.693750 0.265278 0.696875 0.270833 0.696875 0.273611 0.698438 0.275000 0.701562 0.275000 0.702344 0.276389 0.704688 0.276389 0.704688 0.273611 0.706250 0.268056 0.710938 0.268056 0.711719 0.269444 0.716406 0.269444 0.717187 0.247222 0.717187 0.241667 0.705469 0.240278 0.706250 0.236111 0.708594 0.231944 0.708594 0.230556 0.710156 0.227778 0.708594 0.227778 0.706250 0.226389 0.705469 0.223611 0.700000 0.220833
30 0.784375 0.323611 0.784375 0.337500 0.785156 0.338889 0.785156 0.347222 0.786719 0.347222 0.787500 0.348611 0.797656 0.348611 0.808594 0.351389 0.819531 0.352778 0.823438 0.352778 0.823438 0.329167 0.820312 0.329167 0.819531 0.327778 0.808594 0.327778 0.807813 0.326389 0.796094 0.325000 0.784375 0.323611
22 0.000000 0.188889 0.000000 0.466667 0.014063 0.466667 0.025000 0.468056 0.028125 0.469444 0.032031 0.472222 0.032031 0.473611 0.033594 0.476389 0.039062 0.494444 0.041406 0.494444 0.042969 0.497222 0.042969 0.515278 0.043750 0.520833 0.044531 0.525000 0.045312 0.527778 0.046875 0.527778 0.063281 0.525000 0.089844 0.523611 0.119531 0.523611 0.137500 0.522222 0.152344 0.520833 0.181250 0.518056 0.253125 0.511111 0.282031 0.506944 0.296094 0.506944 0.310156 0.505556 0.311719 0.504167 0.310937 0.494444 0.310937 0.491667 0.314844 0.484722 0.319531 0.480556 0.323437 0.477778 0.325000 0.477778 0.329688 0.480556 0.333594 0.481944 0.336719 0.476389 0.338281 0.470833 0.339844 0.468056 0.341406 0.466667 0.345313 0.463889 0.357812 0.463889 0.359375 0.465278 0.360938 0.466667 0.361719 0.468056 0.362500 0.470833 0.363281 0.473611 0.363281 0.480556 0.367188 0.479167 0.371094 0.476389 0.379688 0.476389 0.382031 0.479167 0.383594 0.479167 0.389844 0.468056 0.396094 0.455556 0.399219 0.448611 0.399219 0.447222 0.400781 0.444444 0.400000 0.441667 0.399219 0.438889 0.397656 0.436111 0.396875 0.431944 0.392969 0.429167 0.383594 0.429167 0.372656 0.427778 0.369531 0.425000 0.366406 0.420833 0.364844 0.419444 0.362500 0.418056 0.356250 0.415278 0.343750 0.409722 0.281250 0.381944 0.277344 0.380556 0.275781 0.383333 0.271875 0.386111 0.267969 0.387500 0.264062 0.387500 0.261719 0.384722 0.257031 0.377778 0.244531 0.359722 0.239844 0.352778 0.233594 0.343056 0.225781 0.330556 0.210938 0.305556 0.203125 0.293056 0.196094 0.283333 0.188281 0.269444 0.177344 0.269444 0.161719 0.272222 0.153906 0.272222 0.151562 0.270833 0.144531 0.265278 0.137500 0.261111 0.129688 0.256944 0.126562 0.256944 0.121094 0.254167 0.110937 0.248611 0.084375 0.234722 0.003125 0.190278 0.000000 0.188889
27 0.132031 0.256944 0.134375 0.258333 0.135156 0.259722 0.137500 0.259722 0.141406 0.262500 0.139844 0.261111 0.138281 0.259722 0.134375 0.256944 0.132031 0.256944
27 0.999219 0.000000 0.999219 0.468056 0.997656 0.466667 0.997656 0.465278 0.995313 0.461111 0.995313 0.456944 0.993750 0.454167 0.992188 0.452778 0.988281 0.451389 0.986719 0.451389 0.985156 0.454167 0.980469 0.466667 0.979688 0.470833 0.979688 0.473611 0.978125 0.470833 0.978125 0.468056 0.976562 0.465278 0.972656 0.462500 0.964063 0.462500 0.960938 0.465278 0.960938 0.462500 0.953906 0.461111 0.950000 0.459722 0.946875 0.456944 0.945312 0.456944 0.940625 0.463889 0.939063 0.465278 0.937500 0.465278 0.934375 0.459722 0.932813 0.455556 0.932813 0.454167 0.925781 0.454167 0.925000 0.456944 0.924219 0.461111 0.921875 0.465278 0.920312 0.465278 0.918750 0.463889 0.919531 0.458333 0.913281 0.456944 0.909375 0.452778 0.903125 0.452778 0.903125 0.450000 0.896094 0.448611 0.894531 0.450000 0.892188 0.452778 0.889062 0.458333 0.888281 0.462500 0.887500 0.465278 0.886719 0.459722 0.885156 0.455556 0.882812 0.451389 0.880469 0.448611 0.878906 0.447222 0.877344 0.445833 0.873437 0.444444 0.874219 0.438889 0.875781 0.440278 0.885156 0.441667 0.886719 0.441667 0.887500 0.390278 0.883594 0.387500 0.878125 0.386111 0.873437 0.384722 0.823438 0.354167 0.824219 0.329167 0.819531 0.326389 0.807813 0.325000 0.796094 0.323611 0.784375 0.322222 0.783594 0.337500 0.784375 0.347222 0.787500 0.350000 0.798438 0.351389 0.808594 0.352778 0.819531 0.354167 0.823438 0.354167 0.873437 0.384722 0.872656 0.419444 0.874219 0.438889 0.873437 0.444444 0.872656 0.290278 0.871875 0.198611 0.871094 0.195833 0.868750 0.190278 0.865625 0.195833 0.864844 0.198611 0.864844 0.445833 0.860156 0.448611 0.856250 0.451389 0.854688 0.452778 0.851562 0.456944 0.846875 0.465278 0.844531 0.468056 0.840625 0.462500 0.839063 0.461111 0.837500 0.459722 0.833594 0.459722 0.833594 0.455556 0.832031 0.452778 0.824219 0.451389 0.821875 0.451389 0.817969 0.454167 0.814844 0.451389 0.812500 0.454167 0.810937 0.459722 0.809375 0.462500 0.807031 0.465278 0.800781 0.465278 0.799219 0.461111 0.793750 0.461111 0.792969 0.455556 0.787500 0.455556 0.784375 0.458333 0.785156 0.451389 0.783594 0.448611 0.778125 0.444444 0.771094 0.444444 0.768750 0.441667 0.766406 0.437500 0.760938 0.437500 0.756250 0.433333 0.752344 0.429167 0.748437 0.422222 0.738281 0.422222 0.735938 0.419444 0.732812 0.419444 0.732031 0.418056 0.728906 0.419444 0.725781 0.426389 0.723437 0.427778 0.721875 0.429167 0.725781 0.423611 0.727344 0.420833 0.727344 0.405556 0.719531 0.402778 0.713281 0.391667 0.710938 0.390278 0.707812 0.388889 0.695312 0.388889 0.696875 0.386111 0.696094 0.383333 0.694531 0.381944 0.689063 0.381944 0.686719 0.380556 0.684375 0.379167 0.671094 0.366667 0.696875 0.275000 0.698438 0.276389 0.701562 0.276389 0.702344 0.277778 0.704688 0.277778 0.706250 0.272222 0.706250 0.269444 0.710938 0.269444 0.711719 0.270833 0.716406 0.270833 0.717969 0.247222 0.717969 0.241667 0.706250 0.240278 0.707031 0.236111 0.709375 0.231944 0.709375 0.230556 0.710938 0.227778 0.706250 0.225000 0.705469 0.222222 0.700000 0.219444 0.697656 0.220833 0.696875 0.225000 0.693750 0.230556 0.693750 0.233333 0.694531 0.240278 0.692969 0.240278 0.692187 0.238889 0.690625 0.238889 0.689844 0.244444 0.692187 0.247222 0.692969 0.250000 0.692969 0.252778 0.695312 0.255556 0.694531 0.258333 0.693750 0.258333 0.692969 0.259722 0.692187 0.262500 0.692969 0.265278 0.696094 0.270833 0.696875 0.275000 0.671094 0.366667 0.667969 0.363889 0.666406 0.362500 0.661719 0.365278 0.653906 0.365278 0.653125 0.362500 0.647656 0.363889 0.644531 0.363889 0.642969 0.362500 0.641406 0.359722 0.635938 0.359722 0.635156 0.361111 0.628906 0.361111 0.625781 0.356944 0.623437 0.355556 0.618750 0.355556 0.613281 0.351389 0.610938 0.350000 0.609375 0.350000 0.602344 0.354167 0.600000 0.355556 0.598437 0.358333 0.598437 0.373611 0.596875 0.376389 0.596875 0.377778 0.593750 0.379167 0.585938 0.377778 0.582812 0.380556 0.580469 0.380556 0.578906 0.377778 0.578125 0.375000 0.575781 0.365278 0.575781 0.362500 0.575000 0.359722 0.571875 0.356944 0.568750 0.356944 0.563281 0.352778 0.559375 0.351389 0.558594 0.348611 0.557031 0.347222 0.555469 0.347222 0.553906 0.345833 0.552344 0.344444 0.550000 0.340278 0.548438 0.340278 0.545312 0.341667 0.542969 0.338889 0.538281 0.340278 0.535937 0.340278 0.534375 0.333333 0.533594 0.330556 0.523438 0.329167 0.517969 0.331944 0.514062 0.331944 0.510938 0.327778 0.510938 0.325000 0.509375 0.322222 0.504687 0.322222 0.502344 0.319444 0.500000 0.318056 0.499219 0.315278 0.499219 0.312500 0.498437 0.309722 0.496875 0.306944 0.492188 0.308333 0.489844 0.308333 0.485156 0.305556 0.479687 0.304167 0.463281 0.304167 0.460938 0.305556 0.459375 0.306944 0.458594 0.308333 0.457813 0.311111 0.457813 0.312500 0.457031 0.315278 0.454688 0.316667 0.451562 0.313889 0.445312 0.312500 0.443750 0.309722 0.436719 0.309722 0.435156 0.311111 0.433594 0.313889 0.432031 0.315278 0.425781 0.315278 0.422656 0.316667 0.420312 0.318056 0.415625 0.326389 0.412500 0.319444 0.412500 0.316667 0.409375 0.315278 0.407031 0.316667 0.404687 0.318056 0.396875 0.323611 0.392969 0.326389 0.391406 0.329167 0.389844 0.330556 0.387500 0.329167 0.385937 0.327778 0.382031 0.320833 0.378906 0.319444 0.376563 0.315278 0.372656 0.318056 0.368750 0.323611 0.367188 0.325000 0.366406 0.318056 0.364844 0.315278 0.360938 0.315278 0.358594 0.309722 0.355469 0.309722 0.353906 0.302778 0.352344 0.300000 0.347656 0.300000 0.340625 0.301389 0.340625 0.297222 0.339062 0.294444 0.334375 0.290278 0.331250 0.290278 0.332031 0.283333 0.331250 0.277778 0.330469 0.273611 0.329688 0.270833 0.325000 0.268056 0.325000 0.266667 0.325000 0.259722 0.324219 0.256944 0.322656 0.254167 0.320312 0.252778 0.315625 0.255556 0.314063 0.250000 0.310156 0.243056 0.309375 0.243056 0.305469 0.234722 0.303906 0.231944 0.298438 0.233333 0.296094 0.233333 0.294531 0.231944 0.292969 0.230556 0.291406 0.227778 0.289844 0.226389 0.282031 0.227778 0.281250 0.231944 0.278906 0.231944 0.278125 0.233333 0.274219 0.234722 0.269531 0.234722 0.268750 0.230556 0.267188 0.227778 0.267188 0.226389 0.266406 0.225000 0.264844 0.223611 0.262500 0.222222 0.260156 0.220833 0.258594 0.220833 0.253125 0.225000 0.250781 0.226389 0.248438 0.225000 0.246094 0.219444 0.244531 0.218056 0.233594 0.218056 0.230469 0.223611 0.228906 0.225000 0.222656 0.225000 0.211719 0.222222 0.208594 0.215278 0.203125 0.215278 0.201563 0.216667 0.200781 0.219444 0.199219 0.220833 0.199219 0.191667 0.196094 0.190278 0.195312 0.225000 0.193750 0.226389 0.192188 0.227778 0.191406 0.222222 0.190625 0.222222 0.189062 0.219444 0.187500 0.218056 0.177344 0.222222 0.171875 0.223611 0.162500 0.223611 0.160938 0.229167 0.160938 0.238889 0.146875 0.234722 0.142969 0.234722 0.141406 0.236111 0.139063 0.240278 0.137500 0.238889 0.133594 0.237500 0.128125 0.234722 0.056250 0.194444 0.014063 0.169444 0.011719 0.169444 0.004687 0.165278 0.001563 0.162500 0.000000 0.162500 0.000000 0.000000 0.999219 0.000000
25 0.182812 0.220833 0.177344 0.223611 0.171875 0.225000 0.162500 0.225000 0.162500 0.227778 0.161719 0.229167 0.160938 0.240278 0.146875 0.236111 0.142969 0.236111 0.141406 0.237500 0.139063 0.241667 0.139063 0.245833 0.137500 0.248611 0.136719 0.252778 0.130469 0.252778 0.128906 0.255556 0.131250 0.256944 0.134375 0.255556 0.138281 0.258333 0.147656 0.266667 0.151562 0.269444 0.153906 0.270833 0.161719 0.270833 0.177344 0.268056 0.188281 0.268056 0.194531 0.279167 0.194531 0.265278 0.195312 0.263889 0.195312 0.226389 0.192188 0.229167 0.191406 0.223611 0.189062 0.220833 0.187500 0.219444 0.182812 0.220833
25 0.203125 0.216667 0.201563 0.218056 0.200000 0.220833 0.198437 0.284722 0.202344 0.291667 0.210156 0.304167 0.210938 0.304167 0.225781 0.329167 0.233594 0.341667 0.239844 0.351389 0.244531 0.358333 0.257031 0.376389 0.261719 0.383333 0.264062 0.386111 0.267969 0.386111 0.269531 0.384722 0.269531 0.368056 0.271094 0.366667 0.272656 0.341667 0.272656 0.311111 0.275000 0.302778 0.276562 0.305556 0.276562 0.323611 0.275000 0.350000 0.275781 0.368056 0.277344 0.369444 0.277344 0.379167 0.278906 0.380556 0.282031 0.381944 0.288281 0.384722 0.300781 0.390278 0.362500 0.416667 0.364844 0.418056 0.366406 0.419444 0.367969 0.422222 0.371094 0.425000 0.372656 0.426389 0.371094 0.423611 0.370312 0.413889 0.369531 0.376389 0.370312 0.368056 0.373437 0.369444 0.373437 0.400000 0.374219 0.401389 0.374219 0.426389 0.382812 0.426389 0.383594 0.427778 0.392969 0.427778 0.396094 0.429167 0.397656 0.431944 0.400000 0.438889 0.401562 0.444444 0.400000 0.447222 0.400000 0.448611 0.396875 0.455556 0.390625 0.468056 0.382812 0.481944 0.381250 0.481944 0.379688 0.480556 0.378125 0.477778 0.372656 0.477778 0.365625 0.481944 0.362500 0.480556 0.362500 0.473611 0.360938 0.468056 0.359375 0.466667 0.357812 0.465278 0.345313 0.465278 0.341406 0.468056 0.339844 0.469444 0.339062 0.470833 0.339062 0.472222 0.337500 0.476389 0.335156 0.481944 0.333594 0.483333 0.329688 0.481944 0.323437 0.479167 0.321094 0.481944 0.319531 0.481944 0.314844 0.486111 0.311719 0.491667 0.311719 0.494444 0.312500 0.505556 0.352344 0.504167 0.403125 0.506944 0.453125 0.508333 0.485938 0.508333 0.485938 0.504167 0.486719 0.502778 0.486719 0.491667 0.488281 0.479167 0.525000 0.480556 0.526563 0.483333 0.528125 0.493056 0.528125 0.500000 0.529687 0.506944 0.529687 0.515278 0.542188 0.515278 0.542188 0.508333 0.542969 0.506944 0.543750 0.495833 0.549219 0.494444 0.555469 0.495833 0.555469 0.505556 0.556250 0.506944 0.556250 0.515278 0.562500 0.515278 0.561719 0.500000 0.563281 0.497222 0.567187 0.494444 0.571094 0.493056 0.578906 0.491667 0.582031 0.497222 0.582031 0.501389 0.582812 0.502778 0.582812 0.505556 0.582031 0.518056 0.596875 0.519444 0.607031 0.519444 0.607031 0.506944 0.607812 0.504167 0.610938 0.495833 0.612500 0.491667 0.614062 0.488889 0.623437 0.487500 0.632031 0.487500 0.635156 0.488889 0.638281 0.490278 0.639844 0.491667 0.648438 0.506944 0.649219 0.509722 0.650000 0.519444 0.650781 0.522222 0.663281 0.522222 0.667969 0.530556 0.674219 0.530556 0.696875 0.529167 0.708594 0.550000 0.713281 0.550000 0.724219 0.547222 0.732812 0.547222 0.747656 0.551389 0.778125 0.556944 0.809375 0.562500 0.817969 0.563889 0.844531 0.568056 0.915625 0.577778 0.924219 0.579167 0.932813 0.580556 0.940625 0.581944 0.986719 0.591667 0.994531 0.593056 0.999219 0.593056 0.998437 0.473611 0.999219 0.469444 0.998437 0.469444 0.996875 0.466667 0.996875 0.465278 0.994531 0.461111 0.993750 0.455556 0.992188 0.454167 0.988281 0.452778 0.985938 0.454167 0.981250 0.466667 0.979688 0.475000 0.977344 0.470833 0.976562 0.466667 0.975000 0.466667 0.972656 0.463889 0.964063 0.463889 0.960938 0.466667 0.960156 0.462500 0.953906 0.462500 0.950000 0.461111 0.946875 0.458333 0.945312 0.458333 0.940625 0.465278 0.939063 0.466667 0.937500 0.466667 0.933594 0.459722 0.932031 0.454167 0.926562 0.454167 0.925781 0.456944 0.925000 0.461111 0.921875 0.466667 0.920312 0.466667 0.918750 0.465278 0.917969 0.462500 0.918750 0.458333 0.913281 0.458333 0.909375 0.454167 0.902344 0.452778 0.902344 0.450000 0.896094 0.450000 0.894531 0.451389 0.892188 0.454167 0.889844 0.458333 0.889062 0.462500 0.888281 0.465278 0.885938 0.465278 0.885938 0.459722 0.884375 0.455556 0.882812 0.452778 0.880469 0.450000 0.878906 0.448611 0.877344 0.447222 0.875000 0.445833 0.872656 0.444444 0.872656 0.448611 0.869531 0.450000 0.865625 0.450000 0.864844 0.447222 0.862500 0.448611 0.860156 0.450000 0.856250 0.452778 0.854688 0.454167 0.851562 0.458333 0.846875 0.466667 0.843750 0.469444 0.840625 0.463889 0.839063 0.462500 0.837500 0.461111 0.832812 0.459722 0.832031 0.454167 0.824219 0.452778 0.821875 0.452778 0.817187 0.455556 0.813281 0.454167 0.813281 0.455556 0.811719 0.459722 0.809375 0.463889 0.807031 0.466667 0.800000 0.465278 0.799219 0.462500 0.792969 0.461111 0.792969 0.458333 0.792188 0.455556 0.787500 0.456944 0.783594 0.458333 0.784375 0.451389 0.781250 0.448611 0.778125 0.445833 0.771094 0.445833 0.768750 0.443056 0.766406 0.438889 0.760938 0.438889 0.756250 0.434722 0.752344 0.430556 0.748437 0.423611 0.738281 0.423611 0.735938 0.420833 0.732812 0.420833 0.732031 0.419444 0.729688 0.419444 0.725781 0.427778 0.721094 0.429167 0.725781 0.422222 0.726562 0.405556 0.718750 0.404167 0.713281 0.393056 0.710938 0.391667 0.707812 0.390278 0.694531 0.388889 0.696094 0.384722 0.694531 0.383333 0.689063 0.383333 0.686719 0.381944 0.684375 0.380556 0.665625 0.363889 0.661719 0.366667 0.653906 0.366667 0.653125 0.363889 0.647656 0.365278 0.644531 0.365278 0.642969 0.363889 0.641406 0.361111 0.635938 0.361111 0.635156 0.362500 0.628906 0.362500 0.625781 0.358333 0.623437 0.356944 0.618750 0.356944 0.610938 0.351389 0.609375 0.351389 0.607031 0.352778 0.602344 0.355556 0.599219 0.358333 0.599219 0.373611 0.597656 0.377778 0.596094 0.380556 0.593750 0.380556 0.585938 0.379167 0.581250 0.381944 0.578906 0.381944 0.578906 0.379167 0.577344 0.372222 0.575000 0.362500 0.574219 0.359722 0.572656 0.359722 0.571875 0.358333 0.568750 0.358333 0.563281 0.354167 0.560156 0.354167 0.558594 0.350000 0.557031 0.348611 0.555469 0.348611 0.553906 0.347222 0.552344 0.345833 0.550000 0.341667 0.548438 0.341667 0.545312 0.343056 0.542969 0.340278 0.538281 0.341667 0.535156 0.340278 0.534375 0.337500 0.532813 0.330556 0.522656 0.330556 0.517969 0.333333 0.514062 0.333333 0.510938 0.329167 0.509375 0.323611 0.504687 0.323611 0.500781 0.320833 0.499219 0.318056 0.498437 0.315278 0.498437 0.312500 0.497656 0.309722 0.492188 0.309722 0.489844 0.309722 0.485156 0.306944 0.479687 0.305556 0.463281 0.305556 0.460938 0.306944 0.459375 0.308333 0.457813 0.315278 0.456250 0.318056 0.454688 0.318056 0.451562 0.315278 0.445312 0.315278 0.444531 0.312500 0.436719 0.311111 0.435156 0.312500 0.433594 0.315278 0.432031 0.316667 0.425781 0.316667 0.422656 0.318056 0.420312 0.319444 0.415625 0.327778 0.411719 0.319444 0.411719 0.316667 0.409375 0.316667 0.407031 0.318056 0.404687 0.319444 0.396875 0.325000 0.392969 0.327778 0.391406 0.330556 0.389844 0.331944 0.387500 0.330556 0.385937 0.329167 0.382031 0.322222 0.378906 0.320833 0.375781 0.316667 0.372656 0.319444 0.368750 0.325000 0.367188 0.326389 0.366406 0.323611 0.365625 0.322222 0.364844 0.316667 0.360156 0.315278 0.358594 0.311111 0.355469 0.311111 0.353906 0.308333 0.353906 0.305556 0.353125 0.302778 0.347656 0.301389 0.339844 0.301389 0.339062 0.295833 0.337500 0.294444 0.334375 0.291667 0.330469 0.288889 0.331250 0.283333 0.330469 0.277778 0.329688 0.273611 0.328906 0.270833 0.325781 0.270833 0.324219 0.268056 0.324219 0.262500 0.324219 0.259722 0.323437 0.256944 0.320312 0.254167 0.315625 0.256944 0.314063 0.254167 0.313281 0.250000 0.310156 0.244444 0.304688 0.234722 0.298438 0.234722 0.296094 0.234722 0.294531 0.233333 0.292969 0.231944 0.291406 0.229167 0.289844 0.227778 0.282813 0.227778 0.282031 0.231944 0.278125 0.234722 0.274219 0.236111 0.269531 0.236111 0.267969 0.233333 0.267969 0.230556 0.266406 0.226389 0.264844 0.225000 0.260156 0.222222 0.258594 0.222222 0.256250 0.223611 0.250781 0.227778 0.249219 0.227778 0.247656 0.225000 0.247656 0.223611 0.246094 0.220833 0.244531 0.219444 0.233594 0.219444 0.230469 0.225000 0.228906 0.226389 0.222656 0.226389 0.212500 0.225000 0.210938 0.222222 0.210938 0.220833 0.208594 0.216667 0.203125 0.216667
