2 0.737500 0.551389 0.733594 0.554167 0.732031 0.555556 0.731250 0.556944 0.730469 0.559722 0.730469 0.568056 0.731250 0.569444 0.731250 0.572222 0.750000 0.573611 0.757812 0.573611 0.757031 0.566667 0.750000 0.554167 0.748437 0.552778 0.746875 0.551389 0.737500 0.551389
21 0.850781 0.534722 0.842187 0.538889 0.838281 0.538889 0.838281 0.543056 0.835938 0.554167 0.835938 0.558333 0.835156 0.559722 0.835156 0.563889 0.841406 0.556944 0.842969 0.558333 0.844531 0.561111 0.844531 0.575000 0.845313 0.581944 0.846094 0.583333 0.846094 0.587500 0.847656 0.580556 0.847656 0.576389 0.848437 0.572222 0.849219 0.569444 0.851562 0.565278 0.853906 0.566667 0.857812 0.569444 0.860156 0.569444 0.866406 0.559722 0.874219 0.559722 0.874219 0.554167 0.873437 0.552778 0.874219 0.544444 0.876563 0.543056 0.874219 0.537500 0.871875 0.534722 0.850781 0.534722
21 0.766406 0.516667 0.766406 0.519444 0.765625 0.520833 0.765625 0.525000 0.764062 0.530556 0.764062 0.576389 0.769531 0.576389 0.770312 0.577778 0.787500 0.577778 0.788281 0.573611 0.793750 0.573611 0.795312 0.563889 0.796875 0.565278 0.798438 0.568056 0.801562 0.570833 0.802344 0.566667 0.803125 0.554167 0.806250 0.543056 0.807031 0.538889 0.807813 0.538889 0.811719 0.533333 0.817187 0.531944 0.817969 0.537500 0.814844 0.548611 0.822656 0.550000 0.822656 0.558333 0.824219 0.561111 0.825000 0.565278 0.825000 0.547222 0.819531 0.536111 0.817969 0.529167 0.816406 0.526389 0.813281 0.526389 0.812500 0.527778 0.807813 0.529167 0.806250 0.529167 0.802344 0.520833 0.800000 0.516667 0.766406 0.516667
2 0.170313 0.469444 0.168750 0.473611 0.166406 0.479167 0.163281 0.487500 0.161719 0.491667 0.160938 0.495833 0.160156 0.500000 0.157031 0.525000 0.156250 0.529167 0.154688 0.531944 0.151562 0.534722 0.143750 0.541667 0.121875 0.543056 0.076563 0.543056 0.057031 0.540278 0.047656 0.540278 0.045312 0.543056 0.042969 0.547222 0.042188 0.547222 0.040625 0.550000 0.039844 0.556944 0.038281 0.572222 0.037500 0.580556 0.036719 0.593056 0.035937 0.606944 0.035156 0.643056 0.032031 0.644444 0.032031 0.647222 0.030469 0.651389 0.030469 0.661111 0.031250 0.676389 0.034375 0.676389 0.035156 0.677778 0.042969 0.677778 0.050781 0.679167 0.059375 0.680556 0.065625 0.683333 0.065625 0.688889 0.064844 0.690278 0.062500 0.722222 0.061719 0.723611 0.061719 0.729167 0.068750 0.729167 0.076563 0.730556 0.081250 0.733333 0.081250 0.736111 0.081250 0.743056 0.082812 0.744444 0.085938 0.747222 0.096875 0.756944 0.100000 0.756944 0.105469 0.752778 0.118750 0.745833 0.120313 0.743056 0.121875 0.738889 0.127344 0.720833 0.129688 0.713889 0.131250 0.711111 0.131250 0.709722 0.134375 0.706944 0.138281 0.705556 0.150781 0.701389 0.154688 0.701389 0.157812 0.704167 0.169531 0.715278 0.180469 0.715278 0.182812 0.712500 0.185938 0.709722 0.191406 0.702778 0.192969 0.701389 0.197656 0.700000 0.203125 0.701389 0.203125 0.708333 0.201563 0.718056 0.200781 0.726389 0.205469 0.726389 0.206250 0.727778 0.213281 0.727778 0.214844 0.730556 0.215625 0.734722 0.216406 0.740278 0.219531 0.751389 0.221094 0.754167 0.223438 0.755556 0.230469 0.759722 0.235156 0.759722 0.243750 0.758333 0.246094 0.755556 0.253125 0.745833 0.256250 0.740278 0.257031 0.740278 0.259375 0.736111 0.260156 0.731944 0.262500 0.718056 0.263281 0.708333 0.264062 0.675000 0.266406 0.676389 0.267969 0.675000 0.271875 0.668056 0.274219 0.665278 0.280469 0.665278 0.281250 0.666667 0.288281 0.666667 0.296094 0.668056 0.302344 0.670833 0.301563 0.683333 0.301563 0.686111 0.307031 0.686111 0.311719 0.688889 0.312500 0.695833 0.314063 0.697222 0.331250 0.697222 0.333594 0.693056 0.335938 0.687500 0.336719 0.684722 0.337500 0.677778 0.338281 0.670833 0.338281 0.636111 0.339062 0.633333 0.340625 0.630556 0.341406 0.627778 0.342187 0.616667 0.342969 0.597222 0.342969 0.593056 0.342187 0.588889 0.339062 0.579167 0.338281 0.570833 0.338281 0.563889 0.336719 0.562500 0.333594 0.561111 0.329688 0.556944 0.324219 0.552778 0.320312 0.551389 0.318750 0.548611 0.319531 0.536111 0.318750 0.533333 0.312500 0.531944 0.310937 0.529167 0.309375 0.525000 0.306250 0.513889 0.301563 0.501389 0.299219 0.497222 0.297656 0.491667 0.296094 0.487500 0.294531 0.484722 0.292187 0.483333 0.279687 0.476389 0.274219 0.475000 0.266406 0.473611 0.250000 0.470833 0.241406 0.469444 0.170313 0.469444
2 0.581250 0.536111 0.581250 0.538889 0.580469 0.540278 0.579688 0.551389 0.577344 0.551389 0.578125 0.558333 0.579688 0.561111 0.579688 0.566667 0.582812 0.565278 0.583594 0.562500 0.580469 0.558333 0.581250 0.552778 0.585938 0.554167 0.588281 0.544444 0.601562 0.544444 0.603125 0.545833 0.604688 0.547222 0.605469 0.548611 0.606250 0.551389 0.607031 0.556944 0.608594 0.556944 0.609375 0.558333 0.611719 0.558333 0.611719 0.550000 0.610938 0.544444 0.610156 0.540278 0.607812 0.536111 0.596875 0.537500 0.581250 0.536111
21 0.368750 0.519444 0.369531 0.526389 0.369531 0.529167 0.368750 0.547222 0.371094 0.547222 0.384375 0.545833 0.396875 0.544444 0.397656 0.543056 0.400781 0.543056 0.400000 0.519444 0.368750 0.519444
19 0.713281 0.575000 0.713281 0.577778 0.714844 0.576389 0.713281 0.575000
19 0.614062 0.548611 0.612500 0.550000 0.611719 0.559722 0.608594 0.558333 0.607031 0.558333 0.607031 0.575000 0.605469 0.577778 0.601562 0.577778 0.600000 0.575000 0.589063 0.572222 0.586719 0.576389 0.585156 0.576389 0.583594 0.573611 0.583594 0.563889 0.582031 0.568056 0.578906 0.566667 0.578906 0.561111 0.577344 0.558333 0.577344 0.552778 0.576562 0.584722 0.574219 0.583333 0.574219 0.586111 0.575781 0.591667 0.575000 0.598611 0.574219 0.604167 0.572656 0.606944 0.554688 0.605556 0.554688 0.600000 0.553906 0.598611 0.553906 0.594444 0.522656 0.594444 0.521875 0.597222 0.521875 0.604167 0.520312 0.606944 0.510938 0.606944 0.503906 0.604167 0.503125 0.595833 0.502344 0.580556 0.500781 0.580556 0.499219 0.577778 0.497656 0.566667 0.496875 0.569444 0.493750 0.569444 0.491406 0.566667 0.476562 0.566667 0.475781 0.568056 0.473438 0.568056 0.473438 0.575000 0.472656 0.579167 0.471875 0.583333 0.470313 0.588889 0.468750 0.591667 0.465625 0.595833 0.464062 0.597222 0.458594 0.597222 0.455469 0.594444 0.455469 0.587500 0.451562 0.587500 0.450781 0.586111 0.436719 0.586111 0.435937 0.593056 0.433594 0.593056 0.429688 0.590278 0.429688 0.588889 0.428125 0.586111 0.425781 0.586111 0.425000 0.590278 0.421875 0.595833 0.419531 0.595833 0.417187 0.594444 0.415625 0.591667 0.415625 0.583333 0.414844 0.581944 0.414844 0.575000 0.410938 0.575000 0.396875 0.577778 0.362500 0.584722 0.355469 0.587500 0.349219 0.587500 0.348438 0.588889 0.342969 0.588889 0.342969 0.591667 0.343750 0.593056 0.343750 0.597222 0.342969 0.616667 0.342187 0.627778 0.341406 0.630556 0.339844 0.633333 0.339062 0.636111 0.339062 0.670833 0.338281 0.677778 0.337500 0.684722 0.336719 0.687500 0.334375 0.693056 0.331250 0.698611 0.314063 0.698611 0.312500 0.697222 0.310937 0.694444 0.310937 0.688889 0.307812 0.688889 0.307031 0.687500 0.300781 0.686111 0.300781 0.683333 0.301563 0.670833 0.296875 0.670833 0.296094 0.669444 0.289062 0.669444 0.288281 0.668056 0.281250 0.668056 0.280469 0.666667 0.274219 0.666667 0.271875 0.669444 0.267969 0.676389 0.266406 0.677778 0.264062 0.676389 0.264062 0.708333 0.263281 0.718056 0.260937 0.731944 0.260156 0.736111 0.257031 0.741667 0.253125 0.747222 0.246094 0.756944 0.243750 0.759722 0.235156 0.761111 0.230469 0.761111 0.223438 0.756944 0.221094 0.755556 0.218750 0.751389 0.215625 0.740278 0.214062 0.733333 0.213281 0.729167 0.206250 0.729167 0.200000 0.726389 0.200781 0.718056 0.202344 0.708333 0.202344 0.701389 0.197656 0.701389 0.192969 0.702778 0.191406 0.704167 0.185938 0.711111 0.182812 0.713889 0.180469 0.716667 0.169531 0.716667 0.166406 0.713889 0.154688 0.702778 0.150781 0.702778 0.142187 0.706944 0.138281 0.706944 0.134375 0.708333 0.133594 0.709722 0.132031 0.709722 0.130469 0.713889 0.128125 0.720833 0.122656 0.738889 0.121094 0.743056 0.118750 0.747222 0.116406 0.748611 0.100000 0.758333 0.096875 0.758333 0.093750 0.755556 0.081250 0.744444 0.079687 0.741667 0.080469 0.736111 0.080469 0.733333 0.077344 0.733333 0.076563 0.731944 0.069531 0.731944 0.060937 0.729167 0.060937 0.723611 0.061719 0.722222 0.064062 0.690278 0.064844 0.688889 0.064844 0.683333 0.060156 0.683333 0.059375 0.681944 0.051562 0.681944 0.043750 0.680556 0.035156 0.679167 0.030469 0.676389 0.029687 0.661111 0.027344 0.661111 0.026562 0.662500 0.007812 0.668056 0.003906 0.670833 0.000000 0.672222 0.000000 0.951389 0.001563 0.952778 0.003906 0.954167 0.010937 0.958333 0.014063 0.959722 0.017969 0.961111 0.024219 0.962500 0.044531 0.961111 0.048438 0.961111 0.076563 0.962500 0.082812 0.961111 0.086719 0.959722 0.089844 0.958333 0.099219 0.952778 0.108594 0.944444 0.112500 0.940278 0.114844 0.937500 0.117969 0.933333 0.123438 0.925000 0.126562 0.919444 0.126562 0.918056 0.129688 0.912500 0.150000 0.912500 0.158594 0.911111 0.164844 0.909722 0.168750 0.908333 0.171875 0.906944 0.180469 0.902778 0.185156 0.900000 0.192188 0.894444 0.195312 0.893056 0.198437 0.893056 0.201563 0.891667 0.211719 0.884722 0.214844 0.883333 0.225781 0.880556 0.228906 0.879167 0.238281 0.873611 0.242188 0.869444 0.244531 0.868056 0.260156 0.868056 0.266406 0.866667 0.272656 0.865278 0.277344 0.862500 0.301563 0.861111 0.308594 0.861111 0.325000 0.862500 0.331250 0.863889 0.335938 0.865278 0.341406 0.866667 0.348438 0.869444 0.352344 0.870833 0.364063 0.879167 0.367188 0.880556 0.371094 0.881944 0.382812 0.883333 0.387500 0.886111 0.393750 0.887500 0.408594 0.887500 0.415625 0.890278 0.421094 0.894444 0.424219 0.895833 0.428125 0.897222 0.434375 0.898611 0.448437 0.898611 0.453125 0.901389 0.463281 0.906944 0.468750 0.912500 0.472656 0.913889 0.474219 0.915278 0.475781 0.916667 0.480469 0.923611 0.484375 0.927778 0.493750 0.936111 0.505469 0.945833 0.514844 0.951389 0.521094 0.952778 0.523438 0.954167 0.533594 0.963889 0.542969 0.969444 0.546094 0.970833 0.550000 0.972222 0.556250 0.973611 0.571094 0.972222 0.578125 0.972222 0.584375 0.976389 0.588281 0.977778 0.594531 0.979167 0.610156 0.979167 0.613281 0.980556 0.623437 0.987500 0.626563 0.988889 0.630469 0.990278 0.635938 0.990278 0.639062 0.991667 0.644531 0.994444 0.646875 0.997222 0.649219 0.998611 0.999219 0.998611 0.997656 0.698611 0.998437 0.670833 0.996875 0.669444 0.990625 0.663889 0.984375 0.661111 0.977344 0.654167 0.967969 0.648611 0.959375 0.644444 0.956250 0.643056 0.952344 0.641667 0.946094 0.640278 0.899219 0.640278 0.894531 0.638889 0.886719 0.633333 0.884375 0.633333 0.881250 0.636111 0.879687 0.636111 0.878906 0.634722 0.877344 0.634722 0.867969 0.634722 0.861719 0.636111 0.859375 0.634722 0.857031 0.631944 0.853906 0.631944 0.857031 0.633333 0.857812 0.634722 0.860156 0.636111 0.865625 0.638889 0.875000 0.643056 0.909375 0.658333 0.991406 0.694444 0.994531 0.695833 0.989844 0.697222 0.977344 0.691667 0.960938 0.687500 0.915625 0.670833 0.899219 0.666667 0.792188 0.630556 0.730469 0.609722 0.723437 0.606944 0.691406 0.591667 0.682031 0.591667 0.678125 0.587500 0.674219 0.587500 0.670312 0.583333 0.667969 0.583333 0.664062 0.579167 0.649219 0.579167 0.644531 0.577778 0.642188 0.576389 0.639844 0.572222 0.638281 0.572222 0.635938 0.569444 0.633594 0.565278 0.631250 0.562500 0.627344 0.558333 0.617969 0.550000 0.615625 0.548611 0.614062 0.548611
19 0.577344 0.541667 0.577344 0.550000 0.579688 0.550000 0.579688 0.541667 0.577344 0.541667
3 0.500000 0.422222 0.500000 0.455556 0.499219 0.456944 0.499219 0.511111 0.500781 0.579167 0.502344 0.579167 0.503906 0.581944 0.503906 0.595833 0.504687 0.597222 0.504687 0.604167 0.510156 0.604167 0.510938 0.605556 0.521094 0.604167 0.521094 0.597222 0.521875 0.594444 0.554688 0.594444 0.555469 0.605556 0.573438 0.604167 0.574219 0.598611 0.575000 0.591667 0.573438 0.586111 0.574219 0.581944 0.576562 0.583333 0.576562 0.538889 0.575781 0.537500 0.575781 0.445833 0.575000 0.444444 0.575000 0.422222 0.500000 0.422222
25 0.646094 0.497222 0.644531 0.500000 0.644531 0.502778 0.646094 0.505556 0.647656 0.505556 0.649219 0.502778 0.649219 0.500000 0.647656 0.497222 0.646094 0.497222
25 0.610156 0.497222 0.606250 0.498611 0.603125 0.502778 0.596875 0.502778 0.594531 0.501389 0.592187 0.498611 0.576562 0.498611 0.576562 0.534722 0.580469 0.538889 0.581250 0.534722 0.597656 0.536111 0.607812 0.534722 0.610938 0.540278 0.611719 0.544444 0.611719 0.548611 0.613281 0.548611 0.616406 0.545833 0.620313 0.544444 0.624219 0.543056 0.631250 0.543056 0.633594 0.540278 0.635938 0.536111 0.636719 0.515278 0.636719 0.512500 0.635156 0.509722 0.632812 0.511111 0.631250 0.509722 0.628125 0.505556 0.624219 0.502778 0.621875 0.502778 0.619531 0.498611 0.617969 0.497222 0.610156 0.497222
25 0.636719 0.493056 0.634375 0.497222 0.633594 0.501389 0.633594 0.504167 0.635156 0.506944 0.636719 0.506944 0.639062 0.502778 0.639844 0.498611 0.639844 0.495833 0.638281 0.493056 0.636719 0.493056
25 0.392969 0.391667 0.391406 0.393056 0.389062 0.397222 0.389062 0.398611 0.385937 0.404167 0.385156 0.409722 0.382812 0.413889 0.382031 0.418056 0.381250 0.419444 0.378125 0.423611 0.378125 0.429167 0.380469 0.433333 0.384375 0.434722 0.383594 0.443056 0.382812 0.443056 0.379688 0.444444 0.379688 0.441667 0.377344 0.437500 0.373437 0.437500 0.371094 0.441667 0.371094 0.448611 0.373437 0.452778 0.375781 0.454167 0.375000 0.456944 0.372656 0.462500 0.371094 0.459722 0.371094 0.454167 0.368750 0.450000 0.365625 0.450000 0.363281 0.454167 0.363281 0.455556 0.360156 0.462500 0.358594 0.465278 0.357812 0.461111 0.355469 0.456944 0.352344 0.456944 0.350000 0.461111 0.349219 0.468056 0.346094 0.468056 0.344531 0.470833 0.342187 0.470833 0.339062 0.465278 0.335938 0.465278 0.333594 0.469444 0.332813 0.473611 0.328125 0.473611 0.325000 0.479167 0.323437 0.486111 0.321094 0.481944 0.321094 0.480556 0.318750 0.476389 0.316406 0.476389 0.313281 0.470833 0.309375 0.472222 0.307031 0.470833 0.304688 0.466667 0.301563 0.466667 0.300000 0.469444 0.296094 0.470833 0.294531 0.472222 0.290625 0.466667 0.288281 0.465278 0.285938 0.463889 0.277344 0.465278 0.275000 0.461111 0.271875 0.461111 0.269531 0.465278 0.269531 0.470833 0.267969 0.473611 0.274219 0.473611 0.279687 0.475000 0.284375 0.477778 0.292187 0.481944 0.294531 0.483333 0.296875 0.487500 0.302344 0.501389 0.307031 0.513889 0.310156 0.525000 0.311719 0.527778 0.311719 0.529167 0.317969 0.530556 0.319531 0.533333 0.320312 0.536111 0.319531 0.548611 0.325781 0.550000 0.348438 0.548611 0.349219 0.547222 0.367969 0.547222 0.368750 0.529167 0.368750 0.526389 0.368750 0.518056 0.400000 0.518056 0.401562 0.520833 0.400781 0.544444 0.397656 0.544444 0.415625 0.544444 0.416406 0.541667 0.417187 0.537500 0.417969 0.530556 0.420312 0.519444 0.421875 0.516667 0.423438 0.515278 0.425781 0.513889 0.428906 0.512500 0.432812 0.512500 0.450000 0.513889 0.459375 0.515278 0.460938 0.516667 0.463281 0.519444 0.464844 0.522222 0.465625 0.525000 0.466406 0.527778 0.466406 0.530556 0.467969 0.536111 0.471875 0.536111 0.473438 0.538889 0.472656 0.544444 0.471094 0.544444 0.492969 0.544444 0.493750 0.541667 0.494531 0.537500 0.499219 0.536111 0.499219 0.512500 0.497656 0.480556 0.496094 0.480556 0.493750 0.476389 0.491406 0.473611 0.489844 0.473611 0.486719 0.468056 0.483594 0.466667 0.475781 0.466667 0.473438 0.470833 0.471094 0.469444 0.471094 0.465278 0.470313 0.461111 0.467187 0.455556 0.466406 0.447222 0.465625 0.440278 0.466406 0.427778 0.466406 0.420833 0.464062 0.416667 0.461719 0.415278 0.463281 0.412500 0.463281 0.404167 0.460938 0.400000 0.457813 0.400000 0.455469 0.404167 0.455469 0.405556 0.453906 0.408333 0.452344 0.408333 0.448437 0.411111 0.447656 0.411111 0.446875 0.401389 0.446094 0.398611 0.442969 0.393056 0.437500 0.393056 0.432812 0.400000 0.428906 0.406944 0.427344 0.411111 0.426563 0.415278 0.424219 0.419444 0.424219 0.431944 0.422656 0.437500 0.422656 0.443056 0.418750 0.450000 0.418750 0.452778 0.417187 0.455556 0.416406 0.459722 0.416406 0.466667 0.417187 0.469444 0.420312 0.473611 0.420312 0.480556 0.417969 0.476389 0.410938 0.475000 0.410938 0.468056 0.410156 0.463889 0.409375 0.459722 0.407813 0.455556 0.406250 0.452778 0.404687 0.448611 0.404687 0.443056 0.402344 0.438889 0.399219 0.438889 0.397656 0.441667 0.396094 0.441667 0.395313 0.440278 0.392188 0.438889 0.391406 0.419444 0.394531 0.418056 0.393750 0.425000 0.396094 0.429167 0.399219 0.429167 0.402344 0.426389 0.405469 0.426389 0.407813 0.422222 0.407813 0.416667 0.405469 0.412500 0.402344 0.412500 0.400781 0.415278 0.400000 0.408333 0.397656 0.402778 0.398438 0.395833 0.396094 0.391667 0.392969 0.391667
25 0.999219 0.355556 0.999219 0.655556 0.990625 0.655556 0.986719 0.654167 0.984375 0.652778 0.982031 0.651389 0.977344 0.647222 0.974219 0.644444 0.971094 0.640278 0.965625 0.630556 0.963281 0.625000 0.962500 0.620833 0.960938 0.618056 0.957812 0.620833 0.948438 0.620833 0.945312 0.623611 0.937500 0.623611 0.934375 0.620833 0.932031 0.622222 0.932031 0.623611 0.930469 0.626389 0.928125 0.629167 0.925781 0.631944 0.923438 0.633333 0.921094 0.634722 0.913281 0.634722 0.910937 0.633333 0.908594 0.631944 0.904687 0.626389 0.903125 0.627778 0.900781 0.629167 0.892969 0.629167 0.890625 0.627778 0.885938 0.631944 0.883594 0.633333 0.881250 0.634722 0.879687 0.634722 0.878906 0.633333 0.877344 0.633333 0.868750 0.633333 0.861719 0.634722 0.857031 0.630556 0.853125 0.631944 0.851562 0.631944 0.850000 0.629167 0.842969 0.627778 0.821875 0.627778 0.816406 0.618056 0.815625 0.618056 0.814063 0.615278 0.813281 0.619444 0.811719 0.622222 0.807031 0.622222 0.801562 0.618056 0.794531 0.618056 0.792969 0.615278 0.793750 0.606944 0.792188 0.605556 0.791406 0.604167 0.789062 0.604167 0.786719 0.600000 0.786719 0.594444 0.787500 0.587500 0.788281 0.583333 0.789062 0.580556 0.790625 0.577778 0.792969 0.577778 0.794531 0.580556 0.797656 0.580556 0.797656 0.576389 0.794531 0.572222 0.794531 0.569444 0.796094 0.566667 0.798438 0.569444 0.800000 0.570833 0.801562 0.572222 0.803125 0.566667 0.803125 0.561111 0.803906 0.554167 0.805469 0.550000 0.807031 0.544444 0.808594 0.541667 0.811719 0.534722 0.817187 0.533333 0.817187 0.537500 0.816406 0.540278 0.814844 0.543056 0.814063 0.545833 0.814063 0.548611 0.814844 0.558333 0.817969 0.551389 0.821875 0.550000 0.821875 0.558333 0.825000 0.566667 0.825781 0.563889 0.827344 0.563889 0.828906 0.566667 0.829688 0.576389 0.830469 0.580556 0.832031 0.569444 0.833594 0.566667 0.835156 0.566667 0.837500 0.566667 0.839844 0.559722 0.841406 0.558333 0.842969 0.559722 0.843750 0.566667 0.842187 0.569444 0.843750 0.573611 0.842969 0.580556 0.844531 0.583333 0.844531 0.586111 0.846094 0.588889 0.848437 0.588889 0.850781 0.593056 0.853125 0.598611 0.853906 0.602778 0.857812 0.595833 0.859375 0.594444 0.861719 0.593056 0.867188 0.591667 0.864062 0.588889 0.862500 0.586111 0.862500 0.584722 0.860938 0.581944 0.857031 0.577778 0.855469 0.580556 0.853906 0.580556 0.852344 0.577778 0.852344 0.575000 0.854688 0.569444 0.857031 0.569444 0.857812 0.570833 0.860156 0.570833 0.862500 0.566667 0.866406 0.565278 0.866406 0.563889 0.867969 0.561111 0.874219 0.561111 0.874219 0.552778 0.877344 0.543056 0.878906 0.540278 0.875781 0.534722 0.875781 0.530556 0.873437 0.529167 0.867969 0.533333 0.858594 0.531944 0.857031 0.531944 0.850781 0.533333 0.842187 0.537500 0.838281 0.537500 0.836719 0.544444 0.836719 0.548611 0.835156 0.555556 0.833594 0.558333 0.832031 0.558333 0.830469 0.555556 0.830469 0.550000 0.830469 0.548611 0.829688 0.547222 0.828125 0.545833 0.825000 0.545833 0.822656 0.541667 0.823438 0.538889 0.822656 0.534722 0.820312 0.536111 0.818750 0.529167 0.816406 0.525000 0.813281 0.525000 0.812500 0.526389 0.807813 0.527778 0.806250 0.527778 0.803125 0.522222 0.803125 0.520833 0.800000 0.515278 0.766406 0.515278 0.764844 0.520833 0.764844 0.525000 0.762500 0.534722 0.761719 0.543056 0.761719 0.551389 0.763281 0.554167 0.763281 0.559722 0.762500 0.562500 0.760156 0.566667 0.757812 0.566667 0.756250 0.565278 0.750781 0.555556 0.750781 0.552778 0.746875 0.550000 0.743750 0.548611 0.737500 0.548611 0.735938 0.545833 0.733594 0.545833 0.730469 0.548611 0.720313 0.548611 0.717969 0.547222 0.715625 0.545833 0.710938 0.540278 0.709375 0.537500 0.707812 0.540278 0.707812 0.541667 0.706250 0.544444 0.703906 0.547222 0.701562 0.550000 0.699219 0.551389 0.696875 0.552778 0.692187 0.554167 0.690625 0.558333 0.687500 0.558333 0.685156 0.559722 0.684375 0.561111 0.682813 0.562500 0.699219 0.563889 0.703125 0.565278 0.708594 0.568056 0.710938 0.569444 0.712500 0.572222 0.712500 0.583333 0.710156 0.587500 0.706250 0.587500 0.703906 0.590278 0.682031 0.590278 0.678125 0.586111 0.674219 0.586111 0.670312 0.581944 0.667969 0.581944 0.664062 0.577778 0.649219 0.577778 0.644531 0.576389 0.642188 0.575000 0.637500 0.568056 0.635938 0.563889 0.635156 0.563889 0.633594 0.561111 0.633594 0.558333 0.635156 0.555556 0.639844 0.554167 0.639062 0.550000 0.640625 0.547222 0.639844 0.544444 0.639844 0.541667 0.641406 0.538889 0.667188 0.538889 0.671094 0.537500 0.671875 0.547222 0.659375 0.547222 0.657031 0.547222 0.654687 0.551389 0.650781 0.552778 0.652344 0.555556 0.656250 0.555556 0.657813 0.552778 0.673438 0.552778 0.674219 0.548611 0.671875 0.547222 0.671094 0.537500 0.672656 0.534722 0.673438 0.530556 0.672656 0.506944 0.673438 0.502778 0.675000 0.498611 0.676562 0.494444 0.678125 0.491667 0.680469 0.488889 0.682813 0.486111 0.684375 0.486111 0.685937 0.484722 0.688281 0.480556 0.689844 0.475000 0.691406 0.472222 0.693750 0.469444 0.696094 0.466667 0.698438 0.465278 0.700781 0.463889 0.704688 0.463889 0.706250 0.461111 0.706250 0.459722 0.707812 0.456944 0.710156 0.454167 0.712500 0.451389 0.714844 0.450000 0.717187 0.448611 0.725000 0.448611 0.727344 0.450000 0.729688 0.451389 0.732031 0.454167 0.734375 0.456944 0.735938 0.461111 0.741406 0.456944 0.743750 0.455556 0.746094 0.454167 0.753906 0.454167 0.758594 0.456944 0.760938 0.454167 0.762500 0.450000 0.764062 0.445833 0.765625 0.443056 0.766406 0.443056 0.767969 0.440278 0.767188 0.437500 0.766406 0.433333 0.766406 0.419444 0.767188 0.415278 0.767969 0.411111 0.769531 0.406944 0.771094 0.402778 0.772656 0.400000 0.776563 0.394444 0.778906 0.391667 0.781250 0.388889 0.783594 0.387500 0.785937 0.386111 0.793750 0.386111 0.796094 0.387500 0.798438 0.388889 0.800781 0.391667 0.803125 0.394444 0.804688 0.397222 0.806250 0.401389 0.807813 0.405556 0.808594 0.409722 0.809375 0.413889 0.809375 0.427778 0.807031 0.437500 0.807813 0.452778 0.807031 0.456944 0.806250 0.461111 0.804688 0.465278 0.803125 0.469444 0.801562 0.472222 0.800781 0.472222 0.798438 0.476389 0.801562 0.480556 0.803125 0.479167 0.804688 0.475000 0.807031 0.472222 0.809375 0.469444 0.810937 0.469444 0.813281 0.465278 0.811719 0.462500 0.811719 0.456944 0.814063 0.452778 0.815625 0.452778 0.820312 0.445833 0.821875 0.443056 0.821875 0.434722 0.824219 0.430556 0.828125 0.430556 0.830469 0.434722 0.830469 0.437500 0.833594 0.436111 0.835938 0.434722 0.838281 0.433333 0.846094 0.433333 0.848437 0.434722 0.850781 0.436111 0.853125 0.438889 0.855469 0.441667 0.857031 0.444444 0.858594 0.448611 0.860156 0.452778 0.860938 0.459722 0.862500 0.462500 0.864844 0.456944 0.864844 0.454167 0.865625 0.450000 0.867188 0.445833 0.868750 0.441667 0.870313 0.438889 0.872656 0.436111 0.875000 0.433333 0.878906 0.431944 0.879687 0.404167 0.882031 0.400000 0.885156 0.400000 0.887500 0.402778 0.889844 0.406944 0.889844 0.426389 0.893750 0.427778 0.895312 0.430556 0.896875 0.429167 0.897656 0.429167 0.898438 0.427778 0.901563 0.420833 0.901563 0.404167 0.903906 0.400000 0.907031 0.395833 0.921094 0.395833 0.925000 0.402778 0.927344 0.402778 0.930469 0.408333 0.932031 0.408333 0.932813 0.395833 0.933594 0.390278 0.935937 0.386111 0.938281 0.384722 0.942187 0.384722 0.946875 0.376389 0.950000 0.376389 0.951562 0.379167 0.957031 0.373611 0.959375 0.372222 0.961719 0.370833 0.965625 0.369444 0.976562 0.369444 0.980469 0.370833 0.982812 0.372222 0.985156 0.373611 0.989844 0.377778 0.992969 0.380556 0.996094 0.384722 0.998437 0.388889 0.999219 0.370833 0.984375 0.369444 0.982031 0.365278 0.982031 0.359722 0.984375 0.355556 0.999219 0.355556
25 0.832031 0.315278 0.829688 0.316667 0.827344 0.318056 0.825000 0.320833 0.822656 0.323611 0.821094 0.326389 0.819531 0.330556 0.817969 0.334722 0.817187 0.338889 0.816406 0.343056 0.816406 0.356944 0.817187 0.361111 0.817969 0.365278 0.819531 0.369444 0.821094 0.373611 0.822656 0.376389 0.825000 0.379167 0.827344 0.381944 0.829688 0.383333 0.832031 0.384722 0.839844 0.384722 0.842187 0.383333 0.844531 0.381944 0.846875 0.379167 0.849219 0.376389 0.850781 0.373611 0.852344 0.369444 0.853906 0.365278 0.854688 0.361111 0.855469 0.356944 0.855469 0.343056 0.854688 0.338889 0.853906 0.334722 0.852344 0.330556 0.850781 0.326389 0.849219 0.323611 0.846875 0.320833 0.844531 0.318056 0.842187 0.316667 0.839844 0.315278 0.832031 0.315278
25 0.113281 0.236111 0.110937 0.241667 0.103906 0.243056 0.100000 0.244444 0.097656 0.245833 0.095312 0.247222 0.092188 0.250000 0.087500 0.254167 0.084375 0.258333 0.078906 0.268056 0.076563 0.273611 0.075000 0.279167 0.072656 0.287500 0.071875 0.294444 0.070312 0.300000 0.067969 0.301389 0.064844 0.301389 0.060156 0.297222 0.057813 0.295833 0.053906 0.294444 0.042969 0.294444 0.039062 0.295833 0.035156 0.297222 0.022656 0.304167 0.020313 0.305556 0.017969 0.306944 0.006250 0.318056 0.003906 0.318056 0.001563 0.319444 0.000000 0.320833 0.000000 0.552778 0.001563 0.554167 0.005469 0.555556 0.017969 0.556944 0.032813 0.555556 0.035156 0.554167 0.037500 0.552778 0.039062 0.551389 0.045312 0.541667 0.047656 0.538889 0.057031 0.538889 0.076563 0.541667 0.121875 0.541667 0.143750 0.540278 0.146875 0.537500 0.153125 0.531944 0.154688 0.530556 0.156250 0.525000 0.159375 0.500000 0.160156 0.495833 0.160938 0.491667 0.162500 0.487500 0.165625 0.479167 0.169531 0.470833 0.169531 0.469444 0.241406 0.468056 0.250000 0.469444 0.257812 0.470833 0.258594 0.472222 0.264844 0.472222 0.263281 0.469444 0.263281 0.468056 0.261719 0.465278 0.259375 0.462500 0.257031 0.459722 0.254688 0.458333 0.252344 0.456944 0.244531 0.456944 0.242188 0.458333 0.239844 0.459722 0.237500 0.462500 0.232031 0.466667 0.232031 0.461111 0.229687 0.456944 0.229687 0.452778 0.231250 0.447222 0.232031 0.440278 0.232031 0.420833 0.231250 0.413889 0.230469 0.409722 0.229687 0.405556 0.228125 0.400000 0.225781 0.391667 0.223438 0.386111 0.217969 0.376389 0.214844 0.372222 0.212500 0.370833 0.210938 0.369444 0.210156 0.362500 0.207813 0.358333 0.207813 0.355556 0.205469 0.351389 0.202344 0.351389 0.200781 0.354167 0.199219 0.351389 0.196094 0.351389 0.189844 0.361111 0.186719 0.362500 0.182812 0.363889 0.177344 0.363889 0.173437 0.370833 0.171094 0.372222 0.169531 0.370833 0.166406 0.365278 0.163281 0.365278 0.160156 0.358333 0.160938 0.355556 0.162500 0.351389 0.163281 0.347222 0.164062 0.343056 0.164844 0.336111 0.164844 0.309722 0.164062 0.302778 0.163281 0.298611 0.162500 0.294444 0.160938 0.288889 0.158594 0.280556 0.156250 0.275000 0.150781 0.265278 0.147656 0.261111 0.145313 0.259722 0.144531 0.254167 0.142187 0.250000 0.139063 0.250000 0.137500 0.252778 0.135937 0.252778 0.132031 0.251389 0.128125 0.250000 0.123438 0.245833 0.121875 0.245833 0.118750 0.243056 0.118750 0.240278 0.116406 0.236111 0.113281 0.236111
27 0.576562 0.491667 0.576562 0.497222 0.592187 0.497222 0.594531 0.500000 0.596875 0.501389 0.603125 0.501389 0.606250 0.497222 0.610156 0.495833 0.617969 0.495833 0.619531 0.497222 0.621875 0.501389 0.624219 0.501389 0.628125 0.504167 0.632812 0.509722 0.635938 0.509722 0.632812 0.504167 0.632812 0.501389 0.633594 0.497222 0.635156 0.494444 0.615625 0.494444 0.614844 0.493056 0.589063 0.491667 0.576562 0.491667
27 0.023438 0.300000 0.017969 0.304167 0.008594 0.304167 0.009375 0.306944 0.009375 0.309722 0.010156 0.312500 0.012500 0.311111 0.017969 0.305556 0.020313 0.304167 0.022656 0.302778 0.025000 0.302778 0.027344 0.301389 0.028125 0.300000 0.029687 0.300000 0.023438 0.300000
27 0.999219 0.000000 0.999219 0.354167 0.984375 0.354167 0.981250 0.359722 0.981250 0.365278 0.984375 0.370833 0.998437 0.370833 0.998437 0.387500 0.996094 0.383333 0.992969 0.379167 0.988281 0.375000 0.985156 0.372222 0.982812 0.370833 0.980469 0.369444 0.976562 0.368056 0.965625 0.368056 0.961719 0.369444 0.959375 0.370833 0.957031 0.372222 0.953125 0.376389 0.951562 0.377778 0.950000 0.375000 0.946875 0.375000 0.942187 0.383333 0.938281 0.383333 0.935937 0.384722 0.932813 0.390278 0.932031 0.395833 0.932031 0.406944 0.930469 0.406944 0.927344 0.401389 0.925000 0.401389 0.921094 0.394444 0.907031 0.394444 0.903906 0.398611 0.900781 0.404167 0.900781 0.420833 0.897656 0.427778 0.896094 0.429167 0.893750 0.426389 0.890625 0.426389 0.890625 0.406944 0.887500 0.401389 0.885156 0.398611 0.882031 0.398611 0.878906 0.404167 0.878906 0.430556 0.877344 0.430556 0.875000 0.431944 0.872656 0.434722 0.870313 0.437500 0.867969 0.441667 0.866406 0.445833 0.864844 0.450000 0.864062 0.454167 0.863281 0.458333 0.863281 0.461111 0.860938 0.452778 0.859375 0.448611 0.857812 0.444444 0.855469 0.440278 0.853125 0.437500 0.850781 0.434722 0.848437 0.433333 0.846094 0.431944 0.838281 0.431944 0.835938 0.433333 0.833594 0.434722 0.831250 0.437500 0.831250 0.434722 0.828125 0.429167 0.824219 0.429167 0.821094 0.434722 0.820312 0.444444 0.815625 0.451389 0.814063 0.451389 0.810937 0.456944 0.810937 0.462500 0.812500 0.465278 0.810937 0.468056 0.809375 0.468056 0.807031 0.470833 0.804688 0.473611 0.802344 0.479167 0.799219 0.476389 0.800781 0.473611 0.801562 0.473611 0.803906 0.469444 0.805469 0.465278 0.807031 0.461111 0.807813 0.456944 0.808594 0.452778 0.807813 0.437500 0.810156 0.427778 0.810156 0.413889 0.809375 0.409722 0.808594 0.405556 0.807031 0.401389 0.805469 0.397222 0.820312 0.373611 0.822656 0.377778 0.825000 0.380556 0.827344 0.383333 0.829688 0.384722 0.832031 0.386111 0.839844 0.386111 0.842187 0.384722 0.844531 0.383333 0.846875 0.380556 0.849219 0.377778 0.851562 0.373611 0.853125 0.369444 0.854688 0.365278 0.855469 0.361111 0.856250 0.356944 0.856250 0.343056 0.855469 0.338889 0.854688 0.334722 0.853125 0.330556 0.851562 0.326389 0.849219 0.322222 0.846875 0.319444 0.844531 0.316667 0.842187 0.315278 0.839844 0.313889 0.832031 0.313889 0.829688 0.315278 0.827344 0.316667 0.825000 0.319444 0.822656 0.322222 0.820312 0.326389 0.818750 0.330556 0.817187 0.334722 0.816406 0.338889 0.815625 0.343056 0.815625 0.356944 0.816406 0.361111 0.817187 0.365278 0.818750 0.369444 0.820312 0.373611 0.805469 0.397222 0.803125 0.393056 0.800781 0.390278 0.798438 0.387500 0.796094 0.386111 0.793750 0.384722 0.785937 0.384722 0.783594 0.386111 0.781250 0.387500 0.778906 0.390278 0.776563 0.393056 0.773438 0.398611 0.772656 0.398611 0.770312 0.402778 0.768750 0.406944 0.767188 0.411111 0.766406 0.415278 0.765625 0.419444 0.765625 0.433333 0.766406 0.437500 0.766406 0.441667 0.763281 0.445833 0.761719 0.450000 0.760156 0.454167 0.760156 0.456944 0.758594 0.455556 0.753906 0.452778 0.746094 0.452778 0.743750 0.454167 0.741406 0.455556 0.736719 0.461111 0.734375 0.455556 0.732031 0.452778 0.729688 0.450000 0.727344 0.448611 0.725000 0.447222 0.717187 0.447222 0.714844 0.448611 0.712500 0.450000 0.710156 0.452778 0.707812 0.455556 0.705469 0.461111 0.700781 0.462500 0.698438 0.463889 0.696094 0.465278 0.693750 0.468056 0.691406 0.470833 0.689063 0.475000 0.687500 0.480556 0.685937 0.483333 0.684375 0.484722 0.682813 0.484722 0.680469 0.487500 0.678125 0.490278 0.675781 0.494444 0.674219 0.498611 0.672656 0.502778 0.672656 0.505556 0.649219 0.504167 0.650000 0.500000 0.647656 0.495833 0.646094 0.495833 0.643750 0.500000 0.644531 0.504167 0.639062 0.504167 0.640625 0.498611 0.639844 0.494444 0.642969 0.494444 0.643750 0.490278 0.642969 0.458333 0.593750 0.456944 0.592969 0.455556 0.576562 0.455556 0.576562 0.445833 0.575781 0.444444 0.575781 0.422222 0.500000 0.420833 0.499219 0.455556 0.498437 0.456944 0.498437 0.480556 0.496094 0.479167 0.493750 0.475000 0.491406 0.472222 0.489844 0.472222 0.486719 0.466667 0.483594 0.465278 0.475781 0.465278 0.473438 0.469444 0.471875 0.469444 0.471875 0.465278 0.471094 0.461111 0.467969 0.455556 0.467187 0.447222 0.466406 0.440278 0.467187 0.427778 0.467187 0.420833 0.464062 0.415278 0.462500 0.415278 0.464062 0.412500 0.464062 0.404167 0.460938 0.398611 0.457813 0.398611 0.454688 0.405556 0.452344 0.406944 0.450000 0.411111 0.447656 0.409722 0.447656 0.401389 0.446875 0.398611 0.442969 0.391667 0.437500 0.391667 0.432812 0.398611 0.428125 0.406944 0.426563 0.411111 0.425781 0.415278 0.423438 0.419444 0.423438 0.431944 0.421875 0.437500 0.421875 0.443056 0.417969 0.450000 0.417969 0.452778 0.416406 0.455556 0.415625 0.459722 0.415625 0.466667 0.416406 0.469444 0.420312 0.475000 0.420312 0.479167 0.417969 0.475000 0.411719 0.475000 0.411719 0.468056 0.410938 0.463889 0.410156 0.459722 0.408594 0.455556 0.407031 0.452778 0.405469 0.448611 0.405469 0.443056 0.402344 0.437500 0.399219 0.437500 0.397656 0.440278 0.396094 0.440278 0.392969 0.438889 0.392188 0.420833 0.393750 0.418056 0.392969 0.425000 0.396094 0.430556 0.399219 0.430556 0.402344 0.427778 0.405469 0.427778 0.408594 0.422222 0.408594 0.416667 0.405469 0.411111 0.402344 0.411111 0.400000 0.415278 0.400781 0.408333 0.398438 0.404167 0.399219 0.395833 0.396094 0.390278 0.392969 0.390278 0.391406 0.391667 0.388281 0.397222 0.385156 0.404167 0.384375 0.409722 0.382031 0.413889 0.381250 0.418056 0.377344 0.423611 0.377344 0.429167 0.380469 0.434722 0.383594 0.434722 0.383594 0.441667 0.380469 0.444444 0.380469 0.441667 0.377344 0.436111 0.373437 0.436111 0.370312 0.441667 0.370312 0.448611 0.373437 0.454167 0.375000 0.454167 0.374219 0.456944 0.372656 0.461111 0.371875 0.454167 0.368750 0.448611 0.365625 0.448611 0.362500 0.454167 0.358594 0.463889 0.358594 0.461111 0.355469 0.455556 0.352344 0.455556 0.349219 0.461111 0.350000 0.468056 0.346094 0.466667 0.344531 0.469444 0.342187 0.469444 0.339062 0.463889 0.335938 0.463889 0.332813 0.469444 0.332813 0.472222 0.328125 0.472222 0.324219 0.479167 0.324219 0.484722 0.321875 0.481944 0.318750 0.475000 0.316406 0.475000 0.313281 0.469444 0.309375 0.470833 0.307031 0.469444 0.304688 0.465278 0.301563 0.465278 0.300000 0.468056 0.296094 0.469444 0.290625 0.465278 0.288281 0.463889 0.285938 0.462500 0.278125 0.462500 0.275000 0.459722 0.271875 0.459722 0.268750 0.465278 0.268750 0.470833 0.267188 0.473611 0.265625 0.472222 0.264062 0.469444 0.261719 0.463889 0.259375 0.461111 0.257031 0.458333 0.254688 0.456944 0.252344 0.455556 0.244531 0.455556 0.242188 0.456944 0.239844 0.458333 0.237500 0.461111 0.235937 0.463889 0.232813 0.466667 0.232813 0.461111 0.230469 0.456944 0.230469 0.452778 0.232031 0.447222 0.232813 0.440278 0.232813 0.420833 0.232031 0.413889 0.231250 0.409722 0.230469 0.405556 0.228125 0.397222 0.226562 0.391667 0.224219 0.386111 0.217969 0.375000 0.214844 0.370833 0.212500 0.369444 0.210938 0.368056 0.210938 0.362500 0.208594 0.358333 0.208594 0.355556 0.205469 0.350000 0.202344 0.350000 0.200781 0.352778 0.199219 0.350000 0.196094 0.350000 0.189844 0.359722 0.186719 0.361111 0.182812 0.362500 0.177344 0.362500 0.173437 0.369444 0.171875 0.370833 0.169531 0.369444 0.166406 0.363889 0.163281 0.363889 0.160938 0.359722 0.163281 0.351389 0.164062 0.347222 0.164844 0.343056 0.165625 0.336111 0.165625 0.309722 0.164844 0.302778 0.164062 0.298611 0.163281 0.294444 0.160938 0.286111 0.159375 0.280556 0.157031 0.275000 0.150781 0.263889 0.147656 0.259722 0.145313 0.258333 0.145313 0.254167 0.142187 0.248611 0.139063 0.248611 0.137500 0.251389 0.135937 0.251389 0.132031 0.250000 0.128125 0.248611 0.121094 0.243056 0.119531 0.243056 0.119531 0.240278 0.116406 0.234722 0.113281 0.234722 0.110156 0.241667 0.103125 0.243056 0.100781 0.243056 0.095312 0.231944 0.090625 0.227778 0.087500 0.226389 0.083594 0.225000 0.082812 0.220833 0.078125 0.212500 0.075781 0.202778 0.069531 0.193056 0.068750 0.191667 0.067969 0.188889 0.067187 0.184722 0.065625 0.180556 0.061719 0.172222 0.060937 0.170833 0.060156 0.170833 0.058594 0.168056 0.057031 0.163889 0.057031 0.159722 0.055469 0.156944 0.055469 0.154167 0.053906 0.150000 0.051562 0.145833 0.049219 0.145833 0.046094 0.140278 0.043750 0.133333 0.043750 0.130556 0.039844 0.122222 0.037500 0.118056 0.036719 0.118056 0.034375 0.113889 0.034375 0.111111 0.032813 0.108333 0.032031 0.102778 0.029687 0.095833 0.024219 0.087500 0.023438 0.084722 0.023438 0.080556 0.021094 0.072222 0.015625 0.062500 0.010937 0.058333 0.007812 0.056944 0.001563 0.056944 0.000000 0.058333 0.001563 0.056944 0.003906 0.052778 0.003906 0.047222 0.001563 0.043056 0.000000 0.043056 0.000000 0.000000 0.999219 0.000000
2 0.428906 0.513889 0.425781 0.515278 0.423438 0.516667 0.421875 0.518056 0.420312 0.526389 0.418750 0.530556 0.415625 0.547222 0.415625 0.552778 0.414844 0.558333 0.414062 0.559722 0.414062 0.562500 0.414844 0.572222 0.415625 0.581944 0.417187 0.593056 0.419531 0.594444 0.421875 0.594444 0.424219 0.590278 0.425000 0.586111 0.428125 0.584722 0.430469 0.590278 0.432812 0.590278 0.433594 0.591667 0.435937 0.591667 0.436719 0.584722 0.450781 0.584722 0.456250 0.587500 0.456250 0.594444 0.457813 0.594444 0.458594 0.595833 0.464062 0.595833 0.465625 0.594444 0.466406 0.593056 0.467187 0.590278 0.469531 0.588889 0.470313 0.586111 0.471094 0.583333 0.471875 0.579167 0.472656 0.575000 0.472656 0.565278 0.471875 0.555556 0.468750 0.545833 0.471094 0.543056 0.472656 0.543056 0.471875 0.537500 0.467187 0.536111 0.466406 0.533333 0.465625 0.530556 0.465625 0.527778 0.464844 0.525000 0.464062 0.522222 0.463281 0.520833 0.462500 0.520833 0.460938 0.518056 0.459375 0.516667 0.450000 0.515278 0.432812 0.513889 0.428906 0.513889
2 0.588281 0.545833 0.588281 0.548611 0.587500 0.552778 0.585938 0.555556 0.581250 0.554167 0.581250 0.556944 0.582812 0.561111 0.584375 0.562500 0.585156 0.575000 0.586719 0.575000 0.589063 0.570833 0.600000 0.572222 0.600781 0.575000 0.606250 0.575000 0.606250 0.554167 0.604688 0.548611 0.603125 0.547222 0.601562 0.545833 0.588281 0.545833
2 0.495312 0.537500 0.494531 0.540278 0.493750 0.543056 0.492969 0.547222 0.492188 0.552778 0.492188 0.566667 0.493750 0.568056 0.496875 0.568056 0.497656 0.565278 0.499219 0.566667 0.499219 0.537500 0.495312 0.537500
30 0.638281 0.505556 0.636719 0.508333 0.636719 0.511111 0.637500 0.512500 0.637500 0.515278 0.636719 0.538889 0.640625 0.538889 0.667188 0.537500 0.671875 0.534722 0.671875 0.505556 0.647656 0.506944 0.646094 0.506944 0.638281 0.505556
30 0.576562 0.456944 0.576562 0.490278 0.589063 0.490278 0.589844 0.491667 0.615625 0.493056 0.636719 0.491667 0.638281 0.491667 0.642969 0.493056 0.642969 0.490278 0.642188 0.458333 0.592969 0.456944 0.576562 0.456944
23 0.037500 0.555556 0.036719 0.556944 0.017969 0.558333 0.000000 0.558333 0.000000 0.670833 0.003906 0.669444 0.022656 0.662500 0.026562 0.661111 0.027344 0.659722 0.029687 0.659722 0.029687 0.651389 0.031250 0.644444 0.032813 0.641667 0.035156 0.641667 0.035156 0.606944 0.035937 0.593056 0.036719 0.580556 0.037500 0.572222 0.039062 0.563889 0.039844 0.555556 0.037500 0.555556
23 0.469531 0.545833 0.470313 0.548611 0.472656 0.555556 0.472656 0.563889 0.473438 0.566667 0.475781 0.566667 0.491406 0.565278 0.491406 0.552778 0.492969 0.545833 0.469531 0.545833
23 0.393750 0.545833 0.371094 0.548611 0.349219 0.548611 0.348438 0.550000 0.326562 0.550000 0.325781 0.551389 0.322656 0.551389 0.324219 0.551389 0.328125 0.555556 0.329688 0.555556 0.335156 0.561111 0.336719 0.561111 0.338281 0.562500 0.339844 0.572222 0.339844 0.579167 0.342187 0.587500 0.348438 0.587500 0.355469 0.586111 0.362500 0.583333 0.389844 0.579167 0.396875 0.576389 0.403125 0.576389 0.403906 0.575000 0.410156 0.575000 0.410938 0.573611 0.414844 0.573611 0.413281 0.562500 0.413281 0.559722 0.414062 0.558333 0.414844 0.552778 0.415625 0.545833 0.393750 0.545833
20 0.717969 0.550000 0.717969 0.555556 0.714844 0.555556 0.697656 0.554167 0.692969 0.555556 0.690625 0.559722 0.687500 0.559722 0.683594 0.562500 0.699219 0.562500 0.703125 0.563889 0.708594 0.566667 0.710938 0.568056 0.713281 0.573611 0.715625 0.576389 0.713281 0.579167 0.713281 0.583333 0.710156 0.588889 0.706250 0.588889 0.703906 0.591667 0.692187 0.591667 0.694531 0.591667 0.695312 0.593056 0.700781 0.594444 0.701562 0.595833 0.723437 0.605556 0.730469 0.608333 0.742969 0.612500 0.767969 0.620833 0.792188 0.629167 0.960938 0.686111 0.977344 0.690278 0.989844 0.695833 0.993750 0.695833 0.994531 0.697222 0.996875 0.697222 0.994531 0.697222 0.993750 0.695833 0.988281 0.694444 0.987500 0.693056 0.975781 0.688889 0.975000 0.687500 0.909375 0.659722 0.893750 0.652778 0.865625 0.640278 0.854688 0.633333 0.851562 0.633333 0.849219 0.630556 0.842969 0.629167 0.821875 0.629167 0.816406 0.619444 0.815625 0.619444 0.814063 0.616667 0.814063 0.619444 0.811719 0.623611 0.807031 0.623611 0.801562 0.619444 0.794531 0.619444 0.792188 0.615278 0.792969 0.606944 0.791406 0.605556 0.789062 0.605556 0.785937 0.600000 0.785937 0.590278 0.786719 0.588889 0.786719 0.579167 0.764844 0.579167 0.761719 0.575000 0.758594 0.570833 0.757812 0.575000 0.750000 0.575000 0.730469 0.572222 0.729688 0.568056 0.729688 0.559722 0.730469 0.556944 0.732031 0.554167 0.733594 0.552778 0.737500 0.550000 0.743750 0.550000 0.717969 0.550000
