19 0.492188 0.516667 0.483594 0.519444 0.485156 0.526389 0.482812 0.527778 0.480469 0.527778 0.478125 0.525000 0.475781 0.527778 0.473438 0.526389 0.471875 0.525000 0.470313 0.522222 0.462500 0.522222 0.455469 0.523611 0.453125 0.527778 0.453125 0.529167 0.450781 0.533333 0.448437 0.534722 0.445312 0.534722 0.443750 0.536111 0.443750 0.540278 0.439844 0.543056 0.437500 0.541667 0.437500 0.537500 0.432031 0.537500 0.431250 0.544444 0.414844 0.543056 0.357031 0.544444 0.355469 0.548611 0.353125 0.550000 0.346094 0.550000 0.342969 0.551389 0.339844 0.556944 0.338281 0.558333 0.323437 0.558333 0.322656 0.556944 0.320312 0.556944 0.321094 0.561111 0.320312 0.570833 0.319531 0.573611 0.317969 0.576389 0.314844 0.576389 0.311719 0.572222 0.308594 0.576389 0.303125 0.580556 0.296094 0.580556 0.293750 0.577778 0.288281 0.577778 0.271094 0.580556 0.253906 0.580556 0.250781 0.581944 0.249219 0.584722 0.246875 0.586111 0.242188 0.588889 0.231250 0.594444 0.226562 0.597222 0.214062 0.602778 0.206250 0.606944 0.203906 0.608333 0.201563 0.609722 0.199219 0.612500 0.196875 0.613889 0.194531 0.615278 0.185938 0.618056 0.178125 0.622222 0.170313 0.626389 0.144531 0.640278 0.134375 0.645833 0.132031 0.647222 0.121875 0.654167 0.103125 0.666667 0.065625 0.691667 0.059375 0.697222 0.011719 0.727778 0.005469 0.731944 0.003125 0.734722 0.001563 0.734722 0.000000 0.736111 0.000000 0.941667 0.006250 0.940278 0.018750 0.937500 0.043750 0.931944 0.154688 0.905556 0.160938 0.904167 0.167187 0.902778 0.174219 0.901389 0.189062 0.898611 0.210938 0.894444 0.262500 0.884722 0.277344 0.881944 0.292187 0.879167 0.300000 0.877778 0.310937 0.876389 0.324219 0.875000 0.363281 0.870833 0.441406 0.862500 0.454688 0.861111 0.507031 0.859722 0.572656 0.858333 0.639062 0.856944 0.675781 0.856944 0.706250 0.861111 0.746094 0.866667 0.765625 0.869444 0.775781 0.870833 0.781250 0.872222 0.785937 0.873611 0.790625 0.875000 0.812500 0.881944 0.852344 0.894444 0.975781 0.934722 0.989062 0.938889 0.993750 0.940278 0.999219 0.941667 0.998437 0.852778 0.996875 0.851389 0.992969 0.850000 0.983594 0.843056 0.968750 0.831944 0.954688 0.823611 0.916406 0.795833 0.648438 0.611111 0.638281 0.604167 0.619531 0.591667 0.515625 0.522222 0.513281 0.520833 0.510156 0.519444 0.506250 0.518056 0.502344 0.516667 0.492188 0.516667
24 0.526563 0.409722 0.526563 0.443056 0.527344 0.481944 0.528125 0.483333 0.528125 0.488889 0.529687 0.488889 0.529687 0.456944 0.528906 0.420833 0.528125 0.419444 0.528125 0.409722 0.526563 0.409722
24 0.203906 0.406944 0.203906 0.413889 0.204687 0.469444 0.205469 0.470833 0.205469 0.495833 0.207813 0.498611 0.209375 0.500000 0.209375 0.486111 0.208594 0.484722 0.208594 0.462500 0.207813 0.461111 0.207031 0.437500 0.207031 0.413889 0.206250 0.412500 0.206250 0.406944 0.203906 0.406944
24 0.499219 0.404167 0.499219 0.409722 0.500000 0.447222 0.500781 0.448611 0.500781 0.484722 0.501563 0.486111 0.501563 0.490278 0.503125 0.490278 0.504687 0.488889 0.504687 0.477778 0.503906 0.451389 0.503125 0.425000 0.501563 0.402778 0.499219 0.404167
24 0.496094 0.315278 0.496094 0.329167 0.497656 0.368056 0.498437 0.386111 0.499219 0.387500 0.499219 0.390278 0.501563 0.390278 0.501563 0.368056 0.500000 0.344444 0.500000 0.322222 0.499219 0.320833 0.499219 0.315278 0.496094 0.315278
24 0.246875 0.220833 0.246875 0.245833 0.247656 0.272222 0.248438 0.273611 0.250781 0.354167 0.251563 0.383333 0.252344 0.412500 0.252344 0.427778 0.251563 0.437500 0.257031 0.438889 0.257031 0.434722 0.256250 0.412500 0.255469 0.411111 0.254688 0.388889 0.253906 0.365278 0.253125 0.318056 0.252344 0.293056 0.251563 0.281944 0.250000 0.272222 0.249219 0.254167 0.248438 0.237500 0.248438 0.220833 0.246875 0.220833
29 0.307812 0.413889 0.307031 0.429167 0.307031 0.434722 0.318750 0.434722 0.318750 0.423611 0.319531 0.422222 0.319531 0.413889 0.307812 0.413889
29 0.434375 0.368056 0.432812 0.369444 0.432812 0.394444 0.434375 0.395833 0.439844 0.395833 0.440625 0.397222 0.445312 0.397222 0.445312 0.368056 0.434375 0.368056
2 0.278125 0.502778 0.270313 0.504167 0.260937 0.509722 0.259375 0.511111 0.257812 0.513889 0.256250 0.518056 0.252344 0.527778 0.250781 0.533333 0.249219 0.536111 0.242188 0.547222 0.241406 0.550000 0.241406 0.573611 0.242188 0.575000 0.242188 0.580556 0.253125 0.580556 0.271094 0.579167 0.288281 0.576389 0.293750 0.576389 0.296094 0.579167 0.303125 0.579167 0.308594 0.575000 0.311719 0.570833 0.314844 0.575000 0.318750 0.573611 0.319531 0.570833 0.320312 0.561111 0.319531 0.556944 0.322656 0.555556 0.338281 0.556944 0.339844 0.555556 0.342969 0.550000 0.346094 0.548611 0.353125 0.548611 0.356250 0.545833 0.356250 0.540278 0.355469 0.536111 0.354687 0.533333 0.353125 0.529167 0.350000 0.523611 0.350000 0.522222 0.347656 0.518056 0.345313 0.516667 0.337500 0.516667 0.331250 0.518056 0.328906 0.519444 0.327344 0.520833 0.325781 0.522222 0.321875 0.529167 0.321094 0.525000 0.319531 0.522222 0.317969 0.520833 0.311719 0.520833 0.310156 0.519444 0.301563 0.504167 0.300000 0.502778 0.278125 0.502778
2 0.453125 0.500000 0.443750 0.501389 0.440625 0.502778 0.438281 0.506944 0.437500 0.509722 0.437500 0.513889 0.436719 0.518056 0.435156 0.520833 0.431250 0.523611 0.418750 0.523611 0.415625 0.529167 0.414844 0.531944 0.414062 0.534722 0.414062 0.540278 0.415625 0.543056 0.431250 0.543056 0.432031 0.536111 0.438281 0.537500 0.438281 0.541667 0.441406 0.543056 0.442969 0.540278 0.443750 0.534722 0.445312 0.533333 0.448437 0.533333 0.450781 0.531944 0.452344 0.529167 0.455469 0.520833 0.458594 0.519444 0.460156 0.519444 0.461719 0.520833 0.461719 0.509722 0.460938 0.505556 0.459375 0.500000 0.453125 0.500000
30 0.479687 0.488889 0.479687 0.494444 0.480469 0.509722 0.487500 0.509722 0.487500 0.488889 0.479687 0.488889
30 0.493750 0.486111 0.493750 0.491667 0.492188 0.497222 0.490625 0.497222 0.490625 0.501389 0.489844 0.502778 0.489844 0.512500 0.499219 0.512500 0.499219 0.504167 0.500000 0.502778 0.500000 0.486111 0.493750 0.486111
30 0.502344 0.390278 0.494531 0.391667 0.494531 0.398611 0.495312 0.400000 0.495312 0.402778 0.500000 0.401389 0.501563 0.401389 0.505469 0.402778 0.505469 0.390278 0.502344 0.390278
30 0.525781 0.366667 0.519531 0.376389 0.514844 0.384722 0.515625 0.394444 0.516406 0.402778 0.517188 0.404167 0.517188 0.409722 0.526563 0.408333 0.528125 0.408333 0.538281 0.409722 0.538281 0.404167 0.537500 0.380556 0.536719 0.379167 0.536719 0.376389 0.532813 0.370833 0.529687 0.366667 0.528125 0.365278 0.525781 0.366667
23 0.208594 0.445833 0.208594 0.461111 0.209375 0.462500 0.209375 0.484722 0.210156 0.486111 0.210156 0.500000 0.211719 0.500000 0.214844 0.502778 0.221094 0.506944 0.235156 0.516667 0.237500 0.518056 0.239063 0.518056 0.239063 0.484722 0.237500 0.480556 0.234375 0.472222 0.232813 0.468056 0.230469 0.466667 0.226562 0.462500 0.221094 0.456944 0.208594 0.445833
23 0.524219 0.411111 0.522656 0.413889 0.518750 0.422222 0.510938 0.438889 0.507031 0.447222 0.505469 0.451389 0.504687 0.468056 0.504687 0.476389 0.505469 0.487500 0.511719 0.487500 0.511719 0.495833 0.515625 0.495833 0.515625 0.486111 0.519531 0.477778 0.526563 0.465278 0.526563 0.444444 0.525781 0.411111 0.524219 0.411111
23 0.000000 0.261111 0.000781 0.359722 0.004687 0.361111 0.007031 0.363889 0.017969 0.370833 0.028906 0.376389 0.039844 0.383333 0.048438 0.388889 0.054688 0.393056 0.075000 0.406944 0.121875 0.440278 0.178906 0.479167 0.204687 0.495833 0.204687 0.470833 0.203906 0.469444 0.203906 0.441667 0.202344 0.440278 0.199219 0.437500 0.192969 0.431944 0.180469 0.420833 0.155469 0.398611 0.002344 0.262500 0.000000 0.261111
23 0.681250 0.000000 0.680469 0.002778 0.678125 0.009722 0.674219 0.022222 0.663281 0.058333 0.660156 0.066667 0.653906 0.083333 0.625781 0.158333 0.554688 0.347222 0.546094 0.363889 0.542188 0.372222 0.538281 0.380556 0.539062 0.404167 0.538281 0.411111 0.528906 0.411111 0.528906 0.419444 0.530469 0.456944 0.533594 0.451389 0.540625 0.437500 0.540625 0.436111 0.561719 0.395833 0.569531 0.380556 0.574219 0.370833 0.585156 0.347222 0.600000 0.315278 0.614062 0.283333 0.628906 0.251389 0.644531 0.218056 0.669531 0.165278 0.724219 0.051389 0.735938 0.025000 0.740625 0.016667 0.744531 0.006944 0.748437 0.000000 0.681250 0.000000
22 0.000000 0.359722 0.000000 0.734722 0.001563 0.733333 0.003125 0.733333 0.005469 0.730556 0.017188 0.723611 0.059375 0.695833 0.065625 0.690278 0.132031 0.645833 0.134375 0.644444 0.144531 0.638889 0.170313 0.625000 0.185938 0.616667 0.194531 0.613889 0.196875 0.612500 0.199219 0.611111 0.201563 0.608333 0.203906 0.606944 0.206250 0.605556 0.214062 0.601389 0.242188 0.587500 0.245312 0.584722 0.246875 0.584722 0.250000 0.581944 0.241406 0.580556 0.240625 0.573611 0.240625 0.550000 0.241406 0.547222 0.249219 0.534722 0.250000 0.533333 0.250000 0.531944 0.251563 0.527778 0.253906 0.523611 0.249219 0.520833 0.245312 0.519444 0.241406 0.518056 0.239844 0.518056 0.239063 0.519444 0.237500 0.519444 0.235156 0.518056 0.228906 0.513889 0.220312 0.506944 0.214062 0.502778 0.209375 0.501389 0.201563 0.494444 0.189062 0.486111 0.178906 0.480556 0.148438 0.459722 0.121875 0.441667 0.054688 0.394444 0.048438 0.390278 0.039844 0.384722 0.028906 0.377778 0.004687 0.362500 0.000000 0.359722
22 0.749219 0.000000 0.745313 0.006944 0.741406 0.016667 0.736719 0.025000 0.725000 0.051389 0.645312 0.218056 0.629687 0.251389 0.614844 0.283333 0.575000 0.370833 0.570312 0.380556 0.562500 0.395833 0.541406 0.436111 0.534375 0.450000 0.530469 0.458333 0.529687 0.490278 0.527344 0.488889 0.526563 0.481944 0.526563 0.466667 0.520312 0.477778 0.516406 0.486111 0.515625 0.497222 0.515625 0.500000 0.517188 0.505556 0.516406 0.519444 0.516406 0.522222 0.517969 0.523611 0.519531 0.523611 0.521875 0.526389 0.528125 0.530556 0.540625 0.538889 0.570312 0.558333 0.638281 0.602778 0.648438 0.609722 0.676562 0.629167 0.686719 0.636111 0.916406 0.794444 0.954688 0.822222 0.968750 0.830556 0.992969 0.848611 0.999219 0.852778 0.999219 0.000000 0.749219 0.000000
21 0.509375 0.488889 0.505469 0.488889 0.503906 0.490278 0.505469 0.488889 0.510938 0.487500 0.509375 0.488889
21 0.193750 0.412500 0.183594 0.413889 0.182812 0.415278 0.175781 0.415278 0.178125 0.418056 0.181250 0.420833 0.187500 0.426389 0.203906 0.440278 0.203906 0.415278 0.203125 0.412500 0.193750 0.412500
21 0.225000 0.390278 0.224219 0.409722 0.215625 0.409722 0.214844 0.411111 0.207031 0.411111 0.207813 0.437500 0.209375 0.445833 0.210938 0.447222 0.221094 0.455556 0.222656 0.458333 0.231250 0.465278 0.232813 0.466667 0.233594 0.468056 0.233594 0.469444 0.238281 0.480556 0.239844 0.484722 0.239844 0.516667 0.241406 0.516667 0.242188 0.518056 0.246094 0.519444 0.250000 0.520833 0.253906 0.522222 0.255469 0.519444 0.257031 0.513889 0.259375 0.509722 0.260937 0.508333 0.270313 0.502778 0.278125 0.501389 0.300000 0.501389 0.301563 0.502778 0.310156 0.518056 0.311719 0.519444 0.317969 0.519444 0.319531 0.520833 0.321875 0.525000 0.321875 0.527778 0.325781 0.520833 0.327344 0.519444 0.328906 0.518056 0.331250 0.516667 0.337500 0.515278 0.345313 0.515278 0.347656 0.516667 0.350781 0.522222 0.353906 0.529167 0.355469 0.533333 0.356250 0.536111 0.357031 0.540278 0.357031 0.543056 0.414062 0.543056 0.413281 0.534722 0.414062 0.531944 0.414844 0.529167 0.418750 0.522222 0.431250 0.522222 0.433594 0.519444 0.435937 0.518056 0.436719 0.513889 0.436719 0.509722 0.438281 0.504167 0.439063 0.504167 0.440625 0.501389 0.443750 0.500000 0.453125 0.498611 0.460156 0.500000 0.460938 0.502778 0.461719 0.505556 0.462500 0.509722 0.462500 0.520833 0.465625 0.519444 0.470313 0.520833 0.471875 0.523611 0.473438 0.523611 0.474219 0.526389 0.475781 0.526389 0.478125 0.523611 0.480469 0.526389 0.482812 0.526389 0.483594 0.525000 0.485156 0.525000 0.482031 0.518056 0.483594 0.511111 0.479687 0.509722 0.478906 0.494444 0.479687 0.487500 0.488281 0.488889 0.489063 0.509722 0.489063 0.502778 0.490625 0.495833 0.492188 0.495833 0.492188 0.493056 0.492969 0.491667 0.493750 0.484722 0.500781 0.486111 0.500781 0.490278 0.500781 0.486111 0.500000 0.484722 0.500000 0.448611 0.499219 0.447222 0.499219 0.411111 0.498437 0.409722 0.498437 0.404167 0.495312 0.404167 0.495312 0.408333 0.492969 0.411111 0.493750 0.422222 0.494531 0.427778 0.492969 0.430556 0.490625 0.433333 0.487500 0.434722 0.485938 0.433333 0.484375 0.430556 0.482812 0.429167 0.479687 0.427778 0.474219 0.426389 0.467969 0.426389 0.464062 0.429167 0.464062 0.433333 0.462500 0.436111 0.458594 0.434722 0.450781 0.433333 0.450781 0.436111 0.449219 0.437500 0.448437 0.440278 0.446875 0.438889 0.445312 0.436111 0.442969 0.436111 0.442969 0.440278 0.441406 0.440278 0.440625 0.437500 0.437500 0.438889 0.436719 0.443056 0.433594 0.438889 0.421094 0.438889 0.421094 0.433333 0.417187 0.433333 0.417187 0.436111 0.415625 0.437500 0.414844 0.443056 0.403906 0.441667 0.403125 0.431944 0.395313 0.431944 0.394531 0.445833 0.389844 0.447222 0.383594 0.445833 0.382031 0.443056 0.377344 0.443056 0.376563 0.448611 0.373437 0.450000 0.362500 0.448611 0.355469 0.448611 0.354687 0.454167 0.342969 0.454167 0.342187 0.451389 0.338281 0.445833 0.336719 0.444444 0.330469 0.444444 0.325781 0.451389 0.324219 0.456944 0.321875 0.452778 0.321875 0.450000 0.321094 0.447222 0.312500 0.447222 0.311719 0.456944 0.303125 0.455556 0.303125 0.450000 0.301563 0.443056 0.295312 0.443056 0.294531 0.463889 0.290625 0.462500 0.289844 0.441667 0.289844 0.422222 0.289062 0.420833 0.289062 0.402778 0.284375 0.402778 0.272656 0.405556 0.265625 0.404167 0.264844 0.394444 0.256250 0.394444 0.256250 0.411111 0.257812 0.434722 0.256250 0.440278 0.251563 0.438889 0.250000 0.434722 0.251563 0.427778 0.251563 0.412500 0.250781 0.411111 0.250781 0.406944 0.240625 0.405556 0.240625 0.391667 0.234375 0.391667 0.233594 0.390278 0.225000 0.390278
21 0.496875 0.355556 0.495312 0.359722 0.492188 0.368056 0.492188 0.370833 0.492969 0.381944 0.493750 0.383333 0.493750 0.391667 0.498437 0.390278 0.498437 0.387500 0.497656 0.369444 0.496875 0.368056 0.496875 0.355556
21 0.564063 0.300000 0.560156 0.301389 0.555469 0.309722 0.545312 0.329167 0.535937 0.330556 0.516406 0.331944 0.506250 0.333333 0.503906 0.337500 0.502344 0.341667 0.501563 0.344444 0.501563 0.366667 0.502344 0.368056 0.502344 0.388889 0.506250 0.390278 0.505469 0.404167 0.503125 0.404167 0.503125 0.423611 0.503906 0.450000 0.504687 0.451389 0.504687 0.466667 0.504687 0.451389 0.506250 0.447222 0.510156 0.438889 0.517969 0.423611 0.517969 0.422222 0.521875 0.415278 0.521875 0.413889 0.523438 0.411111 0.516406 0.409722 0.515625 0.402778 0.514844 0.394444 0.514062 0.384722 0.519531 0.375000 0.525781 0.365278 0.528125 0.363889 0.529687 0.365278 0.532813 0.369444 0.536719 0.375000 0.537500 0.379167 0.541406 0.373611 0.541406 0.372222 0.549219 0.356944 0.553906 0.347222 0.557031 0.338889 0.569531 0.305556 0.571094 0.300000 0.564063 0.300000
21 0.000000 0.000000 0.000781 0.261111 0.002344 0.261111 0.006250 0.265278 0.026562 0.283333 0.027344 0.277778 0.028906 0.277778 0.028906 0.258333 0.028125 0.230556 0.025781 0.148611 0.022656 0.066667 0.022656 0.040278 0.021875 0.038889 0.021875 0.012500 0.021094 0.011111 0.021094 0.000000 0.000000 0.000000
27 0.680469 0.000000 0.678906 0.006944 0.666406 0.045833 0.662500 0.058333 0.625000 0.158333 0.599219 0.226389 0.582031 0.270833 0.582031 0.272222 0.575781 0.287500 0.575781 0.288889 0.572656 0.295833 0.572656 0.297222 0.564063 0.298611 0.560156 0.300000 0.554688 0.309722 0.545312 0.327778 0.535937 0.329167 0.516406 0.330556 0.506250 0.331944 0.503125 0.337500 0.501563 0.341667 0.500781 0.344444 0.500781 0.322222 0.500000 0.315278 0.496094 0.313889 0.495312 0.329167 0.496875 0.350000 0.496875 0.354167 0.496094 0.356944 0.492969 0.363889 0.491406 0.368056 0.491406 0.370833 0.492188 0.381944 0.493750 0.393056 0.494531 0.402778 0.493750 0.409722 0.492969 0.409722 0.492188 0.422222 0.493750 0.423611 0.492969 0.429167 0.492188 0.429167 0.490625 0.431944 0.487500 0.433333 0.485938 0.431944 0.484375 0.429167 0.482812 0.427778 0.479687 0.426389 0.474219 0.425000 0.467969 0.425000 0.464844 0.426389 0.463281 0.429167 0.463281 0.433333 0.459375 0.434722 0.458594 0.431944 0.450781 0.431944 0.445312 0.398611 0.446094 0.368056 0.434375 0.366667 0.432812 0.368056 0.432812 0.395833 0.434375 0.397222 0.439844 0.397222 0.440625 0.398611 0.445312 0.398611 0.450781 0.431944 0.450000 0.436111 0.448437 0.438889 0.446875 0.437500 0.445312 0.434722 0.442188 0.436111 0.442969 0.438889 0.441406 0.438889 0.440625 0.436111 0.438281 0.436111 0.436719 0.438889 0.436719 0.441667 0.434375 0.437500 0.421875 0.438889 0.421875 0.433333 0.417187 0.431944 0.415625 0.436111 0.414844 0.441667 0.404687 0.441667 0.404687 0.433333 0.403125 0.430556 0.395313 0.430556 0.394531 0.444444 0.389844 0.445833 0.383594 0.444444 0.382031 0.441667 0.377344 0.441667 0.376563 0.447222 0.374219 0.447222 0.373437 0.448611 0.362500 0.447222 0.355469 0.447222 0.354687 0.452778 0.342969 0.452778 0.338281 0.444444 0.336719 0.443056 0.330469 0.443056 0.325781 0.450000 0.325000 0.451389 0.324219 0.455556 0.322656 0.452778 0.322656 0.450000 0.321875 0.447222 0.312500 0.445833 0.311719 0.455556 0.303906 0.455556 0.303906 0.450000 0.303125 0.444444 0.301563 0.441667 0.306250 0.434722 0.318750 0.436111 0.320312 0.422222 0.320312 0.413889 0.307812 0.412500 0.306250 0.429167 0.306250 0.434722 0.301563 0.441667 0.295312 0.441667 0.294531 0.462500 0.291406 0.462500 0.291406 0.443056 0.290625 0.422222 0.289844 0.402778 0.284375 0.401389 0.272656 0.404167 0.266406 0.404167 0.266406 0.395833 0.264844 0.393056 0.256250 0.393056 0.256250 0.390278 0.255469 0.388889 0.254688 0.365278 0.253906 0.318056 0.253125 0.293056 0.252344 0.281944 0.250781 0.272222 0.250000 0.254167 0.249219 0.237500 0.249219 0.220833 0.246875 0.219444 0.246094 0.245833 0.250000 0.354167 0.250781 0.383333 0.250781 0.405556 0.241406 0.405556 0.241406 0.391667 0.233594 0.388889 0.225000 0.388889 0.224219 0.408333 0.215625 0.408333 0.214844 0.409722 0.207031 0.409722 0.207031 0.406944 0.203906 0.405556 0.203125 0.411111 0.193750 0.411111 0.183594 0.412500 0.175000 0.415278 0.076563 0.327778 0.051562 0.305556 0.039062 0.294444 0.032813 0.288889 0.029687 0.286111 0.028125 0.284722 0.027344 0.279167 0.028906 0.279167 0.029687 0.258333 0.028906 0.230556 0.026562 0.148611 0.023438 0.066667 0.022656 0.038889 0.021875 0.011111 0.021875 0.000000 0.680469 0.000000
