30 0.136719 0.604167 0.136719 0.606944 0.139844 0.611111 0.141406 0.612500 0.143750 0.608333 0.145313 0.602778 0.141406 0.597222 0.136719 0.604167
30 0.234375 0.573611 0.225781 0.575000 0.225000 0.587500 0.217188 0.587500 0.217188 0.598611 0.217969 0.622222 0.218750 0.623611 0.218750 0.629167 0.220312 0.629167 0.232031 0.627778 0.243750 0.626389 0.244531 0.625000 0.254688 0.625000 0.254688 0.608333 0.253906 0.586111 0.237500 0.584722 0.237500 0.573611 0.234375 0.573611
30 0.142187 0.568056 0.140625 0.570833 0.139844 0.570833 0.137500 0.576389 0.138281 0.579167 0.139063 0.581944 0.140625 0.586111 0.142187 0.584722 0.146875 0.575000 0.145313 0.572222 0.142187 0.568056
30 0.339062 0.563889 0.337500 0.568056 0.339844 0.570833 0.339844 0.584722 0.342187 0.583333 0.345313 0.584722 0.345313 0.563889 0.339062 0.563889
30 0.295312 0.533333 0.294531 0.543056 0.292969 0.543056 0.292969 0.547222 0.291406 0.550000 0.291406 0.558333 0.292187 0.576389 0.300000 0.576389 0.300781 0.575000 0.307812 0.575000 0.307812 0.533333 0.301563 0.534722 0.295312 0.533333
30 0.571875 0.520833 0.571875 0.538889 0.583594 0.538889 0.583594 0.530556 0.582812 0.529167 0.582812 0.520833 0.571875 0.520833
30 0.027344 0.500000 0.025000 0.502778 0.021875 0.506944 0.014844 0.518056 0.010937 0.522222 0.007812 0.529167 0.008594 0.531944 0.010156 0.534722 0.014844 0.541667 0.023438 0.554167 0.026562 0.558333 0.028906 0.559722 0.030469 0.559722 0.038281 0.545833 0.046875 0.533333 0.047656 0.530556 0.043750 0.523611 0.035937 0.511111 0.028906 0.500000 0.027344 0.500000
30 0.268750 0.431944 0.269531 0.443056 0.268750 0.450000 0.216406 0.450000 0.214844 0.451389 0.214062 0.461111 0.215625 0.481944 0.214844 0.487500 0.213281 0.500000 0.212500 0.438889 0.211719 0.437500 0.211719 0.434722 0.135937 0.433333 0.112500 0.433333 0.111719 0.436111 0.110937 0.438889 0.110937 0.533333 0.122656 0.533333 0.174219 0.531944 0.175000 0.530556 0.213281 0.530556 0.213281 0.523611 0.212500 0.522222 0.214844 0.513889 0.216406 0.515278 0.214844 0.531944 0.253125 0.531944 0.253906 0.530556 0.293750 0.530556 0.290625 0.523611 0.289844 0.520833 0.293750 0.513889 0.293750 0.462500 0.292969 0.461111 0.292969 0.450000 0.290625 0.448611 0.290625 0.434722 0.289844 0.431944 0.268750 0.431944
30 0.569531 0.390278 0.568750 0.391667 0.560156 0.391667 0.560156 0.408333 0.560937 0.437500 0.566406 0.437500 0.576562 0.436111 0.577344 0.434722 0.578906 0.434722 0.578906 0.426389 0.578125 0.390278 0.569531 0.390278
24 0.182812 0.586111 0.182031 0.625000 0.183594 0.625000 0.183594 0.606944 0.182812 0.605556 0.182812 0.586111
24 0.342187 0.584722 0.341406 0.611111 0.342969 0.609722 0.342187 0.584722
24 0.332031 0.606944 0.333594 0.606944 0.332813 0.572222 0.332031 0.606944
24 0.152344 0.627778 0.153906 0.627778 0.153906 0.568056 0.153125 0.565278 0.152344 0.627778
24 0.194531 0.556944 0.194531 0.577778 0.193750 0.579167 0.193750 0.627778 0.195312 0.627778 0.195312 0.600000 0.196094 0.598611 0.196094 0.556944 0.194531 0.556944
24 0.024219 0.555556 0.024219 0.640278 0.027344 0.640278 0.028906 0.638889 0.028906 0.636111 0.028125 0.620833 0.029687 0.609722 0.029687 0.561111 0.028125 0.559722 0.026562 0.559722 0.024219 0.555556
24 0.567969 0.437500 0.567969 0.441667 0.568750 0.470833 0.569531 0.500000 0.570312 0.526389 0.571094 0.552778 0.572656 0.573611 0.572656 0.606944 0.573438 0.633333 0.574219 0.634722 0.574219 0.640278 0.578906 0.638889 0.578906 0.622222 0.578125 0.598611 0.576562 0.575000 0.576562 0.550000 0.575781 0.548611 0.575781 0.540278 0.571094 0.538889 0.571875 0.519444 0.574219 0.519444 0.574219 0.500000 0.572656 0.477778 0.572656 0.456944 0.571875 0.455556 0.571875 0.437500 0.567969 0.437500
24 0.024219 0.427778 0.024219 0.487500 0.025000 0.488889 0.025000 0.501389 0.027344 0.498611 0.030469 0.500000 0.030469 0.427778 0.024219 0.427778
24 0.297656 0.394444 0.296094 0.395833 0.296875 0.506944 0.298438 0.505556 0.300000 0.506944 0.300000 0.498611 0.299219 0.394444 0.297656 0.394444
24 0.562500 0.266667 0.562500 0.275000 0.563281 0.298611 0.564844 0.345833 0.565625 0.369444 0.566406 0.370833 0.566406 0.390278 0.567969 0.388889 0.569531 0.388889 0.569531 0.370833 0.568750 0.333333 0.567969 0.297222 0.567187 0.295833 0.567187 0.266667 0.562500 0.266667
2 0.022656 0.643056 0.019531 0.643056 0.016406 0.644444 0.014844 0.645833 0.014063 0.647222 0.011719 0.652778 0.010156 0.656944 0.005469 0.673611 0.007812 0.673611 0.008594 0.672222 0.017188 0.672222 0.017188 0.668056 0.017969 0.666667 0.017969 0.659722 0.018750 0.654167 0.021875 0.645833 0.024219 0.641667 0.022656 0.643056
2 0.031250 0.638889 0.031250 0.643056 0.032031 0.647222 0.035937 0.652778 0.036719 0.654167 0.036719 0.655556 0.038281 0.658333 0.038281 0.665278 0.039844 0.666667 0.045312 0.665278 0.045312 0.662500 0.043750 0.652778 0.043750 0.644444 0.042188 0.641667 0.037500 0.640278 0.031250 0.638889
2 0.190625 0.629167 0.182812 0.630556 0.176563 0.631944 0.174219 0.636111 0.171875 0.637500 0.167969 0.644444 0.164844 0.651389 0.162500 0.656944 0.160156 0.662500 0.159375 0.672222 0.159375 0.683333 0.160156 0.700000 0.160938 0.702778 0.164062 0.702778 0.175000 0.697222 0.182031 0.695833 0.221094 0.679167 0.228125 0.676389 0.232031 0.675000 0.232031 0.665278 0.230469 0.655556 0.231250 0.651389 0.231250 0.647222 0.230469 0.644444 0.226562 0.644444 0.225000 0.647222 0.223438 0.644444 0.223438 0.641667 0.220312 0.638889 0.214844 0.629167 0.190625 0.629167
2 0.100000 0.625000 0.098437 0.627778 0.096875 0.631944 0.095312 0.636111 0.092969 0.644444 0.092969 0.652778 0.096875 0.652778 0.099219 0.651389 0.110156 0.644444 0.112500 0.641667 0.117188 0.638889 0.116406 0.636111 0.110156 0.625000 0.100000 0.625000
2 0.270313 0.622222 0.260937 0.623611 0.259375 0.626389 0.260937 0.640278 0.263281 0.640278 0.271875 0.640278 0.273438 0.640278 0.275000 0.638889 0.275781 0.633333 0.274219 0.629167 0.273438 0.623611 0.271875 0.622222 0.270313 0.622222
2 0.321875 0.606944 0.317969 0.608333 0.315625 0.612500 0.315625 0.615278 0.313281 0.619444 0.313281 0.622222 0.314063 0.627778 0.314063 0.633333 0.313281 0.634722 0.313281 0.638889 0.315625 0.643056 0.317188 0.643056 0.339062 0.640278 0.339062 0.634722 0.338281 0.623611 0.336719 0.619444 0.337500 0.612500 0.337500 0.609722 0.335938 0.609722 0.335156 0.608333 0.325781 0.606944 0.321875 0.606944
2 0.367188 0.601389 0.366406 0.602778 0.363281 0.604167 0.359375 0.605556 0.359375 0.611111 0.364844 0.612500 0.367969 0.609722 0.369531 0.609722 0.368750 0.601389 0.367188 0.601389
2 0.050000 0.601389 0.050000 0.609722 0.055469 0.611111 0.055469 0.619444 0.059375 0.619444 0.060156 0.620833 0.064062 0.620833 0.064844 0.618056 0.065625 0.615278 0.064844 0.605556 0.063281 0.604167 0.059375 0.601389 0.050000 0.601389
2 0.398438 0.591667 0.396875 0.594444 0.395313 0.600000 0.390625 0.613889 0.387500 0.623611 0.386719 0.626389 0.385937 0.631944 0.383594 0.636111 0.382812 0.651389 0.382812 0.658333 0.384375 0.673611 0.386719 0.675000 0.389844 0.673611 0.391406 0.676389 0.400000 0.675000 0.400781 0.669444 0.410156 0.668056 0.417187 0.666667 0.417969 0.665278 0.424219 0.666667 0.425000 0.675000 0.432031 0.673611 0.442188 0.675000 0.442969 0.643056 0.442969 0.623611 0.441406 0.619444 0.440625 0.611111 0.439844 0.606944 0.439063 0.602778 0.438281 0.600000 0.436719 0.598611 0.435156 0.598611 0.432812 0.595833 0.426563 0.591667 0.398438 0.591667
29 0.298438 0.506944 0.290625 0.520833 0.291406 0.523611 0.296875 0.533333 0.301563 0.533333 0.308594 0.519444 0.305469 0.516667 0.300000 0.508333 0.298438 0.506944
21 0.941406 0.316667 0.939844 0.318056 0.938281 0.330556 0.935156 0.330556 0.934375 0.329167 0.931250 0.329167 0.928906 0.331944 0.923438 0.340278 0.917969 0.345833 0.915625 0.341667 0.910156 0.331944 0.903125 0.334722 0.895312 0.334722 0.883594 0.331944 0.868750 0.331944 0.864062 0.333333 0.859375 0.334722 0.836719 0.341667 0.741406 0.372222 0.718750 0.377778 0.696094 0.384722 0.691406 0.387500 0.682813 0.388889 0.682031 0.390278 0.678125 0.390278 0.675781 0.391667 0.676562 0.397222 0.678125 0.406944 0.678906 0.409722 0.681250 0.413889 0.688281 0.425000 0.691406 0.431944 0.692969 0.437500 0.692187 0.450000 0.691406 0.461111 0.689063 0.465278 0.687500 0.466667 0.685937 0.468056 0.678906 0.473611 0.675781 0.473611 0.668750 0.470833 0.667969 0.473611 0.667969 0.491667 0.666406 0.500000 0.664844 0.508333 0.664062 0.512500 0.661719 0.516667 0.659375 0.518056 0.649219 0.525000 0.642188 0.530556 0.640625 0.531944 0.638281 0.541667 0.639062 0.544444 0.642188 0.551389 0.642969 0.554167 0.642969 0.565278 0.653906 0.565278 0.664062 0.563889 0.674219 0.561111 0.684375 0.559722 0.699219 0.558333 0.713281 0.556944 0.757031 0.552778 0.771875 0.551389 0.786719 0.550000 0.817969 0.550000 0.832812 0.548611 0.846875 0.547222 0.857812 0.545833 0.889844 0.541667 0.943750 0.534722 0.953906 0.533333 0.963281 0.531944 0.989062 0.527778 0.989844 0.526389 0.997656 0.526389 0.999219 0.525000 0.999219 0.343056 0.999219 0.345833 0.998437 0.347222 0.997656 0.354167 0.989062 0.365278 0.984375 0.362500 0.977344 0.359722 0.975000 0.358333 0.973437 0.355556 0.971094 0.347222 0.971094 0.344444 0.969531 0.338889 0.968750 0.336111 0.965625 0.333333 0.959375 0.330556 0.941406 0.316667
27 0.473438 0.576389 0.471875 0.577778 0.471094 0.588889 0.478125 0.588889 0.477344 0.577778 0.475781 0.576389 0.473438 0.576389
27 0.938281 0.320833 0.936719 0.322222 0.934375 0.325000 0.932813 0.327778 0.935156 0.329167 0.938281 0.329167 0.938281 0.320833
27 0.563281 0.320833 0.562500 0.323611 0.564063 0.323611 0.563281 0.320833
27 0.968750 0.247222 0.968750 0.250000 0.974219 0.251389 0.979688 0.248611 0.981250 0.251389 0.979688 0.252778 0.979688 0.256944 0.983594 0.252778 0.981250 0.251389 0.979688 0.248611 0.985156 0.250000 0.985938 0.252778 0.986719 0.256944 0.986719 0.262500 0.985156 0.262500 0.983594 0.265278 0.976562 0.266667 0.975781 0.268056 0.974219 0.270833 0.972656 0.277778 0.971094 0.280556 0.963281 0.266667 0.962500 0.265278 0.957812 0.259722 0.960156 0.258333 0.961719 0.256944 0.962500 0.255556 0.963281 0.251389 0.964063 0.250000 0.964844 0.250000 0.966406 0.247222 0.968750 0.247222
27 0.857031 0.000000 0.867188 0.018056 0.867969 0.018056 0.879687 0.037500 0.903125 0.076389 0.984375 0.212500 0.985156 0.212500 0.996094 0.231944 0.996875 0.231944 0.999219 0.236111 0.999219 0.000000 0.857031 0.000000
27 0.000000 0.000000 0.000000 0.348611 0.003125 0.347222 0.005469 0.348611 0.005469 0.358333 0.007031 0.358333 0.007812 0.359722 0.010156 0.358333 0.012500 0.351389 0.014844 0.351389 0.015625 0.354167 0.016406 0.358333 0.017969 0.362500 0.021094 0.368056 0.021875 0.372222 0.021875 0.390278 0.022656 0.393056 0.023438 0.395833 0.024219 0.397222 0.025781 0.398611 0.029687 0.398611 0.038281 0.401389 0.042969 0.404167 0.046094 0.404167 0.047656 0.406944 0.050781 0.413889 0.050781 0.415278 0.053125 0.419444 0.057031 0.423611 0.064062 0.430556 0.065625 0.431944 0.067187 0.433333 0.077344 0.433333 0.079687 0.434722 0.083594 0.437500 0.088281 0.445833 0.090625 0.451389 0.090625 0.501389 0.093750 0.505556 0.110156 0.505556 0.110156 0.438889 0.110937 0.436111 0.111719 0.433333 0.135937 0.431944 0.212500 0.434722 0.213281 0.438889 0.213281 0.448611 0.215625 0.450000 0.268750 0.448611 0.268750 0.443056 0.268750 0.430556 0.290625 0.431944 0.291406 0.434722 0.291406 0.448611 0.293750 0.450000 0.294531 0.462500 0.294531 0.475000 0.296094 0.475000 0.296094 0.394444 0.297656 0.393056 0.300000 0.394444 0.300000 0.479167 0.303125 0.480556 0.304688 0.481944 0.308594 0.488889 0.308594 0.490278 0.312500 0.495833 0.312500 0.490278 0.313281 0.487500 0.316406 0.484722 0.320312 0.483333 0.324219 0.481944 0.331250 0.480556 0.332031 0.477778 0.333594 0.472222 0.333594 0.465278 0.332813 0.461111 0.332031 0.458333 0.322656 0.456944 0.322656 0.452778 0.321875 0.447222 0.318750 0.441667 0.317188 0.437500 0.316406 0.426389 0.317188 0.422222 0.319531 0.420833 0.325781 0.420833 0.326562 0.419444 0.328906 0.419444 0.330469 0.412500 0.331250 0.408333 0.330469 0.395833 0.330469 0.387500 0.332031 0.381944 0.335156 0.372222 0.335938 0.368056 0.342187 0.358333 0.350000 0.358333 0.352344 0.359722 0.353906 0.361111 0.360156 0.370833 0.360938 0.368056 0.364844 0.354167 0.367188 0.350000 0.372656 0.341667 0.375781 0.337500 0.378906 0.334722 0.385156 0.329167 0.387500 0.327778 0.389844 0.326389 0.396875 0.323611 0.399219 0.323611 0.398438 0.319444 0.396875 0.315278 0.396875 0.312500 0.395313 0.302778 0.418750 0.302778 0.424219 0.305556 0.428906 0.306944 0.429688 0.304167 0.429688 0.301389 0.430469 0.298611 0.426563 0.298611 0.425000 0.297222 0.417187 0.288889 0.415625 0.286111 0.414844 0.281944 0.414062 0.272222 0.414844 0.268056 0.418750 0.266667 0.419531 0.262500 0.421094 0.248611 0.421875 0.244444 0.422656 0.241667 0.425781 0.236111 0.431250 0.229167 0.442188 0.215278 0.449219 0.206944 0.452344 0.208333 0.454688 0.209722 0.457031 0.211111 0.465625 0.216667 0.471094 0.220833 0.478125 0.227778 0.487500 0.229167 0.496875 0.230556 0.510938 0.230556 0.514062 0.236111 0.521094 0.255556 0.525000 0.263889 0.529687 0.272222 0.532813 0.279167 0.538281 0.293056 0.538281 0.294444 0.541406 0.295833 0.550000 0.293056 0.553125 0.293056 0.557031 0.298611 0.560156 0.304167 0.560937 0.304167 0.563281 0.308333 0.563281 0.300000 0.562500 0.298611 0.561719 0.275000 0.562500 0.265278 0.567969 0.266667 0.567969 0.295833 0.568750 0.297222 0.568750 0.320833 0.570312 0.319444 0.574219 0.318056 0.575000 0.316667 0.589063 0.308333 0.605469 0.308333 0.610156 0.311111 0.612500 0.312500 0.615625 0.316667 0.618750 0.322222 0.619531 0.329167 0.621094 0.343056 0.621875 0.354167 0.628906 0.355556 0.635156 0.355556 0.644531 0.373611 0.646875 0.376389 0.650781 0.377778 0.653906 0.377778 0.657031 0.375000 0.660156 0.370833 0.661719 0.370833 0.663281 0.369444 0.664844 0.370833 0.667969 0.375000 0.671875 0.380556 0.675000 0.386111 0.675781 0.390278 0.677344 0.390278 0.682031 0.388889 0.691406 0.386111 0.704688 0.381944 0.709375 0.380556 0.714063 0.379167 0.741406 0.370833 0.786719 0.356944 0.859375 0.333333 0.864062 0.331944 0.868750 0.330556 0.883594 0.330556 0.895312 0.333333 0.903125 0.333333 0.910156 0.330556 0.904687 0.319444 0.902344 0.315278 0.900781 0.313889 0.898438 0.312500 0.885938 0.306944 0.884375 0.305556 0.877344 0.308333 0.867969 0.312500 0.867188 0.313889 0.864844 0.313889 0.862500 0.313889 0.863281 0.311111 0.864844 0.306944 0.866406 0.302778 0.868750 0.298611 0.870313 0.294444 0.871094 0.291667 0.871094 0.288889 0.870313 0.287500 0.869531 0.277778 0.867969 0.268056 0.867188 0.263889 0.866406 0.261111 0.865625 0.259722 0.864844 0.259722 0.863281 0.256944 0.857031 0.251389 0.854688 0.248611 0.853906 0.251389 0.851562 0.261111 0.845313 0.277778 0.843750 0.284722 0.842969 0.291667 0.842187 0.294444 0.840625 0.297222 0.837500 0.298611 0.825781 0.300000 0.822656 0.301389 0.820312 0.304167 0.814063 0.315278 0.812500 0.316667 0.811719 0.313889 0.810937 0.312500 0.810156 0.306944 0.810156 0.301389 0.809375 0.294444 0.807031 0.290278 0.802344 0.283333 0.789062 0.281944 0.789062 0.272222 0.789844 0.247222 0.791406 0.244444 0.794531 0.241667 0.805469 0.231944 0.807031 0.229167 0.807813 0.223611 0.809375 0.208333 0.810156 0.204167 0.811719 0.201389 0.817969 0.191667 0.824219 0.183333 0.829688 0.173611 0.828125 0.173611 0.824219 0.169444 0.813281 0.161111 0.807813 0.158333 0.803906 0.154167 0.804688 0.151389 0.810156 0.141667 0.814844 0.131944 0.820312 0.120833 0.821875 0.116667 0.822656 0.111111 0.825000 0.090278 0.825781 0.088889 0.825781 0.084722 0.821875 0.087500 0.814844 0.093056 0.807813 0.100000 0.806250 0.100000 0.803906 0.098611 0.804688 0.095833 0.805469 0.093056 0.809375 0.075000 0.819531 0.034722 0.822656 0.020833 0.822656 0.000000 0.000000 0.000000
19 0.582812 0.941667 0.579688 0.943056 0.578125 0.944444 0.579688 0.945833 0.582031 0.945833 0.585156 0.944444 0.586719 0.941667 0.598437 0.941667 0.582812 0.941667
19 0.634375 0.936111 0.629687 0.937500 0.628125 0.938889 0.629687 0.938889 0.630469 0.937500 0.635156 0.936111 0.639844 0.936111 0.634375 0.936111
19 0.744531 0.720833 0.747656 0.726389 0.746094 0.720833 0.744531 0.720833
19 0.168750 0.637500 0.167969 0.638889 0.164062 0.638889 0.163281 0.640278 0.150000 0.643056 0.145313 0.644444 0.138281 0.647222 0.135937 0.648611 0.134375 0.650000 0.124219 0.659722 0.118750 0.665278 0.113281 0.670833 0.107813 0.677778 0.102344 0.683333 0.093750 0.691667 0.089844 0.693056 0.071875 0.700000 0.066406 0.702778 0.047656 0.712500 0.023438 0.726389 0.017969 0.729167 0.014844 0.730556 0.003125 0.734722 0.000000 0.734722 0.000000 0.763889 0.004687 0.762500 0.011719 0.759722 0.037500 0.750000 0.153125 0.706944 0.156250 0.705556 0.160156 0.704167 0.160156 0.701389 0.158594 0.683333 0.158594 0.672222 0.159375 0.662500 0.161719 0.656944 0.164062 0.651389 0.167187 0.644444 0.171094 0.637500 0.168750 0.637500
19 0.281250 0.626389 0.280469 0.627778 0.275000 0.627778 0.276562 0.633333 0.276562 0.637500 0.275000 0.640278 0.273438 0.641667 0.271875 0.641667 0.263281 0.641667 0.260937 0.641667 0.259375 0.638889 0.259375 0.630556 0.255469 0.630556 0.249219 0.631944 0.242188 0.634722 0.218750 0.634722 0.220312 0.637500 0.222656 0.640278 0.223438 0.640278 0.225000 0.645833 0.226562 0.643056 0.231250 0.644444 0.232031 0.647222 0.232031 0.651389 0.231250 0.655556 0.230469 0.658333 0.231250 0.661111 0.232813 0.665278 0.232813 0.675000 0.236719 0.673611 0.239844 0.672222 0.247656 0.668056 0.275000 0.654167 0.288281 0.647222 0.296094 0.643056 0.306250 0.636111 0.302344 0.633333 0.296094 0.631944 0.289844 0.631944 0.285938 0.629167 0.285938 0.626389 0.281250 0.626389
19 0.367969 0.611111 0.364844 0.613889 0.363281 0.612500 0.359375 0.613889 0.355469 0.616667 0.350781 0.618056 0.346875 0.618056 0.342187 0.619444 0.341406 0.620833 0.338281 0.620833 0.339844 0.634722 0.339844 0.640278 0.338281 0.643056 0.317969 0.643056 0.316406 0.645833 0.316406 0.650000 0.317188 0.651389 0.317188 0.654167 0.316406 0.662500 0.314063 0.687500 0.313281 0.695833 0.312500 0.700000 0.307812 0.708333 0.304688 0.712500 0.301563 0.716667 0.289844 0.731944 0.246094 0.790278 0.218750 0.826389 0.215625 0.830556 0.211719 0.834722 0.203906 0.843056 0.188281 0.859722 0.150781 0.898611 0.063281 0.993056 0.060937 0.995833 0.058594 0.998611 0.999219 0.998611 0.999219 0.776389 0.994531 0.776389 0.993750 0.775000 0.987500 0.773611 0.950781 0.766667 0.852344 0.744444 0.846094 0.743056 0.842187 0.741667 0.839844 0.740278 0.837500 0.738889 0.835156 0.736111 0.832812 0.734722 0.830469 0.733333 0.825000 0.731944 0.813281 0.729167 0.791406 0.723611 0.779687 0.720833 0.772656 0.719444 0.764844 0.718056 0.757031 0.716667 0.749219 0.716667 0.748437 0.715278 0.743750 0.715278 0.749219 0.716667 0.750000 0.719444 0.750781 0.722222 0.750781 0.727778 0.753906 0.734722 0.753906 0.740278 0.755469 0.745833 0.756250 0.772222 0.757031 0.870833 0.758594 0.877778 0.758594 0.905556 0.758594 0.908333 0.757031 0.911111 0.754687 0.913889 0.746094 0.915278 0.734375 0.915278 0.732031 0.916667 0.728125 0.920833 0.725000 0.922222 0.722656 0.923611 0.711719 0.925000 0.708594 0.926389 0.705469 0.927778 0.703125 0.930556 0.692969 0.930556 0.689844 0.933333 0.682031 0.934722 0.680469 0.937500 0.678906 0.938889 0.664844 0.938889 0.662500 0.941667 0.641406 0.941667 0.631250 0.944444 0.619531 0.945833 0.601562 0.945833 0.588281 0.947222 0.584375 0.951389 0.579688 0.951389 0.576562 0.950000 0.575000 0.947222 0.568750 0.947222 0.567187 0.944444 0.558594 0.944444 0.556250 0.943056 0.554688 0.940278 0.554688 0.934722 0.550781 0.923611 0.550000 0.908333 0.550000 0.894444 0.549219 0.887500 0.547656 0.883333 0.546875 0.879167 0.546094 0.830556 0.546094 0.823611 0.546875 0.801389 0.545312 0.797222 0.545312 0.768056 0.547656 0.762500 0.546875 0.752778 0.547656 0.750000 0.549219 0.747222 0.551562 0.745833 0.557031 0.744444 0.571094 0.740278 0.585938 0.736111 0.600781 0.734722 0.604688 0.736111 0.611719 0.733333 0.619531 0.733333 0.623437 0.731944 0.626563 0.729167 0.629687 0.727778 0.639062 0.727778 0.647656 0.725000 0.666406 0.725000 0.677344 0.723611 0.678906 0.720833 0.684375 0.719444 0.693750 0.718056 0.696875 0.718056 0.721094 0.719444 0.702344 0.718056 0.711719 0.715278 0.721094 0.713889 0.733594 0.712500 0.735156 0.712500 0.742188 0.713889 0.737500 0.713889 0.736719 0.712500 0.731250 0.712500 0.719531 0.709722 0.696094 0.704167 0.631250 0.687500 0.625000 0.686111 0.617969 0.684722 0.595313 0.680556 0.587500 0.679167 0.579688 0.677778 0.563281 0.676389 0.555469 0.675000 0.550000 0.673611 0.534375 0.669444 0.513281 0.663889 0.461719 0.650000 0.450000 0.645833 0.445312 0.644444 0.442969 0.644444 0.442188 0.676389 0.431250 0.676389 0.425000 0.676389 0.423438 0.673611 0.423438 0.666667 0.417969 0.666667 0.417187 0.668056 0.410156 0.669444 0.401562 0.669444 0.400781 0.672222 0.400781 0.675000 0.399219 0.677778 0.391406 0.677778 0.389062 0.675000 0.386719 0.676389 0.384375 0.675000 0.382812 0.672222 0.382031 0.658333 0.382031 0.651389 0.382812 0.636111 0.385156 0.630556 0.373437 0.630556 0.370312 0.625000 0.370312 0.611111 0.367969 0.611111
23 0.444531 0.591667 0.444531 0.606944 0.445312 0.620833 0.446094 0.622222 0.446094 0.633333 0.453125 0.633333 0.453125 0.620833 0.453906 0.619444 0.453906 0.591667 0.444531 0.591667
23 0.464062 0.590278 0.464062 0.600000 0.464844 0.611111 0.465625 0.618056 0.467187 0.629167 0.467969 0.631944 0.474219 0.633333 0.475000 0.634722 0.480469 0.634722 0.480469 0.627778 0.479687 0.615278 0.478906 0.601389 0.478125 0.600000 0.478125 0.590278 0.464062 0.590278
23 0.553906 0.580556 0.546875 0.583333 0.532813 0.583333 0.521875 0.584722 0.500781 0.587500 0.489844 0.590278 0.489844 0.619444 0.490625 0.629167 0.491406 0.631944 0.503125 0.631944 0.503125 0.600000 0.505469 0.601389 0.506250 0.606944 0.506250 0.633333 0.517969 0.633333 0.518750 0.634722 0.532813 0.634722 0.533594 0.636111 0.548438 0.637500 0.563281 0.638889 0.573438 0.638889 0.573438 0.634722 0.571875 0.606944 0.571875 0.580556 0.553906 0.580556
23 0.989844 0.527778 0.938281 0.537500 0.912500 0.541667 0.893750 0.544444 0.846875 0.551389 0.786719 0.551389 0.771875 0.552778 0.757031 0.554167 0.713281 0.558333 0.699219 0.559722 0.684375 0.561111 0.674219 0.562500 0.654687 0.565278 0.606250 0.572222 0.596875 0.573611 0.588281 0.576389 0.578125 0.576389 0.578125 0.597222 0.578906 0.598611 0.578906 0.620833 0.579688 0.622222 0.579688 0.640278 0.612500 0.640278 0.647656 0.643056 0.786719 0.654167 0.804688 0.655556 0.821875 0.658333 0.900781 0.672222 0.918750 0.675000 0.928125 0.676389 0.940625 0.677778 0.978125 0.681944 0.990625 0.683333 0.999219 0.683333 0.999219 0.526389 0.989844 0.527778
25 0.506250 0.634722 0.506250 0.643056 0.507812 0.643056 0.508594 0.644444 0.516406 0.644444 0.517188 0.645833 0.525000 0.645833 0.541406 0.650000 0.550000 0.651389 0.568750 0.652778 0.576562 0.655556 0.587500 0.655556 0.597656 0.656944 0.627344 0.661111 0.657031 0.666667 0.687500 0.670833 0.699219 0.672222 0.733594 0.675000 0.745313 0.676389 0.755469 0.677778 0.764844 0.679167 0.792188 0.683333 0.819531 0.687500 0.864844 0.694444 0.882812 0.697222 0.908594 0.701389 0.925781 0.705556 0.934375 0.706944 0.942969 0.708333 0.952344 0.709722 0.961719 0.711111 0.971094 0.711111 0.990625 0.715278 0.999219 0.715278 0.999219 0.684722 0.990625 0.684722 0.989844 0.683333 0.978125 0.683333 0.977344 0.681944 0.940625 0.679167 0.928125 0.677778 0.918750 0.676389 0.900781 0.673611 0.857031 0.665278 0.830469 0.661111 0.818750 0.659722 0.806250 0.658333 0.793750 0.656944 0.771094 0.656944 0.753125 0.655556 0.741406 0.654167 0.729688 0.651389 0.717187 0.650000 0.700000 0.648611 0.647656 0.644444 0.612500 0.641667 0.579688 0.643056 0.575000 0.644444 0.573438 0.641667 0.563281 0.640278 0.562500 0.638889 0.548438 0.638889 0.547656 0.637500 0.532813 0.636111 0.517969 0.634722 0.506250 0.634722
25 0.213281 0.480556 0.213281 0.498611 0.213281 0.487500 0.214844 0.486111 0.213281 0.480556
25 0.294531 0.476389 0.294531 0.512500 0.296875 0.508333 0.296094 0.476389 0.294531 0.476389
25 0.589063 0.309722 0.584375 0.312500 0.572656 0.319444 0.570312 0.320833 0.568750 0.322222 0.568750 0.331944 0.569531 0.369444 0.570312 0.370833 0.570312 0.388889 0.578906 0.390278 0.579688 0.426389 0.578906 0.436111 0.576562 0.437500 0.572656 0.437500 0.572656 0.455556 0.573438 0.477778 0.575000 0.500000 0.575000 0.519444 0.583594 0.520833 0.584375 0.530556 0.583594 0.540278 0.576562 0.540278 0.576562 0.548611 0.577344 0.575000 0.588281 0.575000 0.596875 0.572222 0.606250 0.570833 0.625781 0.568056 0.635156 0.568056 0.635938 0.566667 0.642188 0.566667 0.642188 0.554167 0.641406 0.551389 0.638281 0.544444 0.637500 0.540278 0.639062 0.536111 0.639844 0.531944 0.640625 0.530556 0.642188 0.529167 0.643750 0.529167 0.649219 0.523611 0.658594 0.516667 0.661719 0.515278 0.663281 0.512500 0.664062 0.508333 0.667188 0.491667 0.667188 0.473611 0.667969 0.470833 0.669531 0.469444 0.675781 0.472222 0.678906 0.472222 0.682031 0.469444 0.685937 0.466667 0.689063 0.463889 0.690625 0.461111 0.691406 0.450000 0.692187 0.436111 0.690625 0.431944 0.687500 0.425000 0.681250 0.415278 0.678125 0.409722 0.677344 0.406944 0.676562 0.401389 0.675781 0.393056 0.675000 0.388889 0.674219 0.386111 0.671875 0.381944 0.671094 0.381944 0.667969 0.376389 0.664844 0.372222 0.661719 0.372222 0.660156 0.372222 0.657031 0.376389 0.653906 0.379167 0.650781 0.379167 0.646875 0.377778 0.645312 0.375000 0.644531 0.375000 0.643750 0.373611 0.635156 0.356944 0.628906 0.356944 0.621875 0.355556 0.620313 0.352778 0.620313 0.343056 0.618750 0.329167 0.617969 0.322222 0.615625 0.318056 0.612500 0.313889 0.610156 0.312500 0.605469 0.309722 0.589063 0.309722
25 0.452344 0.209722 0.454688 0.211111 0.457031 0.212500 0.465625 0.218056 0.471094 0.222222 0.475000 0.226389 0.478125 0.229167 0.487500 0.230556 0.496875 0.231944 0.510938 0.231944 0.513281 0.236111 0.520312 0.255556 0.524219 0.263889 0.528906 0.272222 0.532031 0.279167 0.535937 0.288889 0.537500 0.294444 0.539062 0.297222 0.541406 0.297222 0.550000 0.294444 0.553125 0.294444 0.557031 0.300000 0.560156 0.305556 0.560937 0.305556 0.563281 0.309722 0.563281 0.319444 0.561719 0.323611 0.564063 0.325000 0.564063 0.345833 0.564844 0.347222 0.565625 0.370833 0.565625 0.390278 0.560156 0.390278 0.559375 0.408333 0.560156 0.437500 0.567187 0.437500 0.567187 0.441667 0.567969 0.443056 0.567969 0.470833 0.568750 0.472222 0.568750 0.500000 0.569531 0.526389 0.570312 0.552778 0.571875 0.573611 0.571875 0.579167 0.553906 0.579167 0.546875 0.581944 0.532813 0.581944 0.510938 0.586111 0.496094 0.586111 0.489844 0.587500 0.489063 0.619444 0.489844 0.629167 0.490625 0.631944 0.503125 0.633333 0.503125 0.643056 0.499219 0.641667 0.496094 0.640278 0.495312 0.638889 0.492969 0.640278 0.493750 0.643056 0.496875 0.648611 0.502344 0.650000 0.504687 0.654167 0.506250 0.654167 0.507031 0.651389 0.509375 0.651389 0.524219 0.654167 0.540625 0.654167 0.552344 0.655556 0.562500 0.658333 0.575781 0.658333 0.582812 0.659722 0.589063 0.662500 0.600000 0.663889 0.610156 0.663889 0.628125 0.668056 0.639062 0.669444 0.650000 0.669444 0.659375 0.670833 0.680469 0.675000 0.686719 0.676389 0.692969 0.679167 0.700000 0.680556 0.721094 0.684722 0.735156 0.687500 0.743750 0.687500 0.758594 0.691667 0.766406 0.693056 0.792969 0.695833 0.810937 0.698611 0.819531 0.700000 0.826562 0.701389 0.853906 0.708333 0.870313 0.712500 0.875781 0.715278 0.902344 0.720833 0.908594 0.723611 0.886719 0.723611 0.880469 0.726389 0.869531 0.727778 0.855469 0.729167 0.845313 0.729167 0.836719 0.727778 0.828906 0.726389 0.822656 0.725000 0.821875 0.723611 0.819531 0.723611 0.821094 0.722222 0.810937 0.719444 0.797656 0.719444 0.782031 0.720833 0.773438 0.719444 0.749219 0.715278 0.742969 0.713889 0.642969 0.688889 0.625000 0.684722 0.614062 0.681944 0.605469 0.680556 0.580469 0.677778 0.563281 0.675000 0.555469 0.673611 0.550000 0.672222 0.513281 0.662500 0.466406 0.650000 0.471875 0.641667 0.475781 0.641667 0.476562 0.636111 0.480469 0.636111 0.481250 0.627778 0.480469 0.615278 0.479687 0.601389 0.478906 0.588889 0.477344 0.576389 0.475781 0.575000 0.473438 0.575000 0.471875 0.576389 0.470313 0.579167 0.470313 0.588889 0.464062 0.588889 0.463281 0.606944 0.464062 0.613889 0.464844 0.619444 0.465625 0.625000 0.466406 0.629167 0.467187 0.631944 0.470313 0.638889 0.471875 0.641667 0.466406 0.650000 0.461719 0.648611 0.460938 0.647222 0.450781 0.645833 0.446094 0.644444 0.445312 0.643056 0.443750 0.643056 0.443750 0.637500 0.450000 0.637500 0.451562 0.634722 0.453125 0.634722 0.454688 0.619444 0.454688 0.591667 0.444531 0.590278 0.443750 0.606944 0.445312 0.622222 0.445312 0.634722 0.443750 0.634722 0.443750 0.622222 0.442188 0.619444 0.439844 0.602778 0.439063 0.600000 0.438281 0.598611 0.436719 0.597222 0.435156 0.597222 0.434375 0.595833 0.433594 0.594444 0.428906 0.593056 0.426563 0.590278 0.398438 0.590278 0.396094 0.594444 0.393750 0.601389 0.390625 0.611111 0.388281 0.620833 0.386719 0.623611 0.385937 0.627778 0.373437 0.629167 0.371094 0.625000 0.371094 0.611111 0.370312 0.602778 0.368750 0.600000 0.367188 0.600000 0.366406 0.601389 0.352344 0.606944 0.343750 0.609722 0.343750 0.586111 0.345313 0.586111 0.346094 0.563889 0.339062 0.562500 0.336719 0.566667 0.337500 0.569444 0.339062 0.570833 0.339062 0.584722 0.340625 0.586111 0.340625 0.608333 0.335938 0.608333 0.334375 0.606944 0.333594 0.604167 0.333594 0.572222 0.331250 0.606944 0.325781 0.605556 0.321875 0.605556 0.317969 0.606944 0.316406 0.609722 0.311719 0.611111 0.306250 0.612500 0.273438 0.619444 0.259375 0.622222 0.255469 0.622222 0.255469 0.608333 0.254688 0.606944 0.254688 0.586111 0.238281 0.584722 0.238281 0.573611 0.234375 0.572222 0.225781 0.573611 0.225000 0.586111 0.217188 0.586111 0.216406 0.598611 0.217188 0.622222 0.217969 0.629167 0.220312 0.630556 0.226562 0.629167 0.220312 0.630556 0.216406 0.630556 0.214844 0.627778 0.196094 0.627778 0.196094 0.600000 0.196875 0.556944 0.194531 0.555556 0.192969 0.579167 0.192969 0.627778 0.189844 0.629167 0.188281 0.629167 0.182031 0.627778 0.181250 0.625000 0.181250 0.625000 0.183594 0.626389 0.184375 0.606944 0.183594 0.605556 0.182812 0.584722 0.181250 0.587500 0.181250 0.625000 0.181250 0.625000 0.174219 0.625000 0.165625 0.627778 0.157812 0.627778 0.153906 0.629167 0.154688 0.568056 0.153906 0.565278 0.151562 0.627778 0.153906 0.629167 0.157812 0.627778 0.141406 0.631944 0.141406 0.613889 0.144531 0.608333 0.146094 0.604167 0.145313 0.601389 0.141406 0.595833 0.140625 0.587500 0.142187 0.586111 0.147656 0.576389 0.145313 0.570833 0.144531 0.570833 0.142187 0.566667 0.140625 0.569444 0.139844 0.569444 0.136719 0.575000 0.138281 0.581944 0.140625 0.587500 0.141406 0.595833 0.135937 0.604167 0.136719 0.608333 0.139844 0.612500 0.141406 0.613889 0.141406 0.631944 0.133594 0.631944 0.125000 0.633333 0.121094 0.636111 0.118750 0.638889 0.117188 0.637500 0.116406 0.633333 0.113281 0.627778 0.110156 0.623611 0.100000 0.623611 0.097656 0.629167 0.094531 0.629167 0.092188 0.627778 0.085156 0.622222 0.082031 0.618056 0.078906 0.616667 0.069531 0.615278 0.068750 0.613889 0.066406 0.613889 0.066406 0.604167 0.061719 0.602778 0.059375 0.600000 0.050000 0.600000 0.050000 0.619444 0.046875 0.623611 0.035156 0.630556 0.030469 0.633333 0.028906 0.634722 0.028906 0.620833 0.030469 0.609722 0.030469 0.561111 0.038281 0.547222 0.046875 0.534722 0.048438 0.531944 0.043750 0.522222 0.035156 0.509722 0.030469 0.501389 0.031250 0.427778 0.024219 0.426389 0.024219 0.488889 0.024219 0.502778 0.022656 0.505556 0.018750 0.511111 0.017969 0.511111 0.010937 0.520833 0.007031 0.527778 0.007812 0.531944 0.010156 0.536111 0.014844 0.543056 0.019531 0.548611 0.023438 0.555556 0.023438 0.638889 0.000000 0.638889 0.000000 0.350000 0.002344 0.350000 0.003125 0.348611 0.004687 0.348611 0.004687 0.358333 0.007812 0.361111 0.009375 0.361111 0.010937 0.358333 0.010937 0.356944 0.013281 0.351389 0.015625 0.358333 0.017188 0.362500 0.020313 0.368056 0.021094 0.372222 0.021094 0.390278 0.021875 0.393056 0.022656 0.395833 0.024219 0.398611 0.025781 0.400000 0.030469 0.401389 0.038281 0.402778 0.042188 0.404167 0.046875 0.406944 0.050000 0.415278 0.053125 0.420833 0.057031 0.425000 0.064062 0.431944 0.065625 0.433333 0.067187 0.434722 0.077344 0.434722 0.079687 0.436111 0.083594 0.438889 0.087500 0.445833 0.089844 0.451389 0.090625 0.502778 0.093750 0.506944 0.110156 0.506944 0.110156 0.533333 0.123438 0.533333 0.125781 0.533333 0.128906 0.538889 0.130469 0.537500 0.132812 0.533333 0.138281 0.533333 0.142969 0.540278 0.143750 0.541667 0.144531 0.544444 0.146875 0.536111 0.148438 0.533333 0.175000 0.531944 0.213281 0.531944 0.214062 0.523611 0.213281 0.513889 0.215625 0.515278 0.214062 0.531944 0.253125 0.533333 0.294531 0.530556 0.294531 0.541667 0.292969 0.541667 0.292187 0.547222 0.290625 0.550000 0.290625 0.558333 0.291406 0.576389 0.300000 0.577778 0.307812 0.576389 0.308594 0.533333 0.303125 0.531944 0.309375 0.520833 0.308594 0.518056 0.307812 0.518056 0.303125 0.511111 0.302344 0.511111 0.300781 0.508333 0.300000 0.497222 0.300000 0.480556 0.301563 0.480556 0.304688 0.483333 0.307812 0.488889 0.307812 0.490278 0.311719 0.497222 0.313281 0.490278 0.314063 0.487500 0.315625 0.487500 0.316406 0.486111 0.320312 0.484722 0.324219 0.483333 0.330469 0.483333 0.332031 0.480556 0.334375 0.472222 0.334375 0.465278 0.333594 0.461111 0.332813 0.458333 0.323437 0.456944 0.323437 0.452778 0.322656 0.447222 0.319531 0.441667 0.317969 0.437500 0.317188 0.426389 0.317188 0.423611 0.318750 0.423611 0.319531 0.422222 0.325781 0.422222 0.328906 0.420833 0.329688 0.416667 0.331250 0.412500 0.332031 0.408333 0.331250 0.395833 0.331250 0.387500 0.335156 0.373611 0.335938 0.369444 0.342187 0.359722 0.350000 0.359722 0.352344 0.361111 0.353906 0.362500 0.359375 0.372222 0.360938 0.370833 0.361719 0.368056 0.362500 0.363889 0.365625 0.354167 0.367188 0.351389 0.372656 0.343056 0.375781 0.338889 0.385156 0.330556 0.387500 0.329167 0.389844 0.327778 0.396094 0.326389 0.399219 0.325000 0.397656 0.315278 0.397656 0.312500 0.396094 0.308333 0.395313 0.304167 0.418750 0.304167 0.424219 0.306944 0.428906 0.308333 0.429688 0.305556 0.430469 0.304167 0.430469 0.301389 0.426563 0.297222 0.425000 0.295833 0.419531 0.288889 0.417187 0.287500 0.415625 0.281944 0.414844 0.272222 0.414844 0.269444 0.417969 0.269444 0.419531 0.266667 0.420312 0.262500 0.421875 0.248611 0.422656 0.244444 0.423438 0.241667 0.425781 0.237500 0.442188 0.216667 0.446875 0.211111 0.449219 0.208333 0.452344 0.209722
25 0.856250 0.000000 0.867969 0.019444 0.961719 0.175000 0.985156 0.213889 0.996875 0.233333 0.985938 0.250000 0.984375 0.247222 0.979688 0.247222 0.974219 0.250000 0.969531 0.250000 0.969531 0.247222 0.966406 0.245833 0.964063 0.248611 0.962500 0.251389 0.961719 0.255556 0.960156 0.256944 0.957812 0.256944 0.956250 0.259722 0.956250 0.265278 0.953906 0.268056 0.952344 0.272222 0.951562 0.275000 0.951562 0.284722 0.953906 0.286111 0.953906 0.293056 0.957031 0.294444 0.958594 0.291667 0.965625 0.291667 0.967969 0.290278 0.970313 0.286111 0.971094 0.281944 0.973437 0.277778 0.974219 0.273611 0.975000 0.270833 0.975781 0.269444 0.977344 0.266667 0.983594 0.266667 0.985156 0.263889 0.986719 0.263889 0.987500 0.256944 0.986719 0.252778 0.985938 0.250000 0.996875 0.233333 0.999219 0.237500 0.999219 0.331944 0.999219 0.341667 0.997656 0.350000 0.996875 0.354167 0.990625 0.365278 0.989062 0.363889 0.979688 0.358333 0.977344 0.358333 0.974219 0.355556 0.973437 0.352778 0.971875 0.347222 0.971875 0.344444 0.969531 0.336111 0.967969 0.333333 0.959375 0.329167 0.949219 0.320833 0.942969 0.316667 0.941406 0.315278 0.939844 0.316667 0.937500 0.320833 0.926562 0.334722 0.923438 0.338889 0.921094 0.340278 0.919531 0.340278 0.916406 0.334722 0.914844 0.326389 0.914062 0.326389 0.910937 0.319444 0.908594 0.316667 0.907031 0.316667 0.904687 0.313889 0.903125 0.311111 0.902344 0.308333 0.900000 0.306944 0.896094 0.301389 0.888281 0.301389 0.880469 0.302778 0.878125 0.306944 0.876563 0.308333 0.874219 0.308333 0.873437 0.309722 0.871875 0.309722 0.871875 0.306944 0.870313 0.305556 0.869531 0.297222 0.871094 0.294444 0.871875 0.291667 0.871875 0.288889 0.871094 0.287500 0.869531 0.276389 0.868750 0.272222 0.870313 0.266667 0.870313 0.262500 0.866406 0.254167 0.864844 0.251389 0.862500 0.248611 0.858594 0.248611 0.857812 0.247222 0.853906 0.248611 0.853125 0.251389 0.850781 0.261111 0.846875 0.270833 0.844531 0.277778 0.842969 0.284722 0.842187 0.291667 0.841406 0.294444 0.837500 0.297222 0.832031 0.297222 0.825781 0.298611 0.822656 0.300000 0.820312 0.302778 0.814063 0.313889 0.812500 0.315278 0.810937 0.306944 0.810937 0.301389 0.810156 0.294444 0.807031 0.288889 0.806250 0.288889 0.802344 0.281944 0.789844 0.281944 0.789844 0.272222 0.791406 0.245833 0.792969 0.244444 0.798438 0.240278 0.805469 0.233333 0.807813 0.229167 0.808594 0.226389 0.810156 0.220833 0.810937 0.212500 0.812500 0.209722 0.812500 0.208333 0.813281 0.206944 0.816406 0.202778 0.817969 0.202778 0.818750 0.198611 0.821094 0.197222 0.821094 0.195833 0.822656 0.191667 0.825781 0.187500 0.832812 0.186111 0.834375 0.184722 0.835156 0.181944 0.836719 0.180556 0.838281 0.180556 0.839063 0.169444 0.832031 0.169444 0.830469 0.166667 0.830469 0.165278 0.826562 0.163889 0.825781 0.166667 0.823438 0.163889 0.821094 0.162500 0.818750 0.162500 0.817187 0.161111 0.814063 0.156944 0.810937 0.155556 0.809375 0.152778 0.809375 0.147222 0.810937 0.144444 0.812500 0.141667 0.814844 0.138889 0.817187 0.136111 0.819531 0.133333 0.821094 0.133333 0.823438 0.129167 0.824219 0.126389 0.824219 0.122222 0.822656 0.119444 0.821094 0.119444 0.822656 0.116667 0.823438 0.111111 0.825781 0.094444 0.826562 0.088889 0.825781 0.083333 0.821875 0.086111 0.813281 0.093056 0.809375 0.097222 0.807031 0.098611 0.805469 0.095833 0.810156 0.075000 0.820312 0.034722 0.821875 0.027778 0.823438 0.020833 0.823438 0.000000 0.856250 0.000000
25 0.981250 0.252778 0.979688 0.255556 0.981250 0.254167 0.982812 0.252778 0.981250 0.252778
20 0.583594 0.656944 0.583594 0.659722 0.588281 0.659722 0.589063 0.661111 0.599219 0.661111 0.600000 0.662500 0.610156 0.662500 0.628125 0.666667 0.639062 0.668056 0.650000 0.668056 0.662500 0.669444 0.669531 0.670833 0.675781 0.672222 0.692969 0.677778 0.700000 0.679167 0.735156 0.686111 0.745313 0.687500 0.755469 0.687500 0.765625 0.688889 0.775000 0.690278 0.782813 0.691667 0.805469 0.695833 0.827344 0.700000 0.834375 0.701389 0.841406 0.702778 0.866406 0.708333 0.877344 0.711111 0.882812 0.712500 0.886719 0.713889 0.892188 0.718056 0.898438 0.719444 0.903906 0.719444 0.910156 0.722222 0.908594 0.725000 0.886719 0.725000 0.869531 0.730556 0.845313 0.730556 0.836719 0.729167 0.828906 0.727778 0.822656 0.726389 0.818750 0.723611 0.820312 0.722222 0.808594 0.722222 0.807813 0.723611 0.795312 0.723611 0.800000 0.723611 0.800781 0.725000 0.807031 0.725000 0.807813 0.726389 0.814063 0.726389 0.821094 0.727778 0.825781 0.729167 0.832812 0.733333 0.837500 0.737500 0.839844 0.738889 0.842187 0.740278 0.846094 0.741667 0.852344 0.743056 0.864844 0.745833 0.889844 0.751389 0.950781 0.765278 0.993750 0.773611 0.994531 0.775000 0.999219 0.775000 0.999219 0.718056 0.993750 0.718056 0.992969 0.716667 0.985156 0.716667 0.976562 0.713889 0.951562 0.711111 0.950781 0.709722 0.917188 0.704167 0.882812 0.698611 0.864844 0.695833 0.819531 0.688889 0.764844 0.680556 0.755469 0.679167 0.745313 0.677778 0.733594 0.676389 0.699219 0.673611 0.687500 0.672222 0.657031 0.668056 0.627344 0.662500 0.597656 0.658333 0.587500 0.656944 0.583594 0.656944
20 0.506250 0.644444 0.507031 0.647222 0.507031 0.650000 0.509375 0.650000 0.510156 0.651389 0.524219 0.652778 0.542969 0.652778 0.562500 0.656944 0.571094 0.655556 0.569531 0.655556 0.568750 0.654167 0.559375 0.654167 0.550000 0.652778 0.541406 0.651389 0.525000 0.647222 0.517188 0.647222 0.516406 0.645833 0.507812 0.644444 0.506250 0.644444
20 0.493750 0.640278 0.494531 0.643056 0.496094 0.645833 0.497656 0.647222 0.503125 0.650000 0.502344 0.643056 0.499219 0.643056 0.496094 0.641667 0.495312 0.640278 0.493750 0.640278
20 0.471094 0.636111 0.471875 0.640278 0.475781 0.638889 0.474219 0.637500 0.471094 0.636111
23 0.174219 0.626389 0.165625 0.629167 0.157812 0.629167 0.133594 0.633333 0.125781 0.634722 0.123438 0.636111 0.121094 0.637500 0.110156 0.645833 0.099219 0.652778 0.096875 0.654167 0.092969 0.655556 0.088281 0.656944 0.078125 0.659722 0.032031 0.672222 0.019531 0.673611 0.008594 0.673611 0.007812 0.675000 0.000000 0.675000 0.000000 0.733333 0.003125 0.733333 0.007031 0.731944 0.014844 0.729167 0.017969 0.727778 0.023438 0.725000 0.036719 0.718056 0.042188 0.715278 0.079687 0.695833 0.092969 0.688889 0.095312 0.687500 0.097656 0.686111 0.102344 0.681944 0.107813 0.676389 0.118750 0.663889 0.124219 0.658333 0.134375 0.648611 0.135937 0.647222 0.138281 0.645833 0.145313 0.643056 0.150000 0.641667 0.167969 0.637500 0.172656 0.636111 0.174219 0.634722 0.176563 0.630556 0.181250 0.630556 0.181250 0.626389 0.174219 0.626389
23 0.312500 0.618056 0.307812 0.619444 0.301563 0.622222 0.290625 0.622222 0.289844 0.623611 0.286719 0.623611 0.286719 0.629167 0.289062 0.629167 0.289844 0.630556 0.296094 0.630556 0.302344 0.631944 0.305469 0.633333 0.307031 0.636111 0.305469 0.638889 0.301563 0.640278 0.296094 0.644444 0.288281 0.648611 0.275000 0.655556 0.239844 0.673611 0.234375 0.676389 0.231250 0.677778 0.224219 0.680556 0.210156 0.686111 0.182031 0.697222 0.164062 0.704167 0.153125 0.708333 0.123438 0.719444 0.008594 0.761111 0.004687 0.763889 0.001563 0.763889 0.000000 0.765278 0.000000 0.998611 0.057813 0.998611 0.059375 0.997222 0.064062 0.991667 0.073438 0.981944 0.091406 0.962500 0.212500 0.831944 0.214844 0.829167 0.221094 0.820833 0.226562 0.813889 0.244531 0.790278 0.262500 0.766667 0.301563 0.715278 0.304688 0.711111 0.307812 0.706944 0.311719 0.700000 0.312500 0.695833 0.313281 0.687500 0.315625 0.662500 0.316406 0.654167 0.316406 0.651389 0.315625 0.644444 0.312500 0.638889 0.311719 0.636111 0.310937 0.631944 0.313281 0.629167 0.314063 0.626389 0.312500 0.622222 0.312500 0.618056
23 0.353906 0.606944 0.349219 0.608333 0.344531 0.611111 0.341406 0.612500 0.338281 0.611111 0.337500 0.613889 0.337500 0.619444 0.341406 0.619444 0.346094 0.618056 0.350781 0.616667 0.355469 0.615278 0.356250 0.613889 0.358594 0.613889 0.358594 0.606944 0.353906 0.606944
