25 0.182031 0.000000 0.182031 0.005556 0.179688 0.008333 0.179688 0.011111 0.181250 0.013889 0.184375 0.013889 0.185938 0.011111 0.185938 0.008333 0.185156 0.000000 0.245312 0.000000 0.245312 0.002778 0.243750 0.005556 0.243750 0.006944 0.241406 0.009722 0.242188 0.011111 0.239063 0.015278 0.239063 0.018056 0.236719 0.022222 0.235937 0.026389 0.235937 0.029167 0.236719 0.033333 0.238281 0.036111 0.238281 0.070833 0.234375 0.072222 0.232031 0.073611 0.230469 0.076389 0.230469 0.079167 0.232813 0.084722 0.234375 0.087500 0.235937 0.087500 0.237500 0.084722 0.236719 0.080556 0.237500 0.077778 0.239844 0.079167 0.241406 0.076389 0.241406 0.073611 0.239844 0.070833 0.238281 0.070833 0.238281 0.036111 0.239844 0.036111 0.241406 0.033333 0.241406 0.036111 0.244531 0.036111 0.246094 0.033333 0.247656 0.029167 0.248438 0.025000 0.248438 0.018056 0.250781 0.013889 0.252344 0.013889 0.254688 0.009722 0.252344 0.005556 0.252344 0.000000 0.260937 0.001389 0.315625 0.000000 0.318750 0.005556 0.320312 0.002778 0.323437 0.002778 0.325781 0.008333 0.329688 0.009722 0.332031 0.013889 0.332031 0.019444 0.330469 0.022222 0.332813 0.023611 0.335156 0.027778 0.335156 0.033333 0.332813 0.037500 0.329688 0.037500 0.328906 0.041667 0.329688 0.043056 0.330469 0.045833 0.332031 0.043056 0.335156 0.043056 0.337500 0.047222 0.336719 0.054167 0.338281 0.056944 0.337500 0.065278 0.338281 0.072222 0.336719 0.075000 0.338281 0.077778 0.339062 0.084722 0.339844 0.079167 0.342187 0.075000 0.345313 0.075000 0.347656 0.079167 0.347656 0.084722 0.345313 0.088889 0.348438 0.090278 0.350781 0.094444 0.350781 0.097222 0.353906 0.100000 0.354687 0.091667 0.357031 0.087500 0.360156 0.087500 0.362500 0.093056 0.363281 0.094444 0.364844 0.095833 0.366406 0.093056 0.369531 0.093056 0.371875 0.097222 0.371875 0.100000 0.375000 0.101389 0.377344 0.105556 0.377344 0.111111 0.375000 0.115278 0.370312 0.115278 0.369531 0.119444 0.370312 0.122222 0.372656 0.126389 0.375000 0.134722 0.376563 0.140278 0.377344 0.144444 0.378125 0.148611 0.378906 0.155556 0.378906 0.180556 0.380469 0.187500 0.381250 0.191667 0.382812 0.194444 0.385156 0.194444 0.387500 0.198611 0.387500 0.205556 0.389062 0.208333 0.390625 0.209722 0.392188 0.211111 0.396094 0.201389 0.397656 0.198611 0.399219 0.197222 0.401562 0.197222 0.404687 0.204167 0.406250 0.201389 0.409375 0.201389 0.411719 0.205556 0.411719 0.211111 0.409375 0.215278 0.406250 0.216667 0.405469 0.213889 0.403906 0.211111 0.403125 0.208333 0.400781 0.212500 0.403125 0.213889 0.405469 0.213889 0.406250 0.216667 0.407813 0.219444 0.407813 0.223611 0.410156 0.220833 0.412500 0.216667 0.416406 0.218056 0.417969 0.218056 0.423438 0.212500 0.427344 0.211111 0.428906 0.208333 0.428906 0.206944 0.431250 0.202778 0.435156 0.204167 0.435937 0.197222 0.438281 0.193056 0.441406 0.193056 0.443750 0.197222 0.444531 0.205556 0.446094 0.202778 0.446875 0.197222 0.446094 0.188889 0.448437 0.184722 0.451562 0.184722 0.454688 0.190278 0.457813 0.186111 0.462500 0.181944 0.464062 0.180556 0.464844 0.184722 0.466406 0.181944 0.467187 0.181944 0.472656 0.173611 0.475000 0.170833 0.476562 0.169444 0.482812 0.165278 0.489844 0.161111 0.493750 0.159722 0.495312 0.158333 0.496875 0.152778 0.498437 0.144444 0.500000 0.131944 0.500781 0.126389 0.515625 0.100000 0.517188 0.098611 0.518750 0.097222 0.525781 0.091667 0.538281 0.081944 0.542188 0.079167 0.550000 0.079167 0.552344 0.076389 0.554688 0.072222 0.559375 0.068056 0.561719 0.066667 0.564063 0.065278 0.567187 0.063889 0.571094 0.063889 0.574219 0.061111 0.576562 0.059722 0.577344 0.065278 0.582031 0.066667 0.584375 0.068056 0.589063 0.072222 0.592187 0.076389 0.596094 0.083333 0.598437 0.088889 0.600781 0.097222 0.601562 0.101389 0.602344 0.105556 0.603125 0.111111 0.603125 0.127778 0.602344 0.133333 0.600781 0.141667 0.607031 0.140278 0.610938 0.140278 0.611719 0.129167 0.612500 0.126389 0.615625 0.120833 0.617188 0.119444 0.623437 0.119444 0.625000 0.112500 0.628125 0.106944 0.629687 0.105556 0.634375 0.105556 0.635938 0.106944 0.639062 0.112500 0.639844 0.115278 0.639844 0.119444 0.642188 0.123611 0.642969 0.126389 0.642969 0.134722 0.642188 0.137500 0.638281 0.143056 0.637500 0.148611 0.636719 0.151389 0.633594 0.156944 0.632031 0.158333 0.627344 0.158333 0.625000 0.155556 0.624219 0.158333 0.623437 0.159722 0.623437 0.162500 0.622656 0.165278 0.618750 0.172222 0.618750 0.180556 0.617969 0.183333 0.614844 0.188889 0.613281 0.190278 0.609375 0.190278 0.607031 0.193056 0.602344 0.194444 0.602344 0.195833 0.603906 0.202778 0.604688 0.205556 0.605469 0.212500 0.609375 0.218056 0.614062 0.227778 0.614844 0.230556 0.614844 0.238889 0.614062 0.241667 0.610156 0.248611 0.610156 0.251389 0.609375 0.254167 0.605469 0.261111 0.605469 0.262500 0.602344 0.268056 0.600781 0.269444 0.596094 0.269444 0.593750 0.266667 0.592969 0.272222 0.592187 0.277778 0.591406 0.281944 0.590625 0.286111 0.588281 0.294444 0.585938 0.300000 0.581250 0.306944 0.580469 0.308333 0.579688 0.311111 0.579688 0.313889 0.577344 0.322222 0.575000 0.327778 0.571094 0.334722 0.567969 0.338889 0.563281 0.343056 0.559375 0.344444 0.558594 0.347222 0.534375 0.347222 0.534375 0.343056 0.533594 0.341667 0.533594 0.336111 0.527344 0.325000 0.525000 0.318056 0.522656 0.313889 0.519531 0.312500 0.517969 0.313889 0.517969 0.315278 0.516406 0.318056 0.515625 0.320833 0.514062 0.327778 0.514062 0.331944 0.513281 0.334722 0.509375 0.341667 0.509375 0.344444 0.510938 0.348611 0.510156 0.351389 0.509375 0.354167 0.507812 0.354167 0.503125 0.355556 0.501563 0.356944 0.500000 0.358333 0.491406 0.368056 0.489063 0.370833 0.477344 0.370833 0.464844 0.368056 0.462500 0.368056 0.460938 0.370833 0.460156 0.375000 0.459375 0.377778 0.446094 0.376389 0.445312 0.375000 0.439063 0.375000 0.439063 0.365278 0.425000 0.363889 0.423438 0.366667 0.423438 0.372222 0.421094 0.376389 0.417969 0.376389 0.412500 0.375000 0.407031 0.365278 0.407031 0.361111 0.405469 0.358333 0.405469 0.356944 0.399219 0.354167 0.392188 0.352778 0.389844 0.354167 0.386719 0.361111 0.378125 0.362500 0.364063 0.362500 0.360938 0.359722 0.357031 0.358333 0.339062 0.356944 0.336719 0.356944 0.321094 0.358333 0.311719 0.356944 0.303906 0.354167 0.289062 0.352778 0.267188 0.352778 0.263281 0.350000 0.250000 0.350000 0.248438 0.347222 0.230469 0.345833 0.226562 0.345833 0.217188 0.347222 0.215625 0.344444 0.211719 0.344444 0.204687 0.340278 0.198437 0.338889 0.194531 0.338889 0.172656 0.338889 0.168750 0.338889 0.148438 0.340278 0.145313 0.337500 0.143750 0.337500 0.143750 0.333333 0.145313 0.333333 0.146094 0.331944 0.150781 0.331944 0.151562 0.330556 0.161719 0.329167 0.167187 0.326389 0.171875 0.326389 0.167969 0.320833 0.165625 0.318056 0.157031 0.313889 0.131250 0.290278 0.118750 0.279167 0.112500 0.273611 0.109375 0.270833 0.107813 0.269444 0.137500 0.141667 0.140625 0.141667 0.142187 0.138889 0.142187 0.136111 0.169531 0.088889 0.171094 0.088889 0.172656 0.086111 0.172656 0.083333 0.179688 0.068056 0.181250 0.070833 0.182812 0.070833 0.184375 0.068056 0.183594 0.063889 0.184375 0.061111 0.186719 0.058333 0.186719 0.055556 0.185156 0.052778 0.183594 0.052778 0.182812 0.054167 0.180469 0.054167 0.178906 0.056944 0.178906 0.059722 0.179688 0.062500 0.179688 0.068056 0.172656 0.083333 0.171094 0.080556 0.169531 0.080556 0.167969 0.083333 0.167969 0.086111 0.169531 0.088889 0.142187 0.136111 0.140625 0.133333 0.137500 0.133333 0.135937 0.136111 0.130469 0.136111 0.130469 0.133333 0.128906 0.130556 0.127344 0.130556 0.125781 0.133333 0.125781 0.136111 0.127344 0.138889 0.128906 0.138889 0.130469 0.136111 0.135937 0.136111 0.135937 0.138889 0.137500 0.141667 0.107813 0.269444 0.101562 0.276389 0.085938 0.295833 0.081250 0.301389 0.079687 0.302778 0.075781 0.305556 0.063281 0.313889 0.055469 0.318056 0.051562 0.320833 0.050000 0.323611 0.056250 0.331944 0.058594 0.336111 0.058594 0.350000 0.056250 0.345833 0.055469 0.345833 0.050000 0.336111 0.047656 0.329167 0.039844 0.315278 0.035156 0.309722 0.032031 0.305556 0.030469 0.297222 0.030469 0.269444 0.024219 0.266667 0.023438 0.273611 0.017969 0.273611 0.016406 0.268056 0.015625 0.263889 0.014844 0.259722 0.014063 0.251389 0.017188 0.251389 0.017969 0.251389 0.028125 0.254167 0.032813 0.254167 0.033594 0.237500 0.032813 0.205556 0.032031 0.190278 0.019531 0.188889 0.017969 0.191667 0.017969 0.251389 0.017188 0.251389 0.017969 0.247222 0.012500 0.211111 0.004687 0.163889 0.001563 0.144444 0.000781 0.138889 0.000000 0.133333 0.000000 0.000000 0.182031 0.000000
27 0.403125 0.209722 0.401562 0.212500 0.403125 0.212500 0.404687 0.213889 0.403125 0.209722
27 0.396094 0.200000 0.394531 0.202778 0.394531 0.204167 0.392969 0.206944 0.391406 0.206944 0.389844 0.204167 0.388281 0.202778 0.389062 0.206944 0.392188 0.209722 0.395313 0.202778 0.396094 0.200000
27 0.379688 0.175000 0.379688 0.180556 0.381250 0.187500 0.382812 0.193056 0.385156 0.193056 0.387500 0.197222 0.386719 0.190278 0.383594 0.188889 0.381250 0.184722 0.379688 0.177778 0.379688 0.175000
27 0.316406 0.000000 0.318750 0.004167 0.320312 0.001389 0.323437 0.001389 0.326562 0.006944 0.329688 0.008333 0.332813 0.013889 0.332813 0.019444 0.331250 0.022222 0.332813 0.022222 0.335938 0.027778 0.335938 0.033333 0.332813 0.038889 0.329688 0.038889 0.330469 0.044444 0.332031 0.041667 0.335156 0.041667 0.338281 0.047222 0.337500 0.054167 0.339062 0.056944 0.339062 0.066667 0.339062 0.072222 0.337500 0.075000 0.339062 0.077778 0.339062 0.083333 0.339062 0.079167 0.342187 0.073611 0.345313 0.073611 0.348438 0.079167 0.348438 0.084722 0.346094 0.088889 0.348438 0.088889 0.351562 0.094444 0.351562 0.097222 0.353906 0.098611 0.353906 0.091667 0.357031 0.086111 0.360156 0.086111 0.363281 0.093056 0.364844 0.094444 0.366406 0.091667 0.369531 0.091667 0.372656 0.097222 0.372656 0.100000 0.375000 0.100000 0.378125 0.105556 0.378125 0.111111 0.375000 0.116667 0.370312 0.116667 0.370312 0.119444 0.371094 0.122222 0.373437 0.126389 0.375000 0.131944 0.377344 0.140278 0.378125 0.144444 0.378906 0.148611 0.379688 0.155556 0.379688 0.170833 0.381250 0.170833 0.382031 0.172222 0.392969 0.172222 0.400000 0.175000 0.399219 0.190278 0.399219 0.195833 0.401562 0.195833 0.404687 0.202778 0.406250 0.200000 0.409375 0.200000 0.412500 0.205556 0.412500 0.211111 0.409375 0.216667 0.407031 0.216667 0.408594 0.219444 0.409375 0.223611 0.409375 0.220833 0.412500 0.215278 0.416406 0.216667 0.417969 0.216667 0.423438 0.211111 0.428125 0.208333 0.431250 0.201389 0.434375 0.201389 0.435156 0.202778 0.435156 0.197222 0.438281 0.191667 0.441406 0.191667 0.444531 0.197222 0.444531 0.204167 0.446094 0.195833 0.445312 0.188889 0.448437 0.183333 0.451562 0.183333 0.455469 0.188889 0.457813 0.184722 0.461719 0.181944 0.463281 0.180556 0.464062 0.175000 0.463281 0.165278 0.461719 0.168056 0.459375 0.170833 0.453906 0.170833 0.450781 0.168056 0.449219 0.165278 0.448437 0.161111 0.449219 0.152778 0.450781 0.151389 0.452344 0.145833 0.453125 0.143056 0.454688 0.141667 0.457031 0.145833 0.459375 0.152778 0.461719 0.154167 0.463281 0.152778 0.463281 0.144444 0.464062 0.143056 0.464062 0.129167 0.465625 0.119444 0.477344 0.119444 0.478125 0.118056 0.489844 0.119444 0.489844 0.125000 0.490625 0.126389 0.490625 0.129167 0.491406 0.125000 0.492969 0.122222 0.491406 0.111111 0.492188 0.108333 0.493750 0.104167 0.494531 0.100000 0.495312 0.097222 0.500000 0.095833 0.500000 0.086111 0.496094 0.079167 0.496094 0.077778 0.493750 0.073611 0.494531 0.069444 0.496094 0.062500 0.498437 0.054167 0.500000 0.045833 0.505469 0.045833 0.506250 0.041667 0.515625 0.040278 0.516406 0.030556 0.525781 0.030556 0.528125 0.026389 0.528125 0.015278 0.530469 0.006944 0.532031 0.004167 0.535937 0.004167 0.537500 0.000000 0.316406 0.000000
27 0.246094 0.000000 0.246094 0.004167 0.242188 0.009722 0.242188 0.031944 0.242188 0.036111 0.243750 0.034722 0.244531 0.034722 0.245312 0.033333 0.246094 0.030556 0.247656 0.025000 0.247656 0.018056 0.250781 0.012500 0.252344 0.012500 0.253906 0.009722 0.251563 0.005556 0.251563 0.000000 0.246094 0.000000
21 0.518750 0.313889 0.517188 0.318056 0.516406 0.320833 0.514844 0.327778 0.514844 0.331944 0.514062 0.334722 0.510156 0.341667 0.510156 0.344444 0.511719 0.350000 0.510156 0.352778 0.508594 0.354167 0.513281 0.352778 0.518750 0.350000 0.527344 0.350000 0.528125 0.348611 0.533594 0.348611 0.533594 0.343056 0.532813 0.336111 0.526563 0.325000 0.524219 0.319444 0.524219 0.318056 0.522656 0.315278 0.518750 0.313889
21 0.107813 0.270833 0.105469 0.273611 0.101562 0.277778 0.094531 0.286111 0.081250 0.302778 0.079687 0.304167 0.075781 0.306944 0.065625 0.313889 0.055469 0.319444 0.053125 0.322222 0.050781 0.323611 0.056250 0.330556 0.059375 0.336111 0.060156 0.363889 0.060937 0.390278 0.060937 0.416667 0.061719 0.418056 0.061719 0.437500 0.117969 0.437500 0.128125 0.436111 0.128906 0.434722 0.138281 0.434722 0.139063 0.433333 0.143750 0.433333 0.143750 0.384722 0.142969 0.383333 0.143750 0.331944 0.146094 0.330556 0.151562 0.329167 0.161719 0.327778 0.167187 0.325000 0.171875 0.323611 0.170313 0.323611 0.167969 0.322222 0.165625 0.319444 0.157031 0.315278 0.152344 0.311111 0.142969 0.302778 0.107813 0.270833
21 0.379688 0.172222 0.380469 0.175000 0.380469 0.177778 0.382031 0.184722 0.383594 0.187500 0.385156 0.188889 0.386719 0.188889 0.388281 0.191667 0.389062 0.202778 0.389844 0.202778 0.391406 0.205556 0.393750 0.204167 0.396094 0.198611 0.398438 0.197222 0.398438 0.190278 0.399219 0.188889 0.399219 0.175000 0.393750 0.175000 0.392969 0.173611 0.381250 0.172222 0.379688 0.172222
21 0.000000 0.134722 0.000000 0.330556 0.002344 0.330556 0.003125 0.331944 0.015625 0.333333 0.024219 0.333333 0.024219 0.275000 0.001563 0.273611 0.002344 0.250000 0.017188 0.250000 0.017188 0.247222 0.015625 0.237500 0.014844 0.236111 0.011719 0.211111 0.002344 0.150000 0.000781 0.144444 0.000781 0.140278 0.000000 0.138889 0.000000 0.134722
21 0.721875 0.000000 0.721875 0.088889 0.723437 0.088889 0.737500 0.088889 0.737500 0.104167 0.735938 0.125000 0.735938 0.143056 0.735156 0.162500 0.733594 0.173611 0.721094 0.173611 0.721094 0.186111 0.720313 0.187500 0.719531 0.205556 0.718750 0.225000 0.717969 0.252778 0.718750 0.397222 0.720313 0.398611 0.722656 0.398611 0.724219 0.400000 0.725000 0.412500 0.724219 0.416667 0.722656 0.419444 0.725000 0.419444 0.726562 0.420833 0.728125 0.423611 0.728906 0.426389 0.729688 0.430556 0.729688 0.440278 0.735938 0.440278 0.736719 0.441667 0.749219 0.441667 0.750000 0.443056 0.763281 0.444444 0.769531 0.444444 0.770312 0.441667 0.771094 0.411111 0.771875 0.379167 0.772656 0.348611 0.771875 0.325000 0.769531 0.323611 0.768750 0.319444 0.769531 0.302778 0.771094 0.295833 0.774219 0.295833 0.775000 0.280556 0.775000 0.277778 0.772656 0.273611 0.773438 0.263889 0.774219 0.254167 0.775000 0.251389 0.778906 0.245833 0.778906 0.234722 0.779687 0.222222 0.782031 0.186111 0.782813 0.175000 0.783594 0.162500 0.784375 0.154167 0.785937 0.144444 0.789062 0.126389 0.796875 0.083333 0.797656 0.075000 0.798438 0.072222 0.799219 0.070833 0.800000 0.070833 0.801562 0.068056 0.810937 0.059722 0.816406 0.052778 0.832812 0.036111 0.837500 0.031944 0.842969 0.029167 0.848437 0.026389 0.862500 0.019444 0.890625 0.005556 0.896094 0.004167 0.899219 0.001389 0.901563 0.001389 0.902344 0.000000 0.903906 0.000000 0.721875 0.000000
21 0.613281 0.000000 0.612500 0.077778 0.603125 0.076389 0.602344 0.079167 0.601562 0.094444 0.601562 0.100000 0.603906 0.111111 0.603906 0.127778 0.603125 0.133333 0.602344 0.137500 0.601562 0.141667 0.600781 0.143056 0.600000 0.145833 0.601562 0.144444 0.607031 0.138889 0.609375 0.138889 0.610938 0.136111 0.610938 0.129167 0.611719 0.126389 0.615625 0.119444 0.617188 0.118056 0.621094 0.118056 0.628125 0.105556 0.629687 0.104167 0.637500 0.105556 0.637500 0.106944 0.639062 0.109722 0.644531 0.125000 0.645312 0.129167 0.646875 0.133333 0.645312 0.137500 0.642969 0.143056 0.632031 0.168056 0.628906 0.175000 0.628125 0.176389 0.626563 0.177778 0.617969 0.184722 0.614844 0.190278 0.613281 0.191667 0.609375 0.191667 0.606250 0.194444 0.607031 0.198611 0.611719 0.215278 0.617188 0.225000 0.617188 0.226389 0.620313 0.231944 0.617188 0.237500 0.609375 0.256944 0.602344 0.269444 0.600781 0.270833 0.598437 0.270833 0.596875 0.272222 0.592969 0.276389 0.592187 0.279167 0.591406 0.286111 0.589063 0.294444 0.586719 0.300000 0.581250 0.308333 0.580469 0.315278 0.578906 0.318056 0.578125 0.320833 0.577344 0.323611 0.577344 0.334722 0.578125 0.341667 0.581250 0.347222 0.590625 0.348611 0.604688 0.348611 0.617188 0.354167 0.622656 0.356944 0.625781 0.358333 0.627344 0.359722 0.629687 0.363889 0.640625 0.384722 0.643750 0.391667 0.645312 0.398611 0.647656 0.413889 0.649219 0.420833 0.650000 0.423611 0.650781 0.426389 0.653906 0.431944 0.655469 0.433333 0.667969 0.433333 0.668750 0.434722 0.681250 0.433333 0.681250 0.430556 0.685937 0.422222 0.689844 0.420833 0.691406 0.419444 0.692969 0.415278 0.692187 0.411111 0.693750 0.408333 0.697656 0.408333 0.700000 0.405556 0.702344 0.405556 0.706250 0.402778 0.706250 0.400000 0.695312 0.397222 0.696875 0.394444 0.706250 0.394444 0.707031 0.393056 0.710156 0.393056 0.710156 0.350000 0.710938 0.348611 0.710938 0.258333 0.707031 0.258333 0.707031 0.245833 0.708594 0.240278 0.710938 0.238889 0.712500 0.238889 0.711719 0.231944 0.713281 0.186111 0.713281 0.173611 0.703125 0.172222 0.703906 0.090278 0.710156 0.088889 0.715625 0.088889 0.715625 0.075000 0.716406 0.073611 0.716406 0.000000 0.613281 0.000000
21 0.538281 0.000000 0.535937 0.005556 0.531250 0.006944 0.530469 0.009722 0.528906 0.015278 0.528906 0.026389 0.525781 0.031944 0.516406 0.031944 0.515625 0.041667 0.507031 0.041667 0.506250 0.045833 0.500000 0.047222 0.500000 0.050000 0.498437 0.055556 0.495312 0.069444 0.494531 0.073611 0.496875 0.077778 0.496875 0.079167 0.500781 0.086111 0.500000 0.097222 0.496094 0.097222 0.495312 0.100000 0.492188 0.112500 0.493750 0.122222 0.490625 0.130556 0.489063 0.125000 0.489063 0.119444 0.478125 0.119444 0.477344 0.120833 0.465625 0.120833 0.465625 0.127778 0.464844 0.129167 0.464062 0.154167 0.461719 0.155556 0.460156 0.155556 0.458594 0.152778 0.458594 0.151389 0.456250 0.147222 0.456250 0.145833 0.453906 0.143056 0.453125 0.145833 0.452344 0.150000 0.451562 0.152778 0.449219 0.154167 0.449219 0.161111 0.450781 0.166667 0.452344 0.168056 0.453906 0.169444 0.459375 0.169444 0.461719 0.166667 0.463281 0.163889 0.464062 0.173611 0.464844 0.175000 0.464844 0.183333 0.466406 0.180556 0.467187 0.180556 0.472656 0.172222 0.475000 0.169444 0.476562 0.168056 0.482812 0.163889 0.491406 0.159722 0.493750 0.158333 0.495312 0.156944 0.496094 0.152778 0.497656 0.144444 0.499219 0.131944 0.500000 0.126389 0.515625 0.098611 0.517188 0.097222 0.518750 0.095833 0.525781 0.090278 0.538281 0.080556 0.543750 0.076389 0.548438 0.073611 0.559375 0.066667 0.561719 0.065278 0.564063 0.063889 0.578125 0.056944 0.579688 0.055556 0.582031 0.058333 0.583594 0.058333 0.592969 0.066667 0.594531 0.066667 0.597656 0.069444 0.597656 0.023611 0.596875 0.022222 0.596875 0.000000 0.538281 0.000000
23 0.032031 0.334722 0.032031 0.409722 0.032813 0.411111 0.032813 0.436111 0.037500 0.437500 0.037500 0.448611 0.057813 0.448611 0.078906 0.451389 0.100000 0.452778 0.132031 0.452778 0.157812 0.448611 0.169531 0.448611 0.169531 0.445833 0.168750 0.444444 0.167969 0.438889 0.167187 0.430556 0.167187 0.413889 0.166406 0.400000 0.165625 0.397222 0.165625 0.400000 0.164844 0.401389 0.164844 0.408333 0.164062 0.411111 0.158594 0.411111 0.158594 0.393056 0.160938 0.380556 0.163281 0.372222 0.166406 0.368056 0.166406 0.359722 0.167187 0.356944 0.168750 0.354167 0.173437 0.354167 0.176563 0.359722 0.176563 0.366667 0.177344 0.369444 0.178906 0.370833 0.180469 0.370833 0.182812 0.375000 0.185156 0.383333 0.185156 0.402778 0.184375 0.405556 0.181250 0.411111 0.180469 0.416667 0.178125 0.429167 0.178125 0.436111 0.177344 0.437500 0.178125 0.444444 0.183594 0.444444 0.189844 0.443056 0.196094 0.441667 0.202344 0.440278 0.207031 0.438889 0.211719 0.437500 0.241406 0.427778 0.245312 0.426389 0.249219 0.425000 0.250000 0.423611 0.252344 0.423611 0.251563 0.419444 0.250000 0.416667 0.249219 0.409722 0.247656 0.408333 0.248438 0.406944 0.246875 0.402778 0.246875 0.394444 0.247656 0.386111 0.248438 0.380556 0.250000 0.375000 0.251563 0.375000 0.253125 0.372222 0.257812 0.372222 0.257812 0.369444 0.259375 0.366667 0.264062 0.366667 0.266406 0.369444 0.269531 0.373611 0.270313 0.375000 0.270313 0.376389 0.271875 0.379167 0.273438 0.386111 0.274219 0.390278 0.274219 0.405556 0.276562 0.411111 0.273438 0.416667 0.272656 0.420833 0.276562 0.420833 0.283594 0.419444 0.289844 0.418056 0.296094 0.416667 0.296875 0.415278 0.301563 0.415278 0.301563 0.412500 0.303125 0.406944 0.308594 0.381944 0.310156 0.373611 0.315625 0.372222 0.321875 0.372222 0.328125 0.370833 0.333594 0.369444 0.339062 0.368056 0.353906 0.362500 0.363281 0.362500 0.361719 0.362500 0.360938 0.361111 0.351562 0.359722 0.338281 0.358333 0.336719 0.358333 0.321094 0.359722 0.311719 0.358333 0.303906 0.355556 0.278906 0.354167 0.253906 0.354167 0.236719 0.352778 0.228125 0.351389 0.195312 0.344444 0.185156 0.343056 0.172656 0.341667 0.148438 0.341667 0.145313 0.338889 0.143750 0.338889 0.143750 0.383333 0.143750 0.434722 0.138281 0.436111 0.128125 0.437500 0.117969 0.438889 0.060937 0.437500 0.060156 0.416667 0.060156 0.390278 0.059375 0.363889 0.058594 0.351389 0.056250 0.347222 0.049219 0.334722 0.032031 0.334722
23 0.000000 0.333333 0.000000 0.448611 0.019531 0.448611 0.020313 0.445833 0.020313 0.441667 0.021875 0.436111 0.025000 0.436111 0.025000 0.334722 0.012500 0.334722 0.011719 0.333333 0.000000 0.333333
20 0.653125 0.433333 0.653906 0.437500 0.656250 0.444444 0.659375 0.450000 0.664844 0.458333 0.666406 0.465278 0.754687 0.463889 0.755469 0.459722 0.757031 0.459722 0.760938 0.455556 0.766406 0.452778 0.769531 0.450000 0.769531 0.445833 0.763281 0.445833 0.762500 0.444444 0.749219 0.443056 0.734375 0.441667 0.728906 0.443056 0.728125 0.445833 0.728125 0.448611 0.724219 0.455556 0.721875 0.455556 0.721094 0.459722 0.705469 0.458333 0.705469 0.445833 0.698438 0.447222 0.693750 0.456944 0.692187 0.458333 0.687500 0.458333 0.685937 0.456944 0.684375 0.455556 0.682031 0.451389 0.680469 0.447222 0.680469 0.436111 0.668750 0.436111 0.667969 0.434722 0.654687 0.433333 0.653125 0.433333
20 0.297656 0.413889 0.290625 0.415278 0.282813 0.416667 0.275781 0.418056 0.275000 0.419444 0.271875 0.419444 0.271875 0.423611 0.270313 0.427778 0.271094 0.438889 0.271875 0.447222 0.273438 0.451389 0.273438 0.459722 0.271875 0.462500 0.270313 0.463889 0.268750 0.462500 0.267188 0.459722 0.266406 0.454167 0.266406 0.450000 0.265625 0.448611 0.264844 0.445833 0.264844 0.448611 0.264062 0.450000 0.263281 0.465278 0.255469 0.465278 0.252344 0.459722 0.252344 0.452778 0.250781 0.447222 0.250781 0.443056 0.251563 0.437500 0.253125 0.431944 0.253125 0.426389 0.252344 0.423611 0.247656 0.425000 0.239844 0.427778 0.211719 0.438889 0.200000 0.440278 0.188281 0.441667 0.177344 0.441667 0.177344 0.445833 0.176563 0.447222 0.176563 0.455556 0.175781 0.458333 0.173437 0.458333 0.171875 0.458333 0.170313 0.455556 0.170313 0.450000 0.168750 0.443056 0.166406 0.443056 0.154688 0.444444 0.130469 0.448611 0.089063 0.450000 0.038281 0.450000 0.038281 0.458333 0.039062 0.466667 0.041406 0.470833 0.042188 0.470833 0.043750 0.473611 0.025000 0.475000 0.017969 0.472222 0.018750 0.459722 0.018750 0.450000 0.010156 0.450000 0.007812 0.448611 0.003125 0.444444 0.001563 0.444444 0.000000 0.443056 0.000000 0.470833 0.000781 0.472222 0.000781 0.486111 0.068750 0.486111 0.123438 0.484722 0.152344 0.483333 0.172656 0.481944 0.232813 0.477778 0.252344 0.476389 0.268750 0.475000 0.279687 0.470833 0.290625 0.465278 0.297656 0.463889 0.301563 0.461111 0.304688 0.461111 0.303125 0.461111 0.301563 0.459722 0.300000 0.448611 0.299219 0.438889 0.299219 0.434722 0.300781 0.420833 0.300781 0.413889 0.297656 0.413889
19 0.994531 0.584722 0.993750 0.586111 0.989062 0.586111 0.990625 0.591667 0.992188 0.598611 0.992188 0.604167 0.990625 0.612500 0.990625 0.615278 0.992188 0.633333 0.992969 0.644444 0.993750 0.648611 0.996875 0.659722 0.998437 0.663889 0.998437 0.643056 0.997656 0.641667 0.997656 0.584722 0.994531 0.584722
19 0.418750 0.383333 0.416406 0.387500 0.415625 0.390278 0.416406 0.393056 0.415625 0.397222 0.414844 0.401389 0.412500 0.405556 0.408594 0.406944 0.407031 0.409722 0.406250 0.415278 0.404687 0.418056 0.403906 0.418056 0.401562 0.422222 0.400000 0.423611 0.393750 0.423611 0.388281 0.425000 0.383594 0.426389 0.382031 0.427778 0.380469 0.429167 0.376563 0.433333 0.375000 0.441667 0.372656 0.443056 0.367188 0.443056 0.364063 0.447222 0.363281 0.447222 0.361719 0.448611 0.360938 0.454167 0.360156 0.456944 0.358594 0.459722 0.349219 0.459722 0.345313 0.462500 0.301563 0.462500 0.290625 0.466667 0.279687 0.472222 0.268750 0.476389 0.252344 0.477778 0.232813 0.479167 0.172656 0.483333 0.152344 0.484722 0.123438 0.486111 0.068750 0.487500 0.014063 0.487500 0.013281 0.488889 0.000000 0.488889 0.000000 0.834722 0.007812 0.833333 0.022656 0.830556 0.051562 0.825000 0.080469 0.819444 0.109375 0.812500 0.196094 0.795833 0.203906 0.794444 0.226562 0.793056 0.249219 0.791667 0.386719 0.783333 0.421875 0.783333 0.469531 0.786111 0.564844 0.791667 0.589063 0.793056 0.600781 0.795833 0.624219 0.801389 0.701562 0.819444 0.742969 0.829167 0.760156 0.833333 0.766406 0.834722 0.770312 0.836111 0.773438 0.837500 0.785156 0.843056 0.809375 0.854167 0.917969 0.904167 0.939063 0.915278 0.981250 0.934722 0.987500 0.937500 0.996875 0.941667 0.999219 0.941667 0.999219 0.783333 0.998437 0.781944 0.998437 0.713889 0.993750 0.713889 0.988281 0.711111 0.978125 0.709722 0.973437 0.708333 0.968750 0.705556 0.967969 0.695833 0.967969 0.693056 0.968750 0.690278 0.971094 0.684722 0.972656 0.680556 0.971875 0.676389 0.970313 0.668056 0.968750 0.663889 0.967969 0.659722 0.967187 0.655556 0.966406 0.643056 0.965625 0.630556 0.965625 0.618056 0.964844 0.605556 0.964063 0.604167 0.964063 0.595833 0.957031 0.595833 0.956250 0.597222 0.949219 0.597222 0.946094 0.594444 0.942187 0.593056 0.921875 0.629167 0.918750 0.633333 0.910156 0.643056 0.907813 0.647222 0.907031 0.647222 0.905469 0.650000 0.905469 0.654167 0.907031 0.665278 0.907031 0.673611 0.907813 0.676389 0.908594 0.677778 0.911719 0.686111 0.907031 0.686111 0.900781 0.688889 0.899219 0.687500 0.897656 0.684722 0.889062 0.677778 0.887500 0.675000 0.885156 0.673611 0.883594 0.672222 0.882812 0.670833 0.882031 0.668056 0.878906 0.655556 0.877344 0.652778 0.876563 0.648611 0.878906 0.644444 0.888281 0.629167 0.892969 0.627778 0.892969 0.626389 0.894531 0.623611 0.896875 0.616667 0.900000 0.605556 0.905469 0.595833 0.912500 0.586111 0.922656 0.568056 0.922656 0.555556 0.921094 0.555556 0.920312 0.554167 0.917188 0.552778 0.913281 0.551389 0.900000 0.547222 0.873437 0.540278 0.846875 0.531944 0.842969 0.530556 0.833594 0.526389 0.815625 0.518056 0.756250 0.490278 0.753125 0.487500 0.753906 0.475000 0.753906 0.468056 0.726562 0.468056 0.725781 0.466667 0.667188 0.466667 0.667969 0.469444 0.670312 0.475000 0.671094 0.483333 0.672656 0.500000 0.672656 0.512500 0.670312 0.526389 0.669531 0.530556 0.668750 0.534722 0.667969 0.537500 0.666406 0.541667 0.661719 0.550000 0.659375 0.552778 0.656250 0.554167 0.651563 0.555556 0.641406 0.555556 0.638281 0.552778 0.634375 0.554167 0.634375 0.572222 0.633594 0.580556 0.632812 0.587500 0.632031 0.595833 0.631250 0.600000 0.628125 0.611111 0.626563 0.613889 0.596094 0.612500 0.595313 0.604167 0.595313 0.597222 0.594531 0.590278 0.593750 0.588889 0.593750 0.586111 0.578125 0.586111 0.577344 0.584722 0.512500 0.584722 0.496875 0.581944 0.482812 0.580556 0.479687 0.581944 0.479687 0.583333 0.478125 0.586111 0.475000 0.598611 0.473438 0.601389 0.470313 0.601389 0.466406 0.600000 0.455469 0.595833 0.452344 0.594444 0.449219 0.591667 0.449219 0.588889 0.447656 0.584722 0.446875 0.577778 0.445312 0.570833 0.444531 0.568056 0.443750 0.565278 0.439063 0.556944 0.438281 0.556944 0.434375 0.550000 0.434375 0.501389 0.438281 0.481944 0.438281 0.476389 0.436719 0.463889 0.438281 0.461111 0.441406 0.450000 0.442969 0.445833 0.446094 0.440278 0.453125 0.430556 0.463281 0.418056 0.466406 0.412500 0.464844 0.411111 0.464062 0.409722 0.459375 0.409722 0.457031 0.405556 0.454688 0.404167 0.450781 0.402778 0.447656 0.398611 0.445312 0.397222 0.441406 0.395833 0.438281 0.391667 0.437500 0.404167 0.424219 0.402778 0.423438 0.400000 0.422656 0.384722 0.421094 0.384722 0.420312 0.383333 0.418750 0.383333
4 0.935156 0.366667 0.932813 0.372222 0.934375 0.375000 0.934375 0.377778 0.936719 0.375000 0.936719 0.370833 0.935937 0.369444 0.935156 0.366667
4 0.904687 0.000000 0.899219 0.002778 0.890625 0.006944 0.862500 0.020833 0.848437 0.027778 0.837500 0.033333 0.832812 0.037500 0.816406 0.054167 0.801562 0.069444 0.799219 0.072222 0.798438 0.075000 0.798438 0.079167 0.796094 0.088889 0.796094 0.093056 0.786719 0.144444 0.785156 0.154167 0.784375 0.162500 0.783594 0.175000 0.782813 0.186111 0.780469 0.222222 0.780469 0.233333 0.778906 0.247222 0.775781 0.251389 0.775000 0.254167 0.774219 0.263889 0.773438 0.273611 0.775781 0.277778 0.775781 0.280556 0.774219 0.297222 0.771094 0.297222 0.771094 0.301389 0.770312 0.302778 0.769531 0.319444 0.769531 0.322222 0.771875 0.323611 0.773438 0.326389 0.773438 0.348611 0.772656 0.379167 0.771875 0.411111 0.771094 0.441667 0.769531 0.451389 0.767969 0.452778 0.766406 0.454167 0.760938 0.456944 0.755469 0.461111 0.755469 0.463889 0.754687 0.465278 0.753906 0.476389 0.753906 0.487500 0.755469 0.487500 0.756250 0.488889 0.759375 0.490278 0.767969 0.493056 0.783594 0.501389 0.815625 0.516667 0.833594 0.525000 0.842969 0.529167 0.846875 0.530556 0.860156 0.534722 0.886719 0.543056 0.900000 0.545833 0.904687 0.548611 0.909375 0.550000 0.913281 0.550000 0.914062 0.551389 0.916406 0.551389 0.915625 0.538889 0.916406 0.511111 0.917188 0.483333 0.918750 0.429167 0.919531 0.401389 0.920312 0.394444 0.921875 0.391667 0.922656 0.391667 0.925781 0.387500 0.926562 0.380556 0.925000 0.373611 0.925000 0.358333 0.925781 0.345833 0.933594 0.331944 0.939844 0.326389 0.946875 0.320833 0.951562 0.320833 0.956250 0.322222 0.960156 0.323611 0.963281 0.326389 0.970313 0.333333 0.981250 0.343056 0.978906 0.345833 0.976562 0.347222 0.972656 0.350000 0.969531 0.352778 0.969531 0.361111 0.968750 0.369444 0.967969 0.375000 0.966406 0.381944 0.964844 0.384722 0.961719 0.387500 0.963281 0.391667 0.964063 0.393056 0.965625 0.394444 0.971094 0.398611 0.972656 0.397222 0.976562 0.390278 0.978906 0.387500 0.980469 0.387500 0.982812 0.384722 0.987500 0.388889 0.989062 0.391667 0.989844 0.397222 0.989844 0.404167 0.988281 0.408333 0.986719 0.411111 0.984375 0.412500 0.983594 0.413889 0.982812 0.416667 0.982812 0.425000 0.981250 0.426389 0.981250 0.429167 0.982031 0.431944 0.985156 0.438889 0.987500 0.445833 0.988281 0.451389 0.990625 0.463889 0.992969 0.477778 0.994531 0.488889 0.998437 0.520833 0.999219 0.522222 0.999219 0.525000 0.999219 0.000000 0.904687 0.000000
2 0.461719 0.370833 0.460938 0.373611 0.459375 0.379167 0.445312 0.376389 0.438281 0.377778 0.438281 0.386111 0.439844 0.393056 0.441406 0.394444 0.445312 0.395833 0.447656 0.397222 0.450781 0.401389 0.454688 0.402778 0.457031 0.404167 0.459375 0.408333 0.464062 0.408333 0.466406 0.411111 0.469531 0.405556 0.472656 0.397222 0.477344 0.388889 0.477344 0.387500 0.481250 0.380556 0.485156 0.376389 0.487500 0.372222 0.477344 0.372222 0.476562 0.370833 0.464844 0.369444 0.461719 0.370833
30 0.713281 0.238889 0.710156 0.241667 0.708594 0.241667 0.708594 0.244444 0.707812 0.245833 0.707812 0.258333 0.709375 0.258333 0.711719 0.256944 0.714844 0.254167 0.717187 0.254167 0.717969 0.251389 0.717969 0.238889 0.716406 0.238889 0.713281 0.238889
30 0.724219 0.088889 0.723437 0.090278 0.710156 0.090278 0.709375 0.091667 0.703906 0.091667 0.703906 0.172222 0.733594 0.172222 0.733594 0.163889 0.734375 0.162500 0.734375 0.144444 0.735156 0.143056 0.735938 0.123611 0.736719 0.104167 0.736719 0.088889 0.724219 0.088889
29 0.018750 0.191667 0.018750 0.251389 0.028125 0.252778 0.032813 0.252778 0.032813 0.237500 0.032031 0.205556 0.031250 0.204167 0.031250 0.190278 0.018750 0.191667
29 0.597656 0.000000 0.597656 0.022222 0.598437 0.075000 0.603125 0.075000 0.603906 0.076389 0.612500 0.076389 0.612500 0.000000 0.597656 0.000000
7 0.718750 0.398611 0.718750 0.418056 0.721094 0.419444 0.721094 0.440278 0.721875 0.441667 0.721875 0.454167 0.724219 0.454167 0.727344 0.448611 0.728906 0.441667 0.728906 0.430556 0.728125 0.426389 0.727344 0.423611 0.726562 0.422222 0.725000 0.420833 0.721875 0.419444 0.723437 0.416667 0.724219 0.412500 0.724219 0.401389 0.722656 0.400000 0.718750 0.398611
7 0.707031 0.394444 0.696094 0.398611 0.707031 0.400000 0.707031 0.402778 0.705469 0.405556 0.700000 0.406944 0.697656 0.409722 0.692969 0.411111 0.692969 0.413889 0.694531 0.415278 0.691406 0.420833 0.689844 0.422222 0.685937 0.423611 0.682031 0.430556 0.681250 0.434722 0.681250 0.447222 0.682813 0.451389 0.684375 0.454167 0.685937 0.455556 0.687500 0.456944 0.692187 0.456944 0.693750 0.455556 0.697656 0.447222 0.699219 0.444444 0.705469 0.444444 0.705469 0.434722 0.706250 0.426389 0.707031 0.423611 0.708594 0.420833 0.709375 0.418056 0.710156 0.402778 0.710156 0.394444 0.707031 0.394444
3 0.424219 0.366667 0.423438 0.373611 0.423438 0.398611 0.425000 0.400000 0.425000 0.402778 0.437500 0.402778 0.437500 0.391667 0.439063 0.387500 0.437500 0.386111 0.437500 0.377778 0.438281 0.365278 0.424219 0.366667
2 0.390625 0.354167 0.386719 0.362500 0.378125 0.363889 0.350000 0.363889 0.345313 0.365278 0.337500 0.369444 0.329688 0.372222 0.322656 0.373611 0.314844 0.373611 0.313281 0.375000 0.311719 0.376389 0.310156 0.379167 0.307812 0.380556 0.307031 0.386111 0.305469 0.395833 0.304688 0.400000 0.301563 0.411111 0.300781 0.422222 0.300000 0.434722 0.300000 0.438889 0.301563 0.450000 0.301563 0.458333 0.303125 0.459722 0.305469 0.461111 0.345313 0.461111 0.349219 0.458333 0.359375 0.456944 0.360156 0.454167 0.360156 0.450000 0.362500 0.447222 0.363281 0.443056 0.372656 0.441667 0.373437 0.440278 0.375000 0.440278 0.375000 0.437500 0.376563 0.431944 0.377344 0.426389 0.380469 0.425000 0.385156 0.423611 0.391406 0.422222 0.400000 0.422222 0.403906 0.416667 0.404687 0.416667 0.405469 0.415278 0.406250 0.412500 0.406250 0.409722 0.408594 0.405556 0.412500 0.404167 0.414062 0.401389 0.414844 0.394444 0.415625 0.391667 0.414062 0.387500 0.414062 0.384722 0.413281 0.381944 0.407031 0.369444 0.406250 0.365278 0.406250 0.361111 0.404687 0.356944 0.400000 0.356944 0.399219 0.355556 0.392188 0.354167 0.390625 0.354167
24 0.024219 0.268056 0.024219 0.273611 0.025000 0.275000 0.024219 0.334722 0.024219 0.350000 0.024219 0.433333 0.020313 0.434722 0.019531 0.447222 0.019531 0.459722 0.018750 0.461111 0.018750 0.472222 0.024219 0.472222 0.025000 0.473611 0.042969 0.473611 0.038281 0.466667 0.037500 0.458333 0.037500 0.436111 0.032813 0.434722 0.032031 0.406944 0.031250 0.370833 0.031250 0.334722 0.030469 0.298611 0.029687 0.297222 0.029687 0.269444 0.024219 0.268056
24 0.717969 0.254167 0.714844 0.255556 0.711719 0.258333 0.711719 0.348611 0.710938 0.402778 0.710156 0.418056 0.709375 0.420833 0.707812 0.423611 0.707031 0.426389 0.706250 0.434722 0.706250 0.458333 0.721094 0.458333 0.721094 0.441667 0.720313 0.419444 0.717969 0.418056 0.717969 0.254167
24 0.714063 0.173611 0.714063 0.186111 0.713281 0.187500 0.712500 0.231944 0.712500 0.237500 0.717187 0.238889 0.718750 0.223611 0.718750 0.205556 0.720313 0.186111 0.720313 0.173611 0.714063 0.173611
24 0.717187 0.000000 0.716406 0.075000 0.716406 0.088889 0.721094 0.088889 0.721094 0.000000 0.717187 0.000000
30 0.024219 0.268056 0.025000 0.275000 0.029687 0.275000 0.029687 0.269444 0.024219 0.268056
30 0.002344 0.251389 0.002344 0.273611 0.017188 0.273611 0.014844 0.263889 0.014063 0.259722 0.014063 0.254167 0.013281 0.251389 0.002344 0.251389
30 0.018750 0.247222 0.018750 0.251389 0.028125 0.252778 0.032813 0.252778 0.032813 0.248611 0.028906 0.248611 0.028125 0.247222 0.018750 0.247222
28 0.258594 0.369444 0.257812 0.373611 0.254688 0.373611 0.251563 0.376389 0.250000 0.376389 0.249219 0.383333 0.247656 0.394444 0.247656 0.402778 0.248438 0.408333 0.250000 0.409722 0.250781 0.416667 0.252344 0.419444 0.253125 0.422222 0.253906 0.426389 0.253906 0.431944 0.252344 0.437500 0.251563 0.443056 0.251563 0.447222 0.253125 0.452778 0.253125 0.459722 0.255469 0.463889 0.263281 0.463889 0.263281 0.450000 0.266406 0.445833 0.267188 0.450000 0.267188 0.454167 0.268750 0.461111 0.270313 0.462500 0.271875 0.461111 0.272656 0.451389 0.271094 0.447222 0.270313 0.438889 0.269531 0.427778 0.271094 0.423611 0.271094 0.419444 0.271875 0.416667 0.273438 0.413889 0.274219 0.413889 0.275781 0.409722 0.273438 0.405556 0.273438 0.390278 0.271875 0.383333 0.271094 0.379167 0.267969 0.373611 0.264062 0.368056 0.258594 0.369444
28 0.167969 0.356944 0.167187 0.359722 0.166406 0.369444 0.165625 0.369444 0.164062 0.372222 0.161719 0.380556 0.160938 0.384722 0.160156 0.388889 0.159375 0.394444 0.159375 0.411111 0.163281 0.411111 0.164062 0.408333 0.164062 0.401389 0.165625 0.395833 0.166406 0.398611 0.167187 0.400000 0.167187 0.412500 0.167969 0.426389 0.168750 0.438889 0.171094 0.450000 0.171875 0.456944 0.173437 0.456944 0.175000 0.458333 0.175781 0.455556 0.175781 0.447222 0.176563 0.445833 0.176563 0.437500 0.177344 0.429167 0.179688 0.416667 0.180469 0.411111 0.183594 0.405556 0.184375 0.402778 0.184375 0.383333 0.182031 0.375000 0.180469 0.372222 0.178906 0.372222 0.177344 0.370833 0.176563 0.369444 0.175781 0.366667 0.175781 0.359722 0.173437 0.355556 0.167969 0.356944
28 0.951562 0.322222 0.956250 0.323611 0.960156 0.325000 0.975781 0.338889 0.976562 0.340278 0.978906 0.341667 0.980469 0.343056 0.978906 0.344444 0.974219 0.348611 0.972656 0.348611 0.971094 0.350000 0.969531 0.351389 0.968750 0.361111 0.967969 0.369444 0.967187 0.375000 0.965625 0.379167 0.964844 0.383333 0.962500 0.384722 0.960938 0.387500 0.962500 0.390278 0.962500 0.391667 0.964063 0.394444 0.965625 0.395833 0.967187 0.395833 0.971094 0.400000 0.972656 0.398611 0.976562 0.391667 0.978906 0.388889 0.980469 0.388889 0.982812 0.386111 0.985938 0.388889 0.987500 0.390278 0.989062 0.397222 0.989062 0.404167 0.987500 0.406944 0.987500 0.408333 0.986719 0.409722 0.984375 0.411111 0.982812 0.413889 0.982031 0.416667 0.982031 0.425000 0.980469 0.426389 0.980469 0.429167 0.981250 0.431944 0.984375 0.438889 0.986719 0.445833 0.987500 0.451389 0.989844 0.463889 0.992188 0.477778 0.997656 0.516667 0.999219 0.526389 0.999219 0.583333 0.994531 0.583333 0.989062 0.584722 0.989844 0.591667 0.991406 0.598611 0.991406 0.604167 0.989844 0.612500 0.989844 0.615278 0.990625 0.623611 0.991406 0.633333 0.992188 0.644444 0.992969 0.648611 0.996094 0.659722 0.999219 0.666667 0.999219 0.713889 0.993750 0.712500 0.978125 0.708333 0.973437 0.706944 0.972656 0.705556 0.969531 0.705556 0.968750 0.695833 0.968750 0.693056 0.969531 0.690278 0.971875 0.684722 0.973437 0.680556 0.971094 0.668056 0.969531 0.663889 0.968750 0.659722 0.967969 0.655556 0.967187 0.643056 0.966406 0.630556 0.966406 0.618056 0.965625 0.605556 0.964844 0.595833 0.957031 0.594444 0.956250 0.595833 0.949219 0.595833 0.946094 0.593056 0.942969 0.591667 0.921875 0.627778 0.918750 0.631944 0.910156 0.641667 0.907031 0.645833 0.904687 0.650000 0.904687 0.654167 0.905469 0.663889 0.906250 0.673611 0.907031 0.676389 0.908594 0.679167 0.909375 0.679167 0.911719 0.684722 0.906250 0.686111 0.901563 0.687500 0.899219 0.686111 0.897656 0.683333 0.889062 0.676389 0.886719 0.673611 0.885938 0.672222 0.883594 0.670833 0.879687 0.655556 0.878125 0.652778 0.877344 0.650000 0.878906 0.645833 0.888281 0.630556 0.892188 0.630556 0.893750 0.627778 0.895312 0.623611 0.898438 0.612500 0.900781 0.605556 0.905469 0.597222 0.906250 0.597222 0.912500 0.587500 0.923438 0.568056 0.923438 0.555556 0.921094 0.554167 0.918750 0.551389 0.917188 0.551389 0.916406 0.538889 0.917188 0.511111 0.917969 0.483333 0.919531 0.429167 0.920312 0.401389 0.921875 0.393056 0.925000 0.388889 0.925781 0.388889 0.927344 0.386111 0.927344 0.380556 0.925781 0.373611 0.932031 0.370833 0.933594 0.375000 0.934375 0.379167 0.936719 0.376389 0.937500 0.370833 0.936719 0.368056 0.935156 0.365278 0.932031 0.370833 0.925781 0.373611 0.925781 0.358333 0.926562 0.345833 0.933594 0.333333 0.939844 0.327778 0.943750 0.325000 0.946875 0.322222 0.951562 0.322222
2 0.534375 0.348611 0.527344 0.351389 0.518750 0.351389 0.510156 0.354167 0.506250 0.355556 0.503125 0.356944 0.501563 0.358333 0.500000 0.359722 0.494531 0.365278 0.490625 0.369444 0.488281 0.372222 0.481250 0.381944 0.478125 0.387500 0.478125 0.388889 0.470313 0.404167 0.467187 0.412500 0.463281 0.419444 0.453125 0.431944 0.450000 0.437500 0.446094 0.441667 0.443750 0.445833 0.442188 0.450000 0.439063 0.461111 0.437500 0.465278 0.439063 0.476389 0.439063 0.481944 0.435156 0.501389 0.435156 0.550000 0.438281 0.555556 0.444531 0.565278 0.445312 0.568056 0.446094 0.570833 0.447656 0.577778 0.448437 0.584722 0.450000 0.591667 0.451562 0.591667 0.452344 0.593056 0.455469 0.594444 0.466406 0.598611 0.470313 0.600000 0.474219 0.598611 0.475000 0.595833 0.477344 0.586111 0.478906 0.581944 0.480469 0.579167 0.482812 0.579167 0.496875 0.580556 0.512500 0.583333 0.577344 0.583333 0.594531 0.586111 0.595313 0.590278 0.596094 0.597222 0.596875 0.605556 0.596875 0.612500 0.627344 0.611111 0.628125 0.608333 0.630469 0.600000 0.631250 0.595833 0.632031 0.587500 0.632812 0.580556 0.633594 0.572222 0.633594 0.554167 0.635156 0.551389 0.638281 0.551389 0.641406 0.554167 0.651563 0.554167 0.656250 0.552778 0.659375 0.551389 0.661719 0.548611 0.665625 0.541667 0.667188 0.537500 0.667969 0.534722 0.668750 0.530556 0.669531 0.526389 0.671875 0.512500 0.671875 0.500000 0.670312 0.483333 0.669531 0.475000 0.667969 0.470833 0.664062 0.458333 0.660156 0.451389 0.659375 0.451389 0.655469 0.444444 0.653125 0.437500 0.648438 0.420833 0.646875 0.413889 0.644531 0.398611 0.642969 0.391667 0.639844 0.384722 0.628906 0.363889 0.627344 0.361111 0.625781 0.359722 0.622656 0.358333 0.617188 0.355556 0.604688 0.350000 0.589844 0.348611 0.534375 0.348611
