23 0.000000 0.000000 0.000000 0.098611 0.001563 0.100000 0.003125 0.101389 0.008594 0.105556 0.022656 0.116667 0.044531 0.134722 0.118750 0.194444 0.151562 0.220833 0.175781 0.240278 0.182812 0.245833 0.199219 0.258333 0.222656 0.276389 0.382812 0.397222 0.387500 0.401389 0.388281 0.390278 0.400000 0.390278 0.400781 0.388889 0.410938 0.388889 0.410938 0.379167 0.407813 0.379167 0.403906 0.377778 0.400000 0.376389 0.397656 0.373611 0.388281 0.361111 0.383594 0.354167 0.378125 0.344444 0.374219 0.338889 0.366406 0.329167 0.360938 0.323611 0.355469 0.316667 0.350000 0.309722 0.341406 0.298611 0.337500 0.293056 0.333594 0.287500 0.325781 0.275000 0.321875 0.269444 0.317188 0.263889 0.309375 0.255556 0.306250 0.251389 0.303125 0.247222 0.300000 0.241667 0.296875 0.237500 0.293750 0.233333 0.288281 0.226389 0.277344 0.213889 0.273438 0.208333 0.258594 0.186111 0.255469 0.181944 0.247656 0.172222 0.239844 0.163889 0.232031 0.154167 0.220312 0.138889 0.202344 0.115278 0.199219 0.111111 0.196094 0.106944 0.160156 0.056944 0.157812 0.054167 0.147656 0.043056 0.109375 0.001389 0.107813 0.000000 0.000000 0.000000
23 0.814063 0.400000 0.813281 0.402778 0.813281 0.406944 0.812500 0.411111 0.811719 0.413889 0.810156 0.416667 0.807813 0.418056 0.806250 0.418056 0.803906 0.419444 0.802344 0.420833 0.802344 0.427778 0.801562 0.430556 0.799219 0.431944 0.798438 0.430556 0.796094 0.430556 0.794531 0.429167 0.793750 0.420833 0.781250 0.420833 0.780469 0.419444 0.763281 0.418056 0.745313 0.418056 0.740625 0.420833 0.738281 0.422222 0.736719 0.423611 0.735938 0.429167 0.734375 0.429167 0.732812 0.430556 0.733594 0.448611 0.732812 0.465278 0.682031 0.465278 0.665625 0.463889 0.648438 0.462500 0.639062 0.459722 0.639844 0.454167 0.641406 0.450000 0.643750 0.448611 0.643750 0.438889 0.640625 0.437500 0.635938 0.436111 0.633594 0.434722 0.632031 0.430556 0.629687 0.427778 0.622656 0.426389 0.610938 0.425000 0.599219 0.425000 0.600000 0.469444 0.605469 0.470833 0.615625 0.472222 0.636719 0.477778 0.657813 0.483333 0.678906 0.490278 0.742188 0.506944 0.747656 0.508333 0.769531 0.512500 0.784375 0.515278 0.792188 0.516667 0.795312 0.516667 0.806250 0.513889 0.814063 0.515278 0.814063 0.519444 0.817187 0.519444 0.825000 0.506944 0.827344 0.504167 0.832812 0.498611 0.835156 0.495833 0.858594 0.470833 0.867969 0.462500 0.878125 0.454167 0.887500 0.448611 0.900000 0.441667 0.910937 0.437500 0.914844 0.436111 0.921875 0.434722 0.932031 0.433333 0.941406 0.433333 0.970313 0.427778 0.992188 0.429167 0.999219 0.429167 0.999219 0.408333 0.962500 0.408333 0.961719 0.406944 0.914062 0.406944 0.896875 0.405556 0.846875 0.400000 0.814063 0.400000
25 0.699219 0.330556 0.701562 0.331944 0.703906 0.333333 0.706250 0.336111 0.708594 0.338889 0.710156 0.341667 0.710938 0.344444 0.712500 0.341667 0.715625 0.341667 0.718750 0.347222 0.720313 0.344444 0.722656 0.341667 0.725000 0.340278 0.727344 0.338889 0.742969 0.338889 0.745313 0.340278 0.747656 0.341667 0.751563 0.347222 0.753125 0.348611 0.757031 0.348611 0.760156 0.354167 0.761719 0.354167 0.763281 0.356944 0.768750 0.355556 0.771094 0.358333 0.775781 0.356944 0.778125 0.359722 0.780469 0.363889 0.780469 0.365278 0.783594 0.370833 0.783594 0.376389 0.783594 0.386111 0.783594 0.391667 0.781250 0.395833 0.783594 0.400000 0.783594 0.405556 0.781250 0.409722 0.781250 0.415278 0.778906 0.419444 0.775000 0.419444 0.773438 0.416667 0.771875 0.416667 0.768750 0.419444 0.762500 0.419444 0.755469 0.416667 0.753125 0.416667 0.745313 0.416667 0.743750 0.416667 0.742188 0.418056 0.738281 0.422222 0.736719 0.423611 0.735938 0.429167 0.732812 0.429167 0.732031 0.445833 0.732812 0.463889 0.731250 0.463889 0.731250 0.452778 0.724219 0.450000 0.714844 0.448611 0.707812 0.448611 0.707812 0.461111 0.707812 0.465278 0.704688 0.465278 0.676562 0.462500 0.675000 0.462500 0.671094 0.463889 0.662500 0.461111 0.650000 0.461111 0.649219 0.459722 0.639844 0.459722 0.639844 0.454167 0.641406 0.452778 0.641406 0.450000 0.643750 0.447222 0.644531 0.443056 0.644531 0.438889 0.640625 0.436111 0.638281 0.436111 0.639062 0.425000 0.639062 0.416667 0.636719 0.415278 0.634375 0.416667 0.632031 0.420833 0.632031 0.423611 0.631250 0.426389 0.626563 0.426389 0.618750 0.423611 0.615625 0.423611 0.612500 0.426389 0.603906 0.426389 0.600781 0.423611 0.599219 0.423611 0.598437 0.452778 0.592969 0.452778 0.592969 0.441667 0.592187 0.440278 0.591406 0.420833 0.589844 0.423611 0.589844 0.452778 0.588281 0.452778 0.585938 0.444444 0.585156 0.440278 0.585156 0.436111 0.582031 0.437500 0.579688 0.438889 0.577344 0.440278 0.569531 0.440278 0.567187 0.438889 0.564063 0.438889 0.562500 0.441667 0.560937 0.443056 0.553125 0.443056 0.547656 0.445833 0.545312 0.445833 0.542969 0.444444 0.541406 0.441667 0.540625 0.441667 0.539844 0.440278 0.539844 0.438889 0.542188 0.431944 0.543750 0.433333 0.545312 0.434722 0.546875 0.434722 0.548438 0.433333 0.550000 0.430556 0.549219 0.422222 0.550781 0.416667 0.553125 0.412500 0.553906 0.409722 0.550000 0.401389 0.546094 0.395833 0.537500 0.409722 0.542969 0.419444 0.540625 0.423611 0.542188 0.431944 0.539844 0.438889 0.538281 0.436111 0.534375 0.420833 0.533594 0.418056 0.530469 0.415278 0.521875 0.413889 0.507812 0.412500 0.465625 0.412500 0.463281 0.409722 0.461719 0.406944 0.460156 0.402778 0.458594 0.398611 0.457813 0.394444 0.457031 0.390278 0.457031 0.376389 0.459375 0.366667 0.458594 0.359722 0.460938 0.355556 0.464844 0.355556 0.466406 0.354167 0.467969 0.351389 0.470313 0.350000 0.472656 0.348611 0.476562 0.347222 0.479687 0.347222 0.481250 0.350000 0.485156 0.351389 0.489063 0.356944 0.491406 0.359722 0.492969 0.359722 0.495312 0.358333 0.498437 0.352778 0.501563 0.352778 0.504687 0.358333 0.507031 0.359722 0.509375 0.359722 0.510938 0.358333 0.513281 0.354167 0.517969 0.354167 0.521875 0.347222 0.525000 0.347222 0.527344 0.352778 0.528125 0.354167 0.529687 0.355556 0.532031 0.356944 0.535937 0.356944 0.539844 0.358333 0.541406 0.361111 0.545312 0.359722 0.552344 0.361111 0.555469 0.363889 0.559375 0.362500 0.561719 0.358333 0.564844 0.358333 0.571875 0.358333 0.573438 0.355556 0.577344 0.356944 0.579688 0.366667 0.578906 0.386111 0.579688 0.398611 0.596875 0.400000 0.597656 0.384722 0.596875 0.366667 0.593750 0.365278 0.579688 0.366667 0.577344 0.356944 0.582031 0.351389 0.583594 0.351389 0.585156 0.350000 0.589063 0.344444 0.591406 0.343056 0.593750 0.341667 0.603125 0.341667 0.608594 0.345833 0.610938 0.345833 0.621875 0.344444 0.626563 0.347222 0.630469 0.344444 0.633594 0.344444 0.635938 0.350000 0.638281 0.351389 0.642969 0.351389 0.651563 0.350000 0.654687 0.352778 0.656250 0.352778 0.660937 0.351389 0.664844 0.345833 0.665625 0.344444 0.665625 0.343056 0.667188 0.340278 0.669531 0.337500 0.671875 0.334722 0.674219 0.333333 0.676562 0.331944 0.685156 0.333333 0.688281 0.333333 0.691406 0.330556 0.699219 0.330556
24 0.444531 0.420833 0.445312 0.418056 0.445312 0.408333 0.444531 0.420833
24 0.589844 0.398611 0.589844 0.436111 0.592187 0.465278 0.592187 0.426389 0.591406 0.425000 0.591406 0.398611 0.589844 0.398611
24 0.583594 0.398611 0.585156 0.441667 0.585156 0.398611 0.583594 0.398611
24 0.444531 0.380556 0.444531 0.394444 0.446094 0.394444 0.446094 0.380556 0.444531 0.380556
24 0.439844 0.375000 0.439844 0.409722 0.441406 0.409722 0.441406 0.376389 0.439844 0.375000
24 0.414844 0.280556 0.412500 0.281944 0.412500 0.318056 0.411719 0.319444 0.410938 0.370833 0.411719 0.387500 0.413281 0.388889 0.413281 0.351389 0.414062 0.350000 0.414062 0.297222 0.414844 0.295833 0.414844 0.280556
24 0.380469 0.148611 0.380469 0.166667 0.379688 0.168056 0.379688 0.194444 0.378125 0.222222 0.375781 0.304167 0.375000 0.331944 0.375000 0.337500 0.377344 0.341667 0.377344 0.336111 0.378125 0.334722 0.378125 0.312500 0.379688 0.266667 0.382031 0.220833 0.383594 0.175000 0.384375 0.151389 0.384375 0.148611 0.380469 0.148611
30 0.707812 0.451389 0.707812 0.465278 0.725781 0.466667 0.731250 0.466667 0.731250 0.463889 0.730469 0.452778 0.725781 0.452778 0.725000 0.451389 0.707812 0.451389
27 0.108594 0.000000 0.110937 0.002778 0.113281 0.005556 0.123438 0.016667 0.147656 0.041667 0.157812 0.052778 0.160156 0.055556 0.167187 0.065278 0.196094 0.105556 0.199219 0.109722 0.202344 0.113889 0.220312 0.137500 0.232031 0.152778 0.239844 0.162500 0.242188 0.165278 0.244531 0.168056 0.246094 0.169444 0.246875 0.163889 0.246875 0.087500 0.249219 0.086111 0.252344 0.084722 0.259375 0.083333 0.263281 0.080556 0.266406 0.080556 0.267969 0.079167 0.267969 0.072222 0.268750 0.066667 0.269531 0.063889 0.271875 0.058333 0.274219 0.052778 0.277344 0.047222 0.277344 0.045833 0.279687 0.041667 0.296094 0.041667 0.306250 0.044444 0.310937 0.045833 0.315625 0.047222 0.317969 0.048611 0.319531 0.051389 0.321094 0.055556 0.324219 0.063889 0.326562 0.070833 0.328125 0.075000 0.328906 0.101389 0.334375 0.102778 0.339062 0.102778 0.344531 0.104167 0.349219 0.106944 0.349219 0.170833 0.347656 0.287500 0.348438 0.305556 0.352344 0.306944 0.359375 0.308333 0.371875 0.309722 0.378125 0.311111 0.384375 0.312500 0.387500 0.315278 0.387500 0.319444 0.388281 0.320833 0.388281 0.323611 0.403125 0.323611 0.403906 0.319444 0.414062 0.319444 0.414062 0.281944 0.414844 0.280556 0.414844 0.236111 0.415625 0.188889 0.417187 0.165278 0.423438 0.163889 0.428906 0.163889 0.440625 0.159722 0.451562 0.159722 0.456250 0.161111 0.460156 0.162500 0.461719 0.165278 0.461719 0.197222 0.468750 0.198611 0.467969 0.258333 0.467969 0.261111 0.469531 0.275000 0.470313 0.275000 0.471094 0.306944 0.471875 0.308333 0.471875 0.316667 0.474219 0.316667 0.474219 0.286111 0.475781 0.258333 0.478125 0.258333 0.479687 0.256944 0.480469 0.250000 0.482812 0.250000 0.485156 0.245833 0.487500 0.244444 0.492969 0.240278 0.497656 0.240278 0.500000 0.241667 0.500000 0.261111 0.514062 0.261111 0.516406 0.262500 0.517969 0.263889 0.519531 0.265278 0.520312 0.273611 0.525000 0.275000 0.525000 0.284722 0.525781 0.287500 0.528906 0.287500 0.529687 0.283333 0.530469 0.281944 0.532031 0.279167 0.535156 0.279167 0.535156 0.276389 0.536719 0.270833 0.542188 0.270833 0.550781 0.273611 0.551562 0.279167 0.554688 0.280556 0.554688 0.302778 0.557813 0.302778 0.558594 0.304167 0.592969 0.304167 0.592969 0.301389 0.593750 0.300000 0.593750 0.293056 0.595313 0.290278 0.600000 0.290278 0.602344 0.287500 0.602344 0.281944 0.603125 0.280556 0.603906 0.268056 0.614844 0.268056 0.621875 0.269444 0.634375 0.273611 0.639844 0.273611 0.641406 0.276389 0.641406 0.286111 0.642188 0.293056 0.644531 0.297222 0.646094 0.301389 0.646094 0.325000 0.650781 0.325000 0.651563 0.326389 0.657813 0.326389 0.664062 0.327778 0.667188 0.329167 0.668750 0.331944 0.668750 0.334722 0.668750 0.316667 0.669531 0.315278 0.670312 0.283333 0.675781 0.283333 0.676562 0.281944 0.680469 0.281944 0.680469 0.273611 0.681250 0.272222 0.681250 0.255556 0.682031 0.238889 0.682813 0.220833 0.684375 0.213889 0.685937 0.212500 0.688281 0.212500 0.690625 0.211111 0.695312 0.202778 0.700000 0.201389 0.709375 0.200000 0.713281 0.200000 0.720313 0.212500 0.720313 0.231944 0.723437 0.236111 0.726562 0.234722 0.728125 0.233333 0.728906 0.218056 0.749219 0.218056 0.749219 0.211111 0.750000 0.209722 0.750000 0.200000 0.751563 0.194444 0.758594 0.193056 0.771875 0.193056 0.772656 0.191667 0.785937 0.191667 0.786719 0.190278 0.789062 0.190278 0.789062 0.176389 0.789844 0.175000 0.789844 0.155556 0.790625 0.154167 0.791406 0.113889 0.792188 0.112500 0.795312 0.029167 0.796094 0.009722 0.796094 0.000000 0.108594 0.000000
21 0.279687 0.043056 0.278125 0.045833 0.275000 0.052778 0.272656 0.058333 0.270313 0.063889 0.269531 0.066667 0.268750 0.072222 0.267969 0.080556 0.266406 0.081944 0.262500 0.083333 0.259375 0.084722 0.252344 0.086111 0.249219 0.087500 0.248438 0.088889 0.246875 0.088889 0.247656 0.163889 0.246875 0.170833 0.250000 0.175000 0.255469 0.180556 0.258594 0.184722 0.273438 0.206944 0.277344 0.212500 0.288281 0.225000 0.293750 0.231944 0.296875 0.236111 0.300000 0.240278 0.303125 0.245833 0.306250 0.250000 0.309375 0.254167 0.321875 0.268056 0.325781 0.273611 0.333594 0.286111 0.337500 0.291667 0.341406 0.297222 0.344531 0.300000 0.346875 0.304167 0.346875 0.287500 0.347656 0.286111 0.348438 0.170833 0.348438 0.106944 0.345313 0.106944 0.344531 0.105556 0.339062 0.104167 0.333594 0.102778 0.328906 0.102778 0.327344 0.100000 0.327344 0.075000 0.325781 0.070833 0.323437 0.063889 0.318750 0.052778 0.318750 0.051389 0.315625 0.048611 0.310937 0.047222 0.306250 0.045833 0.296094 0.043056 0.279687 0.043056
21 0.796875 0.000000 0.796875 0.009722 0.796094 0.011111 0.795312 0.030556 0.793750 0.072222 0.791406 0.154167 0.790625 0.175000 0.789062 0.191667 0.785937 0.193056 0.771875 0.194444 0.758594 0.194444 0.757812 0.195833 0.751563 0.195833 0.751563 0.198611 0.750781 0.200000 0.750781 0.209722 0.749219 0.219444 0.728906 0.219444 0.728125 0.234722 0.726562 0.236111 0.722656 0.237500 0.719531 0.231944 0.719531 0.212500 0.713281 0.201389 0.709375 0.201389 0.700000 0.202778 0.695312 0.204167 0.690625 0.212500 0.688281 0.213889 0.685937 0.213889 0.684375 0.215278 0.684375 0.219444 0.683594 0.220833 0.683594 0.237500 0.682813 0.254167 0.682031 0.272222 0.680469 0.283333 0.675781 0.284722 0.670312 0.284722 0.670312 0.315278 0.668750 0.336111 0.667188 0.330556 0.664062 0.329167 0.657813 0.327778 0.651563 0.327778 0.645312 0.325000 0.645312 0.301389 0.643750 0.297222 0.641406 0.293056 0.640625 0.286111 0.639844 0.275000 0.633594 0.273611 0.621875 0.270833 0.614844 0.269444 0.603906 0.269444 0.603906 0.280556 0.602344 0.288889 0.601562 0.288889 0.600000 0.291667 0.594531 0.293056 0.594531 0.300000 0.592969 0.305556 0.558594 0.305556 0.553906 0.302778 0.553906 0.280556 0.551562 0.280556 0.550000 0.277778 0.550000 0.273611 0.542969 0.273611 0.542188 0.272222 0.536719 0.272222 0.536719 0.275000 0.535156 0.280556 0.531250 0.281944 0.530469 0.284722 0.528906 0.288889 0.525000 0.287500 0.524219 0.284722 0.524219 0.275000 0.519531 0.273611 0.519531 0.266667 0.517969 0.265278 0.516406 0.263889 0.514062 0.262500 0.499219 0.261111 0.499219 0.241667 0.496094 0.240278 0.492969 0.241667 0.487500 0.245833 0.485156 0.247222 0.482812 0.251389 0.480469 0.251389 0.479687 0.258333 0.478125 0.259722 0.475781 0.259722 0.475781 0.284722 0.475000 0.286111 0.474219 0.318056 0.471094 0.316667 0.470313 0.306944 0.470313 0.276389 0.467969 0.273611 0.467187 0.261111 0.467187 0.258333 0.467969 0.198611 0.460938 0.197222 0.460156 0.163889 0.456250 0.162500 0.451562 0.161111 0.440625 0.161111 0.428906 0.165278 0.422656 0.166667 0.417187 0.166667 0.417187 0.187500 0.416406 0.188889 0.416406 0.234722 0.415625 0.280556 0.414062 0.320833 0.403906 0.320833 0.403125 0.325000 0.387500 0.323611 0.386719 0.319444 0.386719 0.315278 0.385156 0.315278 0.384375 0.313889 0.378906 0.313889 0.378125 0.312500 0.371875 0.311111 0.358594 0.308333 0.352344 0.308333 0.351562 0.306944 0.349219 0.306944 0.350781 0.308333 0.353125 0.311111 0.360938 0.322222 0.374219 0.337500 0.378125 0.343056 0.383594 0.352778 0.388281 0.359722 0.397656 0.372222 0.400000 0.375000 0.403906 0.376389 0.407031 0.376389 0.411719 0.379167 0.411719 0.388889 0.417969 0.388889 0.425000 0.390278 0.432812 0.391667 0.434375 0.393056 0.436719 0.397222 0.439063 0.398611 0.439063 0.401389 0.438281 0.402778 0.438281 0.405556 0.439063 0.412500 0.440625 0.420833 0.440625 0.429167 0.443750 0.419444 0.446094 0.415278 0.449219 0.413889 0.459375 0.413889 0.460156 0.412500 0.464844 0.412500 0.460938 0.406944 0.459375 0.402778 0.457813 0.398611 0.456250 0.390278 0.455469 0.383333 0.456250 0.376389 0.458594 0.366667 0.457813 0.359722 0.460938 0.354167 0.464844 0.354167 0.466406 0.352778 0.467969 0.350000 0.470313 0.348611 0.472656 0.347222 0.476562 0.345833 0.479687 0.345833 0.481250 0.348611 0.485156 0.350000 0.489063 0.355556 0.490625 0.356944 0.495312 0.356944 0.498437 0.351389 0.501563 0.351389 0.505469 0.356944 0.510938 0.355556 0.513281 0.352778 0.517969 0.352778 0.521875 0.345833 0.525000 0.345833 0.528125 0.352778 0.529687 0.354167 0.532031 0.355556 0.536719 0.356944 0.540625 0.358333 0.561719 0.356944 0.565625 0.358333 0.571875 0.356944 0.572656 0.354167 0.573438 0.350000 0.575000 0.347222 0.578906 0.347222 0.585156 0.348611 0.589063 0.343056 0.591406 0.341667 0.593750 0.340278 0.603125 0.340278 0.608594 0.344444 0.610938 0.344444 0.621875 0.343056 0.626563 0.345833 0.628125 0.347222 0.630469 0.343056 0.633594 0.343056 0.636719 0.350000 0.638281 0.350000 0.642969 0.350000 0.651563 0.348611 0.654687 0.351389 0.656250 0.351389 0.660937 0.350000 0.664844 0.344444 0.667188 0.338889 0.669531 0.336111 0.671875 0.333333 0.674219 0.331944 0.676562 0.330556 0.685156 0.331944 0.688281 0.331944 0.691406 0.329167 0.699219 0.329167 0.701562 0.330556 0.703906 0.331944 0.706250 0.334722 0.708594 0.337500 0.710938 0.343056 0.712500 0.340278 0.715625 0.340278 0.718750 0.345833 0.720313 0.343056 0.722656 0.340278 0.725000 0.338889 0.727344 0.337500 0.742969 0.337500 0.745313 0.338889 0.747656 0.340278 0.751563 0.345833 0.753125 0.347222 0.757031 0.347222 0.760156 0.352778 0.761719 0.352778 0.764062 0.355556 0.768750 0.354167 0.771875 0.356944 0.775781 0.355556 0.778125 0.358333 0.781250 0.363889 0.784375 0.370833 0.784375 0.376389 0.784375 0.386111 0.784375 0.391667 0.782031 0.395833 0.784375 0.400000 0.784375 0.405556 0.782031 0.409722 0.782031 0.415278 0.778906 0.420833 0.775000 0.420833 0.773438 0.418056 0.771875 0.418056 0.768750 0.420833 0.762500 0.420833 0.761719 0.419444 0.757031 0.419444 0.762500 0.429167 0.765625 0.433333 0.768750 0.436111 0.773438 0.440278 0.775781 0.441667 0.778125 0.443056 0.782031 0.444444 0.794531 0.444444 0.798438 0.443056 0.800781 0.441667 0.803125 0.440278 0.806250 0.437500 0.810937 0.433333 0.814063 0.429167 0.822656 0.413889 0.825781 0.409722 0.828125 0.408333 0.830469 0.404167 0.832812 0.401389 0.834375 0.400000 0.835938 0.400000 0.857812 0.401389 0.860156 0.402778 0.866406 0.412500 0.869531 0.415278 0.874219 0.419444 0.876563 0.420833 0.878906 0.422222 0.882812 0.423611 0.894531 0.423611 0.898438 0.422222 0.900781 0.420833 0.903125 0.419444 0.906250 0.416667 0.910937 0.412500 0.913281 0.408333 0.915625 0.405556 0.921875 0.405556 0.943750 0.406944 0.965625 0.408333 0.987500 0.409722 0.992969 0.412500 0.992969 0.419444 0.994531 0.420833 0.996094 0.422222 0.997656 0.422222 0.999219 0.423611 0.999219 0.000000 0.796875 0.000000
23 0.592187 0.468056 0.592187 0.470833 0.592969 0.472222 0.592969 0.491667 0.596094 0.493056 0.598437 0.494444 0.613281 0.500000 0.628125 0.506944 0.639844 0.512500 0.647656 0.516667 0.684375 0.537500 0.690625 0.540278 0.724219 0.555556 0.752344 0.568056 0.755469 0.568056 0.758594 0.565278 0.764062 0.559722 0.771094 0.554167 0.779687 0.550000 0.782031 0.547222 0.784375 0.545833 0.785156 0.541667 0.785156 0.530556 0.785937 0.523611 0.787500 0.520833 0.790625 0.520833 0.795312 0.518056 0.796094 0.516667 0.797656 0.516667 0.794531 0.516667 0.793750 0.515278 0.789844 0.513889 0.785156 0.512500 0.778906 0.511111 0.765625 0.508333 0.746094 0.505556 0.739844 0.504167 0.733594 0.502778 0.710156 0.497222 0.598437 0.469444 0.592187 0.468056
22 0.000000 0.100000 0.000000 0.476389 0.003906 0.476389 0.008594 0.475000 0.010156 0.473611 0.014844 0.468056 0.024219 0.456944 0.030469 0.447222 0.033594 0.443056 0.035937 0.440278 0.041406 0.434722 0.049219 0.427778 0.053125 0.423611 0.064062 0.409722 0.066406 0.406944 0.068750 0.405556 0.075000 0.402778 0.087500 0.397222 0.133594 0.397222 0.177344 0.398611 0.204687 0.400000 0.215625 0.401389 0.226562 0.402778 0.234375 0.404167 0.235937 0.405556 0.237500 0.406944 0.244531 0.413889 0.257031 0.426389 0.259375 0.429167 0.264844 0.438889 0.275000 0.459722 0.278906 0.469444 0.282813 0.477778 0.282031 0.475000 0.282813 0.468056 0.292187 0.468056 0.295312 0.469444 0.297656 0.470833 0.301563 0.473611 0.303125 0.475000 0.303906 0.476389 0.305469 0.481944 0.304688 0.484722 0.303125 0.488889 0.300781 0.493056 0.296094 0.495833 0.293750 0.495833 0.298438 0.504167 0.302344 0.513889 0.306250 0.520833 0.307031 0.518056 0.312500 0.516667 0.320312 0.516667 0.328125 0.515278 0.332813 0.513889 0.337500 0.511111 0.356250 0.500000 0.357031 0.497222 0.357031 0.490278 0.357812 0.488889 0.358594 0.480556 0.358594 0.472222 0.359375 0.462500 0.360156 0.459722 0.360938 0.456944 0.362500 0.452778 0.364063 0.448611 0.366406 0.444444 0.367969 0.438889 0.369531 0.434722 0.371094 0.431944 0.372656 0.430556 0.382812 0.430556 0.383594 0.429167 0.385937 0.429167 0.385937 0.419444 0.386719 0.418056 0.387500 0.402778 0.385937 0.401389 0.382812 0.398611 0.377344 0.394444 0.364063 0.384722 0.336719 0.363889 0.222656 0.277778 0.182812 0.247222 0.175781 0.241667 0.151562 0.222222 0.118750 0.195833 0.044531 0.136111 0.011719 0.108333 0.004687 0.102778 0.003125 0.102778 0.000000 0.100000
2 0.087500 0.398611 0.081250 0.401389 0.068750 0.406944 0.066406 0.408333 0.064062 0.411111 0.057031 0.419444 0.050781 0.426389 0.023438 0.459722 0.010156 0.475000 0.008594 0.476389 0.003906 0.477778 0.000000 0.477778 0.000000 0.718056 0.112500 0.718056 0.226562 0.720833 0.229687 0.718056 0.234375 0.713889 0.237500 0.709722 0.238281 0.708333 0.239063 0.705556 0.239063 0.698611 0.241406 0.683333 0.242188 0.665278 0.243750 0.658333 0.245312 0.656944 0.248438 0.654167 0.254688 0.648611 0.285938 0.623611 0.286719 0.629167 0.286719 0.638889 0.289062 0.638889 0.289844 0.640278 0.302344 0.638889 0.303125 0.636111 0.303906 0.633333 0.304688 0.629167 0.305469 0.623611 0.306250 0.595833 0.306250 0.522222 0.301563 0.512500 0.297656 0.505556 0.292969 0.495833 0.296094 0.494444 0.300781 0.491667 0.302344 0.488889 0.303906 0.484722 0.304688 0.481944 0.303906 0.479167 0.303125 0.476389 0.301563 0.475000 0.300000 0.475000 0.297656 0.472222 0.295312 0.470833 0.287500 0.469444 0.282813 0.469444 0.282031 0.476389 0.278125 0.469444 0.274219 0.459722 0.264062 0.438889 0.259375 0.430556 0.257031 0.427778 0.250000 0.420833 0.244531 0.415278 0.237500 0.408333 0.235937 0.406944 0.234375 0.405556 0.226562 0.404167 0.215625 0.402778 0.204687 0.401389 0.177344 0.400000 0.133594 0.398611 0.087500 0.398611
2 0.460156 0.413889 0.449219 0.415278 0.446094 0.416667 0.444531 0.419444 0.442969 0.423611 0.442188 0.426389 0.441406 0.431944 0.439063 0.438889 0.435156 0.448611 0.432031 0.458333 0.430469 0.465278 0.425781 0.488889 0.423438 0.498611 0.421875 0.501389 0.421094 0.505556 0.418750 0.518056 0.419531 0.627778 0.424219 0.629167 0.428906 0.629167 0.434375 0.631944 0.438281 0.631944 0.439063 0.597222 0.444531 0.595833 0.461719 0.595833 0.516406 0.597222 0.518750 0.600000 0.521875 0.604167 0.524219 0.608333 0.536719 0.608333 0.536719 0.625000 0.537500 0.626389 0.537500 0.630556 0.539062 0.630556 0.539844 0.631944 0.547656 0.633333 0.552344 0.630556 0.553125 0.627778 0.553906 0.622222 0.554688 0.611111 0.554688 0.591667 0.555469 0.581944 0.557813 0.562500 0.557813 0.544444 0.557031 0.530556 0.556250 0.518056 0.555469 0.508333 0.553906 0.500000 0.551562 0.487500 0.550000 0.480556 0.547656 0.470833 0.546875 0.468056 0.543750 0.461111 0.543750 0.455556 0.542188 0.450000 0.539062 0.438889 0.532813 0.418056 0.531250 0.418056 0.530469 0.416667 0.521875 0.415278 0.507812 0.413889 0.460156 0.413889
2 0.383594 0.430556 0.372656 0.431944 0.368750 0.440278 0.364844 0.448611 0.363281 0.452778 0.361719 0.456944 0.360938 0.459722 0.360156 0.462500 0.359375 0.472222 0.359375 0.480556 0.357812 0.490278 0.357031 0.498611 0.358594 0.500000 0.357812 0.509722 0.357812 0.515278 0.358594 0.518056 0.361719 0.518056 0.362500 0.519444 0.367188 0.519444 0.368750 0.518056 0.369531 0.508333 0.407031 0.508333 0.411719 0.511111 0.411719 0.519444 0.413281 0.519444 0.414062 0.520833 0.417969 0.520833 0.417969 0.518056 0.419531 0.512500 0.421875 0.500000 0.421875 0.463889 0.420312 0.456944 0.417187 0.445833 0.412500 0.433333 0.409375 0.433333 0.408594 0.431944 0.392969 0.430556 0.383594 0.430556
19 0.356250 0.501389 0.352344 0.502778 0.351562 0.504167 0.332813 0.515278 0.328125 0.516667 0.320312 0.518056 0.312500 0.518056 0.311719 0.519444 0.307031 0.519444 0.307031 0.595833 0.306250 0.623611 0.305469 0.629167 0.304688 0.633333 0.303906 0.637500 0.303125 0.640278 0.285156 0.640278 0.285156 0.623611 0.282813 0.625000 0.279687 0.627778 0.273438 0.633333 0.243750 0.659722 0.243750 0.663889 0.242969 0.665278 0.242969 0.673611 0.242188 0.675000 0.241406 0.693056 0.240625 0.702778 0.239844 0.709722 0.238281 0.712500 0.236719 0.713889 0.226562 0.722222 0.112500 0.719444 0.000000 0.719444 0.000000 0.905556 0.004687 0.904167 0.013281 0.901389 0.031250 0.895833 0.071875 0.881944 0.089844 0.876389 0.094531 0.875000 0.116406 0.869444 0.166406 0.858333 0.177344 0.855556 0.193750 0.851389 0.198437 0.850000 0.216406 0.844444 0.257031 0.830556 0.271875 0.829167 0.343750 0.822222 0.387500 0.818056 0.402344 0.816667 0.467187 0.816667 0.540625 0.818056 0.614062 0.819444 0.639062 0.820833 0.648438 0.822222 0.675000 0.826389 0.775000 0.841667 0.838281 0.851389 0.865625 0.856944 0.883594 0.859722 0.892188 0.859722 0.892969 0.861111 0.896875 0.861111 0.896094 0.838889 0.897656 0.809722 0.897656 0.797222 0.896094 0.795833 0.894531 0.794444 0.892969 0.794444 0.886719 0.788889 0.867188 0.773611 0.853906 0.763889 0.827344 0.744444 0.783594 0.712500 0.775781 0.706944 0.773438 0.705556 0.773438 0.709722 0.772656 0.711111 0.771875 0.718056 0.771875 0.725000 0.771094 0.731944 0.769531 0.733333 0.766406 0.740278 0.762500 0.741667 0.751563 0.741667 0.748437 0.736111 0.746094 0.733333 0.743750 0.731944 0.741406 0.729167 0.739844 0.726389 0.739844 0.719444 0.738281 0.702778 0.737500 0.694444 0.736719 0.688889 0.735156 0.684722 0.735156 0.680556 0.736719 0.663889 0.736719 0.643056 0.737500 0.629167 0.738281 0.613889 0.740625 0.606944 0.743750 0.600000 0.744531 0.595833 0.746094 0.591667 0.744531 0.591667 0.736719 0.586111 0.724219 0.579167 0.685937 0.556944 0.613281 0.515278 0.593750 0.504167 0.593750 0.508333 0.592969 0.512500 0.591406 0.518056 0.589844 0.518056 0.589063 0.516667 0.586719 0.516667 0.578906 0.509722 0.573438 0.508333 0.564063 0.506944 0.559375 0.506944 0.556250 0.509722 0.556250 0.516667 0.557031 0.527778 0.558594 0.541667 0.558594 0.562500 0.556250 0.581944 0.555469 0.591667 0.555469 0.615278 0.554688 0.622222 0.553906 0.627778 0.552344 0.633333 0.547656 0.634722 0.539844 0.636111 0.536719 0.630556 0.535937 0.625000 0.535937 0.608333 0.524219 0.609722 0.521875 0.605556 0.518750 0.601389 0.516406 0.598611 0.461719 0.597222 0.444531 0.597222 0.444531 0.601389 0.443750 0.602778 0.443750 0.619444 0.442188 0.623611 0.439844 0.629167 0.439063 0.633333 0.425781 0.634722 0.417187 0.627778 0.417969 0.522222 0.414062 0.522222 0.410938 0.519444 0.410938 0.511111 0.407813 0.511111 0.407031 0.509722 0.369531 0.509722 0.368750 0.519444 0.367188 0.520833 0.362500 0.520833 0.357031 0.518056 0.357031 0.509722 0.357812 0.508333 0.357812 0.500000 0.356250 0.501389
2 0.400781 0.390278 0.400000 0.391667 0.388281 0.391667 0.388281 0.402778 0.387500 0.404167 0.386719 0.419444 0.386719 0.429167 0.392969 0.429167 0.393750 0.430556 0.408594 0.430556 0.413281 0.433333 0.413281 0.434722 0.417969 0.445833 0.421094 0.456944 0.422656 0.463889 0.422656 0.498611 0.422656 0.495833 0.425000 0.488889 0.431250 0.458333 0.434375 0.448611 0.439063 0.434722 0.440625 0.430556 0.439844 0.420833 0.439063 0.413889 0.438281 0.406944 0.437500 0.401389 0.436719 0.398611 0.434375 0.394444 0.432812 0.393056 0.425000 0.391667 0.417969 0.390278 0.400781 0.390278
2 0.975781 0.427778 0.975000 0.429167 0.963281 0.429167 0.946094 0.434722 0.928906 0.434722 0.920312 0.436111 0.912500 0.438889 0.900781 0.443056 0.897656 0.444444 0.894531 0.445833 0.886719 0.450000 0.871094 0.458333 0.868750 0.459722 0.867188 0.461111 0.865625 0.462500 0.857812 0.470833 0.834375 0.495833 0.828906 0.502778 0.823438 0.511111 0.817969 0.518056 0.815625 0.520833 0.814063 0.520833 0.811719 0.520833 0.811719 0.515278 0.806250 0.515278 0.798438 0.516667 0.788281 0.523611 0.786719 0.523611 0.786719 0.530556 0.785937 0.531944 0.785937 0.541667 0.785156 0.545833 0.783594 0.548611 0.779687 0.551389 0.771094 0.555556 0.764062 0.561111 0.759375 0.565278 0.753125 0.570833 0.751563 0.572222 0.750000 0.577778 0.750000 0.581944 0.749219 0.586111 0.746875 0.593056 0.741406 0.606944 0.739062 0.613889 0.738281 0.629167 0.737500 0.647222 0.736719 0.665278 0.736719 0.684722 0.738281 0.701389 0.739844 0.718056 0.741406 0.727778 0.742188 0.727778 0.743750 0.730556 0.747656 0.734722 0.751563 0.738889 0.753125 0.740278 0.755469 0.740278 0.760938 0.737500 0.766406 0.733333 0.768750 0.733333 0.770312 0.731944 0.770312 0.726389 0.771094 0.725000 0.771094 0.718056 0.771875 0.711111 0.773438 0.704167 0.775781 0.705556 0.783594 0.711111 0.798438 0.722222 0.827344 0.743056 0.893750 0.791667 0.896875 0.794444 0.898438 0.797222 0.898438 0.809722 0.896875 0.838889 0.896875 0.859722 0.900781 0.859722 0.910937 0.863889 0.920312 0.865278 0.925000 0.866667 0.929688 0.868056 0.941406 0.872222 0.960938 0.879167 0.964844 0.881944 0.976562 0.886111 0.996094 0.893056 0.999219 0.893056 0.999219 0.429167 0.986719 0.427778 0.975781 0.427778
2 0.566406 0.443056 0.553125 0.444444 0.547656 0.447222 0.546875 0.450000 0.544531 0.458333 0.544531 0.461111 0.547656 0.468056 0.550781 0.479167 0.552344 0.487500 0.556250 0.508333 0.559375 0.505556 0.564063 0.505556 0.573438 0.506944 0.578906 0.508333 0.586719 0.515278 0.589063 0.515278 0.589844 0.516667 0.591406 0.516667 0.591406 0.513889 0.592969 0.508333 0.592969 0.502778 0.592187 0.475000 0.591406 0.473611 0.591406 0.468056 0.588281 0.466667 0.588281 0.461111 0.587500 0.456944 0.585938 0.452778 0.584375 0.448611 0.582812 0.445833 0.578906 0.444444 0.571094 0.443056 0.566406 0.443056
30 0.538281 0.409722 0.543750 0.419444 0.541406 0.425000 0.542188 0.430556 0.545312 0.433333 0.546875 0.433333 0.548438 0.431944 0.548438 0.420833 0.550000 0.416667 0.552344 0.412500 0.553125 0.408333 0.550000 0.402778 0.546094 0.397222 0.538281 0.409722
30 0.593750 0.366667 0.579688 0.368056 0.579688 0.386111 0.580469 0.387500 0.580469 0.398611 0.596875 0.398611 0.596875 0.384722 0.596094 0.383333 0.596094 0.366667 0.593750 0.366667
