29 0.635938 0.473611 0.634375 0.475000 0.632812 0.486111 0.632812 0.505556 0.644531 0.504167 0.644531 0.472222 0.635938 0.473611
29 0.528906 0.468056 0.528125 0.469444 0.525781 0.469444 0.525781 0.502778 0.530469 0.502778 0.531250 0.504167 0.535937 0.504167 0.535937 0.498611 0.535156 0.486111 0.534375 0.475000 0.533594 0.473611 0.533594 0.468056 0.528906 0.468056
29 0.748437 0.419444 0.740625 0.422222 0.740625 0.451389 0.748437 0.451389 0.749219 0.450000 0.751563 0.450000 0.751563 0.437500 0.752344 0.436111 0.752344 0.419444 0.748437 0.419444
27 0.457813 0.000000 0.457813 0.016667 0.457031 0.019444 0.454688 0.025000 0.453906 0.040278 0.453125 0.093056 0.452344 0.145833 0.452344 0.184722 0.454688 0.187500 0.454688 0.230556 0.457031 0.240278 0.457813 0.231944 0.464062 0.233333 0.464062 0.243056 0.465625 0.244444 0.467187 0.245833 0.471875 0.248611 0.472656 0.251389 0.472656 0.254167 0.473438 0.229167 0.480469 0.229167 0.487500 0.230556 0.489063 0.231944 0.489844 0.252778 0.500781 0.254167 0.501563 0.259722 0.503906 0.276389 0.504687 0.283333 0.528906 0.284722 0.529687 0.288889 0.530469 0.295833 0.531250 0.304167 0.531250 0.362500 0.544531 0.363889 0.544531 0.401389 0.542969 0.455556 0.542969 0.506944 0.551562 0.506944 0.552344 0.508333 0.567187 0.508333 0.567969 0.470833 0.575000 0.469444 0.575000 0.468056 0.578125 0.461111 0.582031 0.450000 0.584375 0.443056 0.585156 0.440278 0.585156 0.341667 0.587500 0.326389 0.587500 0.320833 0.589063 0.318056 0.600000 0.316667 0.615625 0.316667 0.615625 0.313889 0.616406 0.309722 0.619531 0.305556 0.619531 0.306944 0.623437 0.318056 0.625000 0.315278 0.627344 0.315278 0.628906 0.313889 0.630469 0.286111 0.633594 0.287500 0.642188 0.291667 0.644531 0.293056 0.648438 0.300000 0.650000 0.305556 0.652344 0.304167 0.653906 0.305556 0.654687 0.297222 0.656250 0.295833 0.660156 0.291667 0.661719 0.290278 0.664062 0.291667 0.666406 0.293056 0.667969 0.294444 0.667969 0.305556 0.682031 0.304167 0.682031 0.300000 0.683594 0.293056 0.686719 0.291667 0.686719 0.279167 0.688281 0.276389 0.689844 0.275000 0.691406 0.273611 0.696875 0.269444 0.709375 0.261111 0.714844 0.255556 0.721875 0.251389 0.723437 0.250000 0.725000 0.245833 0.728906 0.236111 0.730469 0.230556 0.732031 0.227778 0.753906 0.226389 0.796094 0.226389 0.795312 0.204167 0.800000 0.194444 0.809375 0.175000 0.814063 0.165278 0.815625 0.162500 0.821094 0.162500 0.821094 0.155556 0.821875 0.152778 0.828906 0.151389 0.829688 0.152778 0.835938 0.152778 0.835938 0.091667 0.835156 0.000000 0.457813 0.000000
2 0.732031 0.579167 0.723437 0.580556 0.721094 0.581944 0.719531 0.583333 0.717187 0.586111 0.714844 0.588889 0.714063 0.591667 0.712500 0.595833 0.710156 0.601389 0.710156 0.618056 0.707812 0.622222 0.707812 0.633333 0.708594 0.637500 0.710156 0.640278 0.714844 0.640278 0.715625 0.634722 0.725000 0.636111 0.725000 0.643056 0.728125 0.644444 0.729688 0.644444 0.731250 0.641667 0.732031 0.637500 0.742969 0.637500 0.744531 0.640278 0.744531 0.641667 0.746094 0.644444 0.748437 0.645833 0.750781 0.645833 0.752344 0.643056 0.753125 0.638889 0.757812 0.637500 0.760938 0.640278 0.760938 0.648611 0.767969 0.647222 0.768750 0.640278 0.771094 0.640278 0.772656 0.638889 0.773438 0.636111 0.773438 0.618056 0.772656 0.601389 0.771875 0.600000 0.771875 0.595833 0.770312 0.594444 0.766406 0.590278 0.763281 0.587500 0.758594 0.583333 0.753125 0.581944 0.746875 0.580556 0.738281 0.579167 0.732031 0.579167
2 0.619531 0.562500 0.617969 0.565278 0.614844 0.573611 0.614844 0.575000 0.602344 0.575000 0.600000 0.575000 0.597656 0.579167 0.593750 0.588889 0.592187 0.593056 0.591406 0.597222 0.590625 0.605556 0.590625 0.612500 0.589844 0.613889 0.589844 0.619444 0.596875 0.619444 0.597656 0.618056 0.606250 0.619444 0.607031 0.623611 0.607812 0.633333 0.608594 0.636111 0.617969 0.636111 0.618750 0.633333 0.619531 0.627778 0.626563 0.627778 0.633594 0.629167 0.641406 0.630556 0.645312 0.633333 0.645312 0.638889 0.646875 0.638889 0.647656 0.640278 0.653906 0.641667 0.660156 0.641667 0.660156 0.633333 0.660937 0.631944 0.660937 0.590278 0.659375 0.587500 0.657031 0.584722 0.656250 0.584722 0.655469 0.583333 0.654687 0.580556 0.653906 0.566667 0.653125 0.565278 0.653125 0.562500 0.619531 0.562500
2 0.539844 0.541667 0.528906 0.544444 0.522656 0.547222 0.522656 0.550000 0.520312 0.556944 0.514062 0.584722 0.513281 0.595833 0.512500 0.613889 0.512500 0.652778 0.516406 0.652778 0.521094 0.655556 0.525781 0.656944 0.527344 0.656944 0.528125 0.654167 0.528906 0.650000 0.529687 0.645833 0.530469 0.640278 0.548438 0.641667 0.566406 0.643056 0.571094 0.644444 0.572656 0.647222 0.573438 0.650000 0.573438 0.652778 0.574219 0.655556 0.575781 0.656944 0.580469 0.658333 0.582031 0.658333 0.582812 0.655556 0.583594 0.651389 0.584375 0.647222 0.584375 0.619444 0.583594 0.598611 0.582812 0.594444 0.578125 0.570833 0.574219 0.555556 0.572656 0.547222 0.571094 0.545833 0.565625 0.543056 0.562500 0.541667 0.539844 0.541667
2 0.000000 0.472222 0.000000 0.827778 0.002344 0.827778 0.003125 0.829167 0.007031 0.830556 0.017969 0.831944 0.026562 0.837500 0.029687 0.837500 0.038281 0.831944 0.044531 0.827778 0.046875 0.825000 0.050000 0.820833 0.058594 0.805556 0.061719 0.798611 0.062500 0.794444 0.063281 0.788889 0.065625 0.781944 0.066406 0.777778 0.067187 0.777778 0.068750 0.775000 0.071094 0.773611 0.072656 0.772222 0.074219 0.762500 0.074219 0.754167 0.075781 0.743056 0.082031 0.741667 0.097656 0.740278 0.113281 0.738889 0.128906 0.737500 0.137500 0.737500 0.154688 0.738889 0.164062 0.737500 0.189844 0.733333 0.198437 0.731944 0.203125 0.730556 0.205469 0.727778 0.207813 0.725000 0.209375 0.722222 0.210938 0.716667 0.213281 0.708333 0.214062 0.704167 0.214844 0.698611 0.214844 0.690278 0.216406 0.683333 0.217969 0.681944 0.221875 0.681944 0.236719 0.676389 0.240625 0.675000 0.242188 0.675000 0.243750 0.677778 0.245312 0.687500 0.249219 0.693056 0.250781 0.697222 0.250781 0.698611 0.251563 0.700000 0.253125 0.701389 0.267188 0.701389 0.269531 0.700000 0.271875 0.695833 0.272656 0.693056 0.273438 0.690278 0.274219 0.684722 0.275000 0.679167 0.275781 0.665278 0.278906 0.663889 0.282813 0.662500 0.291406 0.659722 0.321875 0.650000 0.322656 0.648611 0.325781 0.650000 0.325781 0.655556 0.325000 0.665278 0.327344 0.669444 0.329688 0.670833 0.342187 0.670833 0.346094 0.669444 0.347656 0.668056 0.348438 0.651389 0.350781 0.650000 0.357031 0.648611 0.364063 0.647222 0.366406 0.648611 0.367969 0.655556 0.375781 0.655556 0.378125 0.652778 0.378906 0.641667 0.403906 0.641667 0.407031 0.640278 0.408594 0.637500 0.410938 0.636111 0.417187 0.634722 0.417969 0.631944 0.417969 0.629167 0.417187 0.618056 0.418750 0.609722 0.417969 0.597222 0.417969 0.587500 0.421875 0.581944 0.422656 0.579167 0.421875 0.568056 0.420312 0.565278 0.420312 0.563889 0.412500 0.562500 0.410938 0.559722 0.410156 0.552778 0.408594 0.545833 0.407031 0.544444 0.403906 0.543056 0.400781 0.543056 0.393750 0.538889 0.382812 0.537500 0.364063 0.537500 0.355469 0.540278 0.351562 0.540278 0.346875 0.531944 0.345313 0.530556 0.340625 0.529167 0.335156 0.527778 0.320312 0.527778 0.308594 0.530556 0.275000 0.530556 0.267188 0.534722 0.264844 0.536111 0.263281 0.537500 0.261719 0.540278 0.260156 0.544444 0.259375 0.548611 0.257812 0.552778 0.255469 0.556944 0.250000 0.556944 0.246094 0.554167 0.246094 0.519444 0.245312 0.518056 0.245312 0.513889 0.243750 0.512500 0.240625 0.509722 0.232813 0.502778 0.230469 0.501389 0.223438 0.498611 0.201563 0.490278 0.196094 0.488889 0.187500 0.487500 0.178906 0.486111 0.079687 0.486111 0.077344 0.491667 0.070312 0.508333 0.066406 0.518056 0.064844 0.522222 0.064062 0.527778 0.062500 0.547222 0.060937 0.554167 0.059375 0.554167 0.056250 0.551389 0.055469 0.548611 0.053906 0.541667 0.051562 0.526389 0.050000 0.522222 0.049219 0.515278 0.048438 0.512500 0.042969 0.506944 0.029687 0.493056 0.024219 0.487500 0.022656 0.486111 0.017969 0.483333 0.009375 0.477778 0.000000 0.472222
19 0.583594 0.595833 0.585156 0.619444 0.585156 0.647222 0.584375 0.651389 0.583594 0.655556 0.582812 0.658333 0.580469 0.659722 0.575781 0.658333 0.574219 0.656944 0.573438 0.655556 0.572656 0.652778 0.572656 0.650000 0.571875 0.647222 0.566406 0.644444 0.548438 0.643056 0.530469 0.641667 0.530469 0.645833 0.529687 0.650000 0.528906 0.654167 0.528125 0.656944 0.525781 0.658333 0.521094 0.656944 0.516406 0.654167 0.511719 0.652778 0.512500 0.612500 0.512500 0.602778 0.510938 0.602778 0.506250 0.605556 0.498437 0.608333 0.489844 0.611111 0.484375 0.612500 0.478906 0.613889 0.456250 0.619444 0.450000 0.620833 0.421094 0.620833 0.420312 0.622222 0.417969 0.622222 0.418750 0.629167 0.418750 0.631944 0.417969 0.634722 0.416406 0.637500 0.410938 0.637500 0.408594 0.638889 0.407031 0.641667 0.403906 0.643056 0.378906 0.643056 0.378125 0.654167 0.377344 0.654167 0.375781 0.656944 0.367188 0.655556 0.365625 0.648611 0.364063 0.648611 0.357031 0.650000 0.350781 0.651389 0.350000 0.652778 0.348438 0.652778 0.347656 0.669444 0.346094 0.670833 0.342187 0.672222 0.329688 0.672222 0.327344 0.670833 0.324219 0.665278 0.325000 0.655556 0.325000 0.650000 0.322656 0.650000 0.321875 0.651389 0.314844 0.652778 0.314063 0.654167 0.278906 0.666667 0.275781 0.666667 0.275781 0.679167 0.275000 0.684722 0.274219 0.690278 0.273438 0.693056 0.272656 0.695833 0.269531 0.701389 0.267188 0.702778 0.253125 0.702778 0.251563 0.701389 0.250000 0.698611 0.248438 0.693056 0.244531 0.687500 0.242969 0.680556 0.242188 0.676389 0.240625 0.676389 0.236719 0.677778 0.222656 0.681944 0.221875 0.683333 0.217969 0.683333 0.216406 0.684722 0.216406 0.688889 0.215625 0.690278 0.215625 0.698611 0.214844 0.704167 0.214062 0.708333 0.212500 0.713889 0.210156 0.722222 0.207813 0.726389 0.205469 0.729167 0.203125 0.731944 0.198437 0.733333 0.189844 0.734722 0.164062 0.738889 0.154688 0.740278 0.137500 0.738889 0.128906 0.738889 0.113281 0.740278 0.097656 0.741667 0.096875 0.743056 0.082031 0.743056 0.081250 0.744444 0.075781 0.744444 0.075781 0.752778 0.075000 0.762500 0.074219 0.770833 0.072656 0.773611 0.068750 0.776389 0.066406 0.779167 0.064062 0.788889 0.063281 0.794444 0.062500 0.798611 0.059375 0.805556 0.050000 0.822222 0.046875 0.826389 0.044531 0.829167 0.038281 0.833333 0.029687 0.838889 0.026562 0.838889 0.017969 0.833333 0.007031 0.831944 0.003125 0.830556 0.002344 0.829167 0.000000 0.829167 0.000000 0.998611 0.999219 0.998611 0.999219 0.773611 0.996875 0.773611 0.986719 0.768056 0.983594 0.768056 0.967187 0.761111 0.964063 0.759722 0.960938 0.758333 0.954688 0.752778 0.953125 0.750000 0.950000 0.738889 0.950000 0.720833 0.949219 0.719444 0.949219 0.716667 0.947656 0.716667 0.946875 0.715278 0.941406 0.713889 0.935937 0.713889 0.919531 0.709722 0.918750 0.708333 0.863281 0.694444 0.857031 0.693056 0.850781 0.691667 0.850000 0.702778 0.846094 0.708333 0.841406 0.708333 0.840625 0.706944 0.835156 0.706944 0.833594 0.705556 0.829688 0.700000 0.822656 0.698611 0.816406 0.698611 0.814063 0.697222 0.812500 0.695833 0.811719 0.688889 0.808594 0.683333 0.807813 0.680556 0.807031 0.672222 0.807031 0.656944 0.803906 0.656944 0.792188 0.652778 0.788281 0.650000 0.772656 0.644444 0.768750 0.643056 0.768750 0.647222 0.767188 0.650000 0.760156 0.648611 0.760156 0.640278 0.758594 0.640278 0.757812 0.638889 0.753906 0.638889 0.753125 0.643056 0.750781 0.647222 0.748437 0.647222 0.746094 0.645833 0.743750 0.640278 0.732031 0.638889 0.732031 0.641667 0.729688 0.645833 0.728125 0.645833 0.727344 0.644444 0.724219 0.643056 0.724219 0.636111 0.715625 0.636111 0.714844 0.641667 0.710156 0.641667 0.707812 0.637500 0.707031 0.633333 0.707031 0.625000 0.691406 0.626389 0.675781 0.629167 0.672656 0.629167 0.671094 0.627778 0.669531 0.626389 0.664062 0.620833 0.661719 0.618056 0.661719 0.631944 0.660156 0.643056 0.653906 0.643056 0.647656 0.641667 0.644531 0.638889 0.644531 0.633333 0.642188 0.633333 0.641406 0.631944 0.634375 0.631944 0.626563 0.629167 0.619531 0.629167 0.619531 0.633333 0.618750 0.636111 0.607812 0.636111 0.607031 0.633333 0.606250 0.623611 0.605469 0.622222 0.605469 0.619444 0.596875 0.620833 0.589063 0.619444 0.589063 0.613889 0.589844 0.612500 0.590625 0.604167 0.591406 0.595833 0.583594 0.595833
25 0.510938 0.473611 0.506250 0.481944 0.503906 0.487500 0.503125 0.491667 0.502344 0.498611 0.500781 0.513889 0.500000 0.527778 0.498437 0.541667 0.497656 0.548611 0.496875 0.551389 0.493750 0.556944 0.492969 0.568056 0.492188 0.581944 0.492188 0.587500 0.493750 0.587500 0.495312 0.588889 0.495312 0.583333 0.496094 0.581944 0.496094 0.572222 0.496875 0.559722 0.498437 0.548611 0.501563 0.526389 0.503125 0.516667 0.507031 0.498611 0.510156 0.480556 0.510156 0.476389 0.510938 0.473611
25 0.457813 0.440278 0.458594 0.458333 0.457031 0.497222 0.457031 0.515278 0.459375 0.520833 0.460156 0.518056 0.460938 0.516667 0.464844 0.495833 0.467187 0.477778 0.467969 0.473611 0.468750 0.470833 0.469531 0.468056 0.471875 0.462500 0.475000 0.455556 0.475781 0.452778 0.475781 0.458333 0.475000 0.459722 0.474219 0.470833 0.474219 0.473611 0.475000 0.481944 0.473438 0.501389 0.474219 0.513889 0.479687 0.498611 0.480469 0.495833 0.481250 0.493056 0.481250 0.477778 0.482031 0.476389 0.482031 0.469444 0.482031 0.473611 0.482812 0.475000 0.483594 0.483333 0.485156 0.477778 0.485938 0.475000 0.489844 0.475000 0.489063 0.477778 0.486719 0.481944 0.485938 0.486111 0.482812 0.493056 0.484375 0.509722 0.487500 0.501389 0.492188 0.493056 0.496094 0.488889 0.499219 0.483333 0.500781 0.481944 0.500000 0.484722 0.495312 0.493056 0.491406 0.501389 0.488281 0.508333 0.487500 0.515278 0.487500 0.529167 0.486719 0.538889 0.485156 0.547222 0.485156 0.555556 0.482812 0.572222 0.482031 0.577778 0.480469 0.581944 0.478125 0.587500 0.476562 0.587500 0.476562 0.568056 0.477344 0.552778 0.478125 0.545833 0.481250 0.531944 0.482812 0.527778 0.481250 0.516667 0.480469 0.516667 0.482031 0.506944 0.481250 0.498611 0.477344 0.511111 0.476562 0.513889 0.480469 0.516667 0.481250 0.516667 0.475781 0.522222 0.474219 0.523611 0.473438 0.525000 0.472656 0.527778 0.468750 0.544444 0.465625 0.561111 0.464844 0.572222 0.464062 0.590278 0.464062 0.608333 0.463281 0.609722 0.463281 0.613889 0.461719 0.615278 0.460156 0.609722 0.460156 0.605556 0.460938 0.588889 0.461719 0.572222 0.462500 0.562500 0.463281 0.558333 0.467969 0.540278 0.469531 0.533333 0.470313 0.526389 0.471875 0.502778 0.473438 0.486111 0.474219 0.479167 0.475000 0.477778 0.474219 0.473611 0.473438 0.476389 0.472656 0.477778 0.471875 0.484722 0.468750 0.495833 0.466406 0.506944 0.464062 0.518056 0.463281 0.522222 0.462500 0.527778 0.460156 0.545833 0.459375 0.552778 0.458594 0.562500 0.455469 0.602778 0.455469 0.612500 0.454688 0.613889 0.454688 0.616667 0.453125 0.615278 0.452344 0.615278 0.451562 0.606944 0.452344 0.605556 0.452344 0.597222 0.455469 0.570833 0.456250 0.561111 0.456250 0.550000 0.455469 0.438889 0.457813 0.440278
25 0.390625 0.263889 0.388281 0.269444 0.385156 0.277778 0.379688 0.293056 0.376563 0.300000 0.375781 0.294444 0.376563 0.275000 0.377344 0.273611 0.377344 0.265278 0.376563 0.268056 0.376563 0.273611 0.375781 0.275000 0.375000 0.287500 0.373437 0.294444 0.372656 0.306944 0.371875 0.308333 0.371875 0.312500 0.371875 0.322222 0.366406 0.323611 0.357031 0.323611 0.356250 0.325000 0.347656 0.325000 0.348438 0.327778 0.350000 0.333333 0.353125 0.343056 0.359375 0.343056 0.360938 0.345833 0.361719 0.348611 0.360938 0.368056 0.359375 0.368056 0.358594 0.366667 0.357031 0.366667 0.356250 0.369444 0.356250 0.373611 0.357812 0.373611 0.363281 0.376389 0.364844 0.380556 0.364063 0.393056 0.363281 0.405556 0.358594 0.472222 0.355469 0.483333 0.354687 0.479167 0.353125 0.470833 0.352344 0.461111 0.351562 0.458333 0.350000 0.455556 0.349219 0.452778 0.348438 0.444444 0.346875 0.437500 0.346875 0.441667 0.347656 0.443056 0.347656 0.456944 0.349219 0.462500 0.351562 0.468056 0.352344 0.473611 0.353906 0.488889 0.354687 0.498611 0.353906 0.506944 0.351562 0.525000 0.350781 0.533333 0.350781 0.536111 0.352344 0.538889 0.355469 0.538889 0.356250 0.537500 0.358594 0.537500 0.358594 0.533333 0.359375 0.531944 0.359375 0.522222 0.360156 0.520833 0.360156 0.511111 0.363281 0.483333 0.367969 0.450000 0.368750 0.444444 0.369531 0.441667 0.377344 0.426389 0.381250 0.419444 0.383594 0.418056 0.389844 0.415278 0.398438 0.412500 0.401562 0.409722 0.407031 0.408333 0.408594 0.406944 0.409375 0.404167 0.410156 0.398611 0.407031 0.393056 0.405469 0.391667 0.389062 0.391667 0.387500 0.393056 0.385156 0.395833 0.382812 0.398611 0.375000 0.408333 0.367969 0.420833 0.367969 0.416667 0.368750 0.412500 0.370312 0.398611 0.371094 0.394444 0.371875 0.390278 0.372656 0.387500 0.375781 0.380556 0.376563 0.377778 0.379688 0.361111 0.380469 0.358333 0.390625 0.356944 0.395313 0.358333 0.403906 0.361111 0.412500 0.363889 0.416406 0.365278 0.417187 0.366667 0.418750 0.366667 0.417187 0.365278 0.415625 0.362500 0.413281 0.361111 0.407031 0.352778 0.405469 0.351389 0.398438 0.350000 0.390625 0.350000 0.378125 0.355556 0.374219 0.354167 0.376563 0.350000 0.376563 0.348611 0.378906 0.344444 0.382031 0.341667 0.388281 0.336111 0.406250 0.320833 0.407813 0.319444 0.398438 0.319444 0.389062 0.320833 0.385156 0.323611 0.380469 0.323611 0.380469 0.319444 0.381250 0.313889 0.382812 0.302778 0.385937 0.286111 0.389062 0.270833 0.390625 0.266667 0.390625 0.263889
21 0.457031 0.000000 0.457031 0.016667 0.456250 0.019444 0.453906 0.025000 0.453125 0.040278 0.452344 0.093056 0.451562 0.145833 0.452344 0.186111 0.453906 0.187500 0.453906 0.230556 0.454688 0.238889 0.456250 0.241667 0.457813 0.233333 0.463281 0.233333 0.464062 0.244444 0.465625 0.245833 0.467187 0.247222 0.471094 0.248611 0.471875 0.251389 0.472656 0.255556 0.473438 0.230556 0.480469 0.230556 0.487500 0.231944 0.489063 0.233333 0.489063 0.252778 0.500000 0.254167 0.500000 0.258333 0.503125 0.276389 0.503125 0.281944 0.504687 0.284722 0.528125 0.284722 0.528125 0.287500 0.528906 0.288889 0.529687 0.295833 0.530469 0.304167 0.530469 0.362500 0.543750 0.363889 0.543750 0.401389 0.542188 0.455556 0.542188 0.506944 0.535937 0.505556 0.536719 0.498611 0.535937 0.486111 0.535156 0.475000 0.534375 0.468056 0.528906 0.466667 0.525781 0.468056 0.525000 0.502778 0.531250 0.505556 0.535937 0.505556 0.542188 0.506944 0.552344 0.509722 0.567187 0.509722 0.567969 0.472222 0.574219 0.472222 0.575781 0.469444 0.577344 0.465278 0.578906 0.461111 0.582812 0.450000 0.585156 0.443056 0.585938 0.440278 0.585938 0.341667 0.587500 0.327778 0.588281 0.320833 0.600000 0.318056 0.615625 0.318056 0.617188 0.312500 0.617969 0.308333 0.617969 0.305556 0.621875 0.313889 0.623437 0.319444 0.625000 0.316667 0.627344 0.316667 0.628906 0.315278 0.629687 0.287500 0.633594 0.288889 0.642188 0.293056 0.644531 0.294444 0.647656 0.300000 0.650000 0.306944 0.653125 0.306944 0.654687 0.298611 0.660156 0.293056 0.661719 0.291667 0.664062 0.293056 0.666406 0.294444 0.667969 0.295833 0.667969 0.304167 0.682031 0.305556 0.683594 0.298611 0.683594 0.294444 0.685156 0.293056 0.686719 0.293056 0.688281 0.277778 0.689844 0.276389 0.691406 0.275000 0.696875 0.270833 0.709375 0.262500 0.714844 0.256944 0.720313 0.252778 0.721875 0.252778 0.723437 0.251389 0.724219 0.250000 0.724219 0.248611 0.727344 0.240278 0.731250 0.231944 0.731250 0.230556 0.753906 0.227778 0.796875 0.226389 0.796094 0.204167 0.800781 0.194444 0.810156 0.175000 0.814844 0.165278 0.821094 0.163889 0.821875 0.155556 0.822656 0.152778 0.828906 0.152778 0.829688 0.154167 0.835938 0.154167 0.836719 0.091667 0.835938 0.000000 0.980469 0.000000 0.991406 0.001389 0.992188 0.002778 0.999219 0.002778 0.999219 0.363889 0.997656 0.363889 0.978125 0.376389 0.960938 0.386111 0.956250 0.388889 0.918750 0.388889 0.896875 0.400000 0.885938 0.405556 0.883594 0.406944 0.881250 0.408333 0.875781 0.418056 0.874219 0.422222 0.874219 0.427778 0.873437 0.433333 0.870313 0.436111 0.850000 0.447222 0.847656 0.450000 0.820312 0.465278 0.815625 0.468056 0.813281 0.469444 0.811719 0.476389 0.810937 0.493056 0.810156 0.513889 0.808594 0.577778 0.806250 0.620833 0.806250 0.641667 0.805469 0.643056 0.805469 0.648611 0.803906 0.648611 0.800781 0.645833 0.792969 0.643056 0.787500 0.638889 0.782031 0.636111 0.778906 0.634722 0.774219 0.634722 0.774219 0.618056 0.773438 0.601389 0.771875 0.594444 0.770312 0.593056 0.767969 0.591667 0.766406 0.588889 0.761719 0.584722 0.758594 0.581944 0.753125 0.580556 0.746875 0.579167 0.748437 0.518056 0.750781 0.511111 0.750781 0.480556 0.751563 0.451389 0.753125 0.436111 0.753125 0.419444 0.751563 0.418056 0.751563 0.401389 0.752344 0.327778 0.748437 0.326389 0.747656 0.419444 0.741406 0.419444 0.739844 0.422222 0.739844 0.451389 0.747656 0.452778 0.748437 0.518056 0.746875 0.579167 0.738281 0.577778 0.732031 0.577778 0.723437 0.579167 0.721094 0.580556 0.719531 0.581944 0.715625 0.587500 0.714844 0.587500 0.714063 0.588889 0.709375 0.601389 0.709375 0.618056 0.707031 0.623611 0.693750 0.625000 0.693750 0.466667 0.689844 0.465278 0.689844 0.625000 0.688281 0.625000 0.687500 0.623611 0.685156 0.623611 0.682031 0.620833 0.676562 0.619444 0.667969 0.613889 0.665625 0.613889 0.662500 0.612500 0.661719 0.590278 0.659375 0.586111 0.656250 0.583333 0.655469 0.580556 0.655469 0.573611 0.654687 0.566667 0.653906 0.562500 0.643750 0.506944 0.645312 0.504167 0.645312 0.472222 0.635938 0.472222 0.634375 0.473611 0.632812 0.476389 0.632031 0.486111 0.632031 0.505556 0.643750 0.506944 0.653906 0.562500 0.619531 0.561111 0.617188 0.565278 0.615625 0.570833 0.614062 0.575000 0.602344 0.573611 0.600000 0.573611 0.596875 0.579167 0.592969 0.590278 0.591406 0.594444 0.582812 0.593056 0.582031 0.590278 0.578906 0.570833 0.576562 0.559722 0.575000 0.552778 0.574219 0.548611 0.572656 0.545833 0.571094 0.544444 0.565625 0.541667 0.562500 0.540278 0.539844 0.540278 0.528125 0.544444 0.523438 0.544444 0.521875 0.547222 0.521094 0.551389 0.519531 0.556944 0.514844 0.577778 0.513281 0.584722 0.513281 0.594444 0.512500 0.595833 0.512500 0.601389 0.510938 0.601389 0.510156 0.602778 0.506250 0.604167 0.498437 0.606944 0.493750 0.588889 0.496875 0.581944 0.497656 0.570833 0.497656 0.559722 0.502344 0.526389 0.503906 0.516667 0.507812 0.498611 0.509375 0.488889 0.510938 0.480556 0.510938 0.476389 0.510938 0.472222 0.505469 0.481944 0.503125 0.487500 0.500781 0.484722 0.496094 0.487500 0.492188 0.491667 0.486719 0.501389 0.484375 0.508333 0.483594 0.493056 0.486719 0.486111 0.487500 0.481944 0.489844 0.477778 0.490625 0.475000 0.485156 0.475000 0.484375 0.479167 0.483594 0.481944 0.483594 0.475000 0.482031 0.468056 0.480469 0.477778 0.480469 0.493056 0.479687 0.495833 0.478906 0.498611 0.476562 0.505556 0.475000 0.508333 0.474219 0.512500 0.474219 0.501389 0.475000 0.500000 0.475781 0.481944 0.475000 0.473611 0.475000 0.473611 0.475781 0.469444 0.476562 0.458333 0.475781 0.451389 0.474219 0.454167 0.468750 0.468056 0.467969 0.470833 0.467187 0.473611 0.466406 0.477778 0.464062 0.495833 0.460938 0.512500 0.460156 0.513889 0.459375 0.519444 0.457813 0.515278 0.457813 0.497222 0.459375 0.458333 0.459375 0.441667 0.457813 0.438889 0.455469 0.437500 0.455469 0.550000 0.455469 0.561111 0.454688 0.570833 0.451562 0.597222 0.451562 0.605556 0.450781 0.606944 0.450781 0.613889 0.452344 0.616667 0.453906 0.618056 0.456250 0.612500 0.457031 0.601389 0.459375 0.562500 0.460156 0.552778 0.460938 0.545833 0.463281 0.527778 0.464062 0.522222 0.464844 0.518056 0.472656 0.484722 0.475000 0.473611 0.475000 0.473611 0.473438 0.479167 0.472656 0.486111 0.471094 0.509722 0.469531 0.526389 0.468750 0.533333 0.462500 0.558333 0.461719 0.562500 0.460938 0.572222 0.460156 0.588889 0.459375 0.605556 0.459375 0.609722 0.460156 0.613889 0.461719 0.616667 0.463281 0.615278 0.464844 0.608333 0.465625 0.588889 0.465625 0.572222 0.466406 0.561111 0.469531 0.544444 0.471875 0.537500 0.473438 0.530556 0.473438 0.527778 0.474219 0.525000 0.478125 0.522222 0.481250 0.518056 0.482031 0.526389 0.480469 0.531944 0.478906 0.538889 0.477344 0.545833 0.476562 0.552778 0.475781 0.568056 0.475781 0.587500 0.478906 0.587500 0.481250 0.581944 0.482812 0.577778 0.483594 0.572222 0.485938 0.555556 0.485938 0.547222 0.487500 0.538889 0.488281 0.529167 0.488281 0.515278 0.489063 0.508333 0.492188 0.501389 0.496094 0.493056 0.500781 0.484722 0.503125 0.487500 0.502344 0.491667 0.501563 0.498611 0.499219 0.527778 0.497656 0.541667 0.496875 0.548611 0.496094 0.551389 0.492969 0.556944 0.492188 0.568056 0.491406 0.581944 0.491406 0.587500 0.493750 0.588889 0.498437 0.606944 0.489844 0.609722 0.484375 0.611111 0.478906 0.612500 0.467187 0.615278 0.456250 0.618056 0.445312 0.618056 0.445312 0.511111 0.446875 0.445833 0.446875 0.431944 0.443750 0.430556 0.442188 0.480556 0.442188 0.575000 0.441406 0.576389 0.441406 0.618056 0.435937 0.618056 0.428906 0.615278 0.421875 0.611111 0.419531 0.611111 0.418750 0.597222 0.418750 0.587500 0.421094 0.583333 0.421875 0.583333 0.423438 0.580556 0.422656 0.568056 0.421094 0.563889 0.419531 0.561111 0.412500 0.561111 0.410938 0.555556 0.409375 0.548611 0.408594 0.544444 0.407031 0.543056 0.403906 0.541667 0.393750 0.537500 0.382812 0.536111 0.363281 0.537500 0.359375 0.537500 0.359375 0.533333 0.360156 0.522222 0.360938 0.520833 0.360938 0.511111 0.364063 0.483333 0.367188 0.461111 0.368750 0.450000 0.369531 0.444444 0.370312 0.441667 0.378125 0.426389 0.381250 0.420833 0.383594 0.419444 0.398438 0.413889 0.403906 0.411111 0.407031 0.409722 0.408594 0.408333 0.409375 0.406944 0.410156 0.404167 0.410938 0.398611 0.407031 0.391667 0.405469 0.390278 0.389062 0.390278 0.387500 0.391667 0.385156 0.394444 0.382812 0.397222 0.375000 0.406944 0.367969 0.419444 0.368750 0.416667 0.369531 0.412500 0.371094 0.398611 0.371875 0.394444 0.372656 0.390278 0.373437 0.387500 0.376563 0.380556 0.377344 0.377778 0.378906 0.370833 0.380469 0.363889 0.380469 0.361111 0.381250 0.358333 0.390625 0.358333 0.395313 0.359722 0.403906 0.362500 0.412500 0.365278 0.416406 0.366667 0.417187 0.368056 0.419531 0.366667 0.417969 0.363889 0.415625 0.361111 0.407031 0.351389 0.405469 0.350000 0.398438 0.348611 0.390625 0.348611 0.378125 0.354167 0.374219 0.355556 0.377344 0.350000 0.377344 0.348611 0.378906 0.345833 0.403125 0.325000 0.406250 0.322222 0.408594 0.319444 0.398438 0.318056 0.389062 0.319444 0.385156 0.322222 0.381250 0.323611 0.381250 0.319444 0.383594 0.302778 0.386719 0.286111 0.389844 0.270833 0.391406 0.266667 0.390625 0.262500 0.387500 0.269444 0.382031 0.284722 0.378906 0.293056 0.376563 0.298611 0.376563 0.294444 0.377344 0.293056 0.378125 0.273611 0.377344 0.263889 0.376563 0.266667 0.375781 0.268056 0.372656 0.294444 0.371875 0.306944 0.371094 0.308333 0.371094 0.312500 0.371875 0.320833 0.367188 0.320833 0.366406 0.322222 0.357031 0.322222 0.346875 0.325000 0.349219 0.333333 0.350781 0.336111 0.351562 0.340278 0.352344 0.343056 0.360156 0.345833 0.360938 0.348611 0.360938 0.366667 0.359375 0.366667 0.358594 0.365278 0.356250 0.366667 0.355469 0.369444 0.355469 0.373611 0.358594 0.376389 0.360938 0.377778 0.363281 0.377778 0.363281 0.393056 0.362500 0.405556 0.359375 0.450000 0.357812 0.472222 0.357031 0.483333 0.356250 0.480556 0.353906 0.470833 0.353125 0.461111 0.352344 0.458333 0.350781 0.455556 0.350000 0.452778 0.349219 0.444444 0.348438 0.440278 0.347656 0.438889 0.346875 0.436111 0.346094 0.441667 0.346875 0.456944 0.348438 0.462500 0.350781 0.468056 0.351562 0.473611 0.353125 0.488889 0.353906 0.497222 0.353125 0.506944 0.350781 0.525000 0.350000 0.533333 0.350000 0.536111 0.351562 0.538889 0.346875 0.530556 0.345313 0.529167 0.340625 0.527778 0.335156 0.526389 0.320312 0.526389 0.308594 0.529167 0.275000 0.529167 0.267188 0.533333 0.264844 0.534722 0.263281 0.536111 0.260937 0.540278 0.259375 0.544444 0.258594 0.548611 0.257031 0.552778 0.255469 0.555556 0.250000 0.555556 0.249219 0.554167 0.246875 0.554167 0.246875 0.519444 0.245312 0.512500 0.243750 0.511111 0.237500 0.505556 0.232813 0.501389 0.230469 0.500000 0.223438 0.497222 0.208594 0.491667 0.201563 0.488889 0.196094 0.487500 0.187500 0.486111 0.178906 0.484722 0.078906 0.486111 0.076563 0.491667 0.069531 0.508333 0.065625 0.518056 0.064062 0.522222 0.063281 0.527778 0.063281 0.533333 0.062500 0.540278 0.060156 0.547222 0.058594 0.551389 0.057031 0.551389 0.056250 0.548611 0.056250 0.545833 0.054688 0.541667 0.052344 0.526389 0.050000 0.515278 0.049219 0.512500 0.048438 0.511111 0.046875 0.509722 0.029687 0.491667 0.024219 0.486111 0.022656 0.484722 0.016406 0.481944 0.011719 0.479167 0.010156 0.477778 0.006250 0.473611 0.001563 0.469444 0.000000 0.468056 0.000000 0.000000 0.457031 0.000000
21 0.481250 0.500000 0.480469 0.502778 0.479687 0.506944 0.477344 0.515278 0.480469 0.515278 0.480469 0.508333 0.481250 0.506944 0.481250 0.500000
4 0.997656 0.365278 0.995313 0.366667 0.990625 0.369444 0.978125 0.377778 0.956250 0.390278 0.918750 0.390278 0.913281 0.393056 0.885938 0.406944 0.883594 0.408333 0.881250 0.409722 0.876563 0.418056 0.875000 0.422222 0.875000 0.427778 0.874219 0.433333 0.872656 0.436111 0.870313 0.437500 0.864062 0.440278 0.847656 0.451389 0.814844 0.470833 0.813281 0.470833 0.813281 0.475000 0.812500 0.476389 0.811719 0.493056 0.810937 0.513889 0.809375 0.556944 0.807031 0.620833 0.806250 0.643056 0.806250 0.651389 0.807813 0.656944 0.807813 0.672222 0.808594 0.680556 0.809375 0.683333 0.812500 0.688889 0.812500 0.694444 0.814063 0.695833 0.816406 0.697222 0.829688 0.698611 0.832031 0.700000 0.833594 0.704167 0.835156 0.705556 0.841406 0.706944 0.845313 0.706944 0.849219 0.700000 0.850000 0.697222 0.851562 0.690278 0.857031 0.691667 0.863281 0.693056 0.879687 0.697222 0.896094 0.701389 0.941406 0.712500 0.946875 0.713889 0.950000 0.716667 0.950781 0.720833 0.950781 0.738889 0.953125 0.747222 0.954688 0.751389 0.957031 0.752778 0.959375 0.755556 0.961719 0.756944 0.964063 0.758333 0.967187 0.759722 0.983594 0.766667 0.986719 0.766667 0.996875 0.772222 0.999219 0.772222 0.999219 0.365278 0.997656 0.365278
24 0.689844 0.466667 0.690625 0.625000 0.692969 0.625000 0.692969 0.466667 0.689844 0.466667
24 0.748437 0.452778 0.748437 0.516667 0.749219 0.513889 0.750000 0.511111 0.750781 0.479167 0.750781 0.451389 0.748437 0.452778
24 0.443750 0.431944 0.443750 0.479167 0.442969 0.480556 0.442188 0.576389 0.442188 0.619444 0.444531 0.619444 0.444531 0.511111 0.446094 0.445833 0.446094 0.431944 0.443750 0.431944
24 0.748437 0.327778 0.748437 0.418056 0.750781 0.418056 0.750781 0.401389 0.751563 0.400000 0.751563 0.327778 0.748437 0.327778
