19 0.010937 0.495833 0.010156 0.501389 0.006250 0.501389 0.000000 0.500000 0.000000 0.834722 0.009375 0.834722 0.010156 0.836111 0.030469 0.836111 0.031250 0.837500 0.072656 0.838889 0.135156 0.843056 0.156250 0.844444 0.175000 0.845833 0.193750 0.847222 0.249219 0.851389 0.267969 0.852778 0.281250 0.854167 0.298438 0.856944 0.332813 0.862500 0.427344 0.877778 0.435937 0.879167 0.442969 0.880556 0.447656 0.881944 0.473438 0.890278 0.580469 0.925000 0.592187 0.929167 0.646094 0.950000 0.650000 0.951389 0.653906 0.952778 0.655469 0.952778 0.656250 0.951389 0.662500 0.950000 0.663281 0.948611 0.673438 0.944444 0.681250 0.941667 0.687500 0.941667 0.713281 0.943056 0.728125 0.944444 0.737500 0.947222 0.765625 0.955556 0.769531 0.956944 0.772656 0.958333 0.783594 0.963889 0.810937 0.977778 0.812500 0.979167 0.814063 0.980556 0.822656 0.991667 0.826562 0.995833 0.828906 0.998611 0.977344 0.998611 0.978125 0.997222 0.999219 0.997222 0.999219 0.786111 0.997656 0.784722 0.995313 0.783333 0.989062 0.780556 0.976562 0.775000 0.951562 0.763889 0.896094 0.738889 0.793750 0.693056 0.771875 0.683333 0.757031 0.677778 0.731250 0.668056 0.539844 0.595833 0.528906 0.593056 0.525000 0.590278 0.525000 0.583333 0.526563 0.576389 0.532813 0.575000 0.556250 0.575000 0.554688 0.572222 0.546875 0.570833 0.532813 0.569444 0.517969 0.568056 0.507031 0.569444 0.498437 0.570833 0.495312 0.566667 0.492969 0.570833 0.484375 0.570833 0.481250 0.569444 0.478906 0.563889 0.474219 0.561111 0.462500 0.559722 0.450781 0.558333 0.442188 0.558333 0.440625 0.561111 0.438281 0.562500 0.431250 0.562500 0.428906 0.561111 0.425000 0.558333 0.422656 0.559722 0.417187 0.559722 0.414062 0.558333 0.412500 0.556944 0.409375 0.552778 0.401562 0.552778 0.399219 0.555556 0.392969 0.555556 0.381250 0.554167 0.378125 0.552778 0.376563 0.548611 0.374219 0.547222 0.371094 0.551389 0.362500 0.551389 0.358594 0.547222 0.356250 0.547222 0.353906 0.550000 0.344531 0.550000 0.341406 0.548611 0.338281 0.543056 0.333594 0.541667 0.322656 0.540278 0.289844 0.536111 0.277344 0.537500 0.274219 0.537500 0.267188 0.536111 0.265625 0.533333 0.257031 0.531944 0.253906 0.537500 0.248438 0.537500 0.247656 0.536111 0.240625 0.534722 0.239844 0.530556 0.235937 0.530556 0.235156 0.529167 0.225000 0.529167 0.224219 0.527778 0.214844 0.527778 0.210938 0.530556 0.207813 0.530556 0.203906 0.529167 0.200781 0.527778 0.200000 0.525000 0.192969 0.525000 0.192188 0.523611 0.185156 0.523611 0.183594 0.526389 0.178125 0.527778 0.172656 0.527778 0.168750 0.520833 0.159375 0.519444 0.149219 0.518056 0.138281 0.516667 0.128125 0.516667 0.126562 0.519444 0.123438 0.519444 0.121875 0.518056 0.119531 0.513889 0.114062 0.513889 0.113281 0.515278 0.107813 0.515278 0.103906 0.513889 0.101562 0.511111 0.092188 0.509722 0.083594 0.509722 0.082812 0.512500 0.075781 0.512500 0.072656 0.511111 0.070312 0.509722 0.068750 0.506944 0.067187 0.505556 0.060156 0.504167 0.052344 0.502778 0.040625 0.501389 0.035937 0.501389 0.033594 0.505556 0.027344 0.505556 0.024219 0.502778 0.024219 0.501389 0.020313 0.500000 0.018750 0.497222 0.010937 0.495833
27 0.466406 0.154167 0.462500 0.161111 0.462500 0.163889 0.461719 0.166667 0.460938 0.168056 0.460156 0.168056 0.458594 0.170833 0.459375 0.175000 0.464062 0.176389 0.467187 0.175000 0.469531 0.173611 0.471875 0.170833 0.474219 0.170833 0.472656 0.166667 0.469531 0.165278 0.470313 0.161111 0.469531 0.156944 0.467969 0.154167 0.466406 0.154167
27 0.447656 0.138889 0.447656 0.145833 0.449219 0.145833 0.450781 0.143056 0.450781 0.140278 0.449219 0.137500 0.447656 0.138889
27 0.450781 0.000000 0.450781 0.008333 0.450000 0.009722 0.449219 0.054167 0.449219 0.073611 0.450781 0.076389 0.456250 0.080556 0.457813 0.083333 0.460938 0.094444 0.457813 0.095833 0.450781 0.091667 0.449219 0.090278 0.449219 0.095833 0.448437 0.097222 0.450781 0.118056 0.454688 0.115278 0.457031 0.116667 0.462500 0.122222 0.466406 0.122222 0.467969 0.125000 0.469531 0.125000 0.471094 0.122222 0.473438 0.122222 0.475000 0.125000 0.475781 0.129167 0.475000 0.131944 0.471094 0.144444 0.475000 0.150000 0.476562 0.151389 0.476562 0.136111 0.478125 0.119444 0.478125 0.098611 0.478906 0.097222 0.478906 0.083333 0.478906 0.090278 0.478125 0.091667 0.478125 0.098611 0.476562 0.105556 0.471094 0.104167 0.464844 0.102778 0.460938 0.100000 0.460938 0.033333 0.461719 0.030556 0.467969 0.029167 0.477344 0.031944 0.481250 0.030556 0.482031 0.009722 0.482031 0.000000 0.450781 0.000000
27 0.000000 0.000000 0.000000 0.129167 0.001563 0.130556 0.007812 0.136111 0.013281 0.140278 0.017188 0.141667 0.021875 0.141667 0.025000 0.140278 0.028906 0.141667 0.030469 0.140278 0.031250 0.133333 0.034375 0.133333 0.035937 0.136111 0.036719 0.140278 0.039062 0.143056 0.040625 0.144444 0.042188 0.145833 0.051562 0.145833 0.052344 0.147222 0.056250 0.148611 0.055469 0.145833 0.053125 0.144444 0.050000 0.138889 0.055469 0.137500 0.057031 0.134722 0.057031 0.133333 0.059375 0.129167 0.060937 0.129167 0.061719 0.130556 0.063281 0.130556 0.063281 0.112500 0.064844 0.093056 0.065625 0.055556 0.067187 0.036111 0.067187 0.018056 0.067969 0.016667 0.067969 0.000000 0.000000 0.000000
28 0.742969 0.508333 0.742188 0.511111 0.742188 0.523611 0.739844 0.527778 0.739062 0.531944 0.739844 0.540278 0.739844 0.543056 0.738281 0.548611 0.737500 0.548611 0.736719 0.550000 0.735938 0.552778 0.735156 0.558333 0.736719 0.565278 0.736719 0.572222 0.737500 0.573611 0.737500 0.576389 0.750000 0.576389 0.750000 0.563889 0.750781 0.561111 0.751563 0.558333 0.754687 0.554167 0.756250 0.544444 0.755469 0.531944 0.752344 0.530556 0.750000 0.525000 0.749219 0.506944 0.742969 0.508333
21 0.401562 0.455556 0.397656 0.459722 0.394531 0.461111 0.392188 0.462500 0.392188 0.470833 0.390625 0.481944 0.390625 0.484722 0.405469 0.484722 0.410938 0.486111 0.414844 0.487500 0.415625 0.488889 0.417187 0.488889 0.414844 0.487500 0.412500 0.483333 0.410938 0.476389 0.409375 0.466667 0.409375 0.476389 0.407813 0.486111 0.406250 0.486111 0.405469 0.484722 0.402344 0.483333 0.402344 0.470833 0.403125 0.455556 0.401562 0.455556
21 0.753906 0.450000 0.753906 0.458333 0.751563 0.476389 0.751563 0.497222 0.750000 0.506944 0.750781 0.525000 0.753125 0.530556 0.756250 0.531944 0.757031 0.544444 0.756250 0.552778 0.754687 0.555556 0.753906 0.555556 0.752344 0.558333 0.751563 0.561111 0.750781 0.563889 0.750000 0.577778 0.743750 0.577778 0.746875 0.577778 0.747656 0.579167 0.755469 0.581944 0.760156 0.583333 0.761719 0.583333 0.761719 0.565278 0.762500 0.563889 0.763281 0.540278 0.764844 0.491667 0.765625 0.468056 0.764844 0.448611 0.753906 0.450000
21 0.303125 0.430556 0.303125 0.434722 0.302344 0.440278 0.301563 0.443056 0.298438 0.448611 0.300000 0.450000 0.302344 0.450000 0.304688 0.451389 0.308594 0.458333 0.309375 0.462500 0.310156 0.468056 0.310937 0.479167 0.313281 0.487500 0.313281 0.490278 0.312500 0.494444 0.310937 0.498611 0.310937 0.508333 0.314844 0.508333 0.315625 0.509722 0.325000 0.511111 0.325781 0.506944 0.326562 0.505556 0.327344 0.505556 0.328125 0.504167 0.328906 0.501389 0.328906 0.498611 0.330469 0.495833 0.330469 0.459722 0.328906 0.447222 0.326562 0.448611 0.325781 0.454167 0.323437 0.455556 0.321875 0.455556 0.320312 0.454167 0.314844 0.448611 0.310937 0.443056 0.307031 0.437500 0.303125 0.430556
21 0.290625 0.429167 0.289062 0.431944 0.288281 0.438889 0.289062 0.445833 0.294531 0.445833 0.295312 0.438889 0.295312 0.436111 0.294531 0.433333 0.292187 0.429167 0.290625 0.429167
21 0.349219 0.422222 0.348438 0.423611 0.343750 0.423611 0.343750 0.437500 0.344531 0.497222 0.346094 0.502778 0.352344 0.502778 0.357812 0.501389 0.360938 0.500000 0.370312 0.494444 0.380469 0.484722 0.385156 0.484722 0.385156 0.481944 0.385937 0.480556 0.386719 0.469444 0.386719 0.459722 0.383594 0.459722 0.382812 0.458333 0.378125 0.456944 0.373437 0.455556 0.372656 0.458333 0.371875 0.461111 0.371094 0.468056 0.369531 0.475000 0.368750 0.476389 0.367969 0.479167 0.360938 0.466667 0.360156 0.458333 0.360156 0.443056 0.361719 0.433333 0.361719 0.426389 0.360156 0.425000 0.358594 0.425000 0.356250 0.422222 0.349219 0.422222
21 0.137500 0.418056 0.135937 0.420833 0.134375 0.425000 0.132812 0.429167 0.126562 0.447222 0.125781 0.450000 0.124219 0.459722 0.124219 0.479167 0.125781 0.479167 0.126562 0.480556 0.130469 0.481944 0.134375 0.481944 0.135156 0.483333 0.138281 0.483333 0.138281 0.473611 0.139063 0.472222 0.139844 0.441667 0.139844 0.418056 0.137500 0.418056
21 0.274219 0.413889 0.271094 0.415278 0.267969 0.415278 0.265625 0.416667 0.251563 0.427778 0.249219 0.429167 0.246875 0.429167 0.244531 0.431944 0.232813 0.437500 0.232031 0.438889 0.230469 0.438889 0.246875 0.438889 0.262500 0.441667 0.276562 0.443056 0.276562 0.437500 0.275000 0.430556 0.273438 0.416667 0.275781 0.412500 0.274219 0.413889
21 0.107031 0.406944 0.103906 0.408333 0.094531 0.413889 0.091406 0.415278 0.084375 0.415278 0.074219 0.413889 0.074219 0.425000 0.072656 0.434722 0.064844 0.434722 0.060937 0.431944 0.060937 0.429167 0.059375 0.422222 0.057813 0.423611 0.057031 0.423611 0.055469 0.429167 0.054688 0.438889 0.054688 0.448611 0.053906 0.451389 0.056250 0.450000 0.058594 0.447222 0.084375 0.447222 0.091406 0.448611 0.095312 0.450000 0.099219 0.451389 0.101562 0.452778 0.107031 0.456944 0.116406 0.465278 0.119531 0.470833 0.119531 0.445833 0.118750 0.436111 0.117969 0.433333 0.117188 0.430556 0.114844 0.425000 0.110156 0.415278 0.110156 0.413889 0.107031 0.406944
21 0.000000 0.130556 0.000000 0.169444 0.005469 0.169444 0.006250 0.168056 0.011719 0.168056 0.008594 0.166667 0.007031 0.165278 0.006250 0.154167 0.007812 0.148611 0.012500 0.148611 0.016406 0.144444 0.014063 0.141667 0.009375 0.137500 0.007812 0.137500 0.000000 0.130556
21 0.442188 0.086111 0.436719 0.095833 0.431250 0.104167 0.429688 0.105556 0.428125 0.106944 0.426563 0.106944 0.432812 0.106944 0.439063 0.108333 0.447656 0.115278 0.448437 0.095833 0.448437 0.088889 0.446875 0.088889 0.443750 0.086111 0.442188 0.086111
21 0.878125 0.000000 0.878125 0.005556 0.877344 0.006944 0.877344 0.037500 0.875781 0.100000 0.872656 0.194444 0.871875 0.226389 0.871875 0.254167 0.878125 0.254167 0.887500 0.251389 0.889062 0.251389 0.891406 0.252778 0.903125 0.261111 0.904687 0.262500 0.906250 0.263889 0.907031 0.279167 0.905469 0.306944 0.904687 0.320833 0.903125 0.329167 0.900000 0.330556 0.896094 0.330556 0.895312 0.331944 0.892188 0.331944 0.892188 0.334722 0.891406 0.336111 0.890625 0.344444 0.875000 0.344444 0.874219 0.345833 0.866406 0.345833 0.866406 0.379167 0.864844 0.415278 0.863281 0.520833 0.861719 0.556944 0.852344 0.556944 0.852344 0.587500 0.856250 0.586111 0.864844 0.583333 0.896875 0.572222 0.905469 0.568056 0.908594 0.568056 0.910156 0.565278 0.910156 0.562500 0.910937 0.559722 0.907813 0.556944 0.908594 0.551389 0.909375 0.544444 0.910156 0.538889 0.911719 0.531944 0.922656 0.530556 0.932813 0.530556 0.940625 0.533333 0.977344 0.547222 0.982031 0.548611 0.982812 0.545833 0.983594 0.541667 0.986719 0.525000 0.987500 0.515278 0.988281 0.506944 0.988281 0.502778 0.986719 0.500000 0.982031 0.494444 0.979688 0.490278 0.983594 0.486111 0.987500 0.483333 0.989062 0.483333 0.988281 0.480556 0.985938 0.473611 0.986719 0.469444 0.988281 0.461111 0.989062 0.458333 0.991406 0.452778 0.992188 0.450000 0.992188 0.429167 0.994531 0.419444 0.995313 0.411111 0.996094 0.408333 0.995313 0.401389 0.994531 0.400000 0.994531 0.397222 0.988281 0.398611 0.983594 0.398611 0.982031 0.395833 0.982031 0.394444 0.980469 0.391667 0.974219 0.391667 0.973437 0.394444 0.972656 0.398611 0.971094 0.401389 0.969531 0.402778 0.967187 0.404167 0.965625 0.402778 0.960156 0.395833 0.958594 0.393056 0.954688 0.397222 0.952344 0.400000 0.946875 0.408333 0.944531 0.409722 0.942187 0.406944 0.940625 0.406944 0.930469 0.397222 0.939844 0.380556 0.942187 0.379167 0.945312 0.377778 0.951562 0.377778 0.957031 0.380556 0.962500 0.380556 0.967187 0.370833 0.969531 0.363889 0.957031 0.363889 0.954688 0.362500 0.950781 0.359722 0.949219 0.358333 0.947656 0.356944 0.946875 0.355556 0.946875 0.354167 0.945312 0.351389 0.943750 0.345833 0.943750 0.343056 0.946094 0.337500 0.949219 0.331944 0.950000 0.329167 0.944531 0.320833 0.944531 0.319444 0.941406 0.313889 0.946875 0.306944 0.948438 0.301389 0.948438 0.298611 0.949219 0.294444 0.951562 0.287500 0.953125 0.283333 0.957031 0.280556 0.964063 0.284722 0.968750 0.286111 0.977344 0.286111 0.982812 0.280556 0.985156 0.279167 0.985938 0.273611 0.986719 0.258333 0.987500 0.254167 0.989062 0.251389 0.994531 0.245833 0.996875 0.244444 0.998437 0.243056 0.999219 0.240278 0.996875 0.236111 0.989062 0.223611 0.989062 0.218056 0.989844 0.216667 0.989844 0.209722 0.990625 0.201389 0.992969 0.197222 0.996094 0.195833 0.999219 0.194444 0.999219 0.001389 0.997656 0.001389 0.996875 0.000000 0.878125 0.000000
21 0.864062 0.000000 0.864062 0.025000 0.863281 0.026389 0.863281 0.052778 0.860938 0.106944 0.859375 0.187500 0.857812 0.241667 0.857031 0.268056 0.856250 0.283333 0.853125 0.329167 0.849219 0.375000 0.847656 0.397222 0.846875 0.415278 0.846094 0.438889 0.844531 0.484722 0.842969 0.554167 0.841406 0.579167 0.839844 0.580556 0.835938 0.583333 0.832812 0.590278 0.784375 0.591667 0.775781 0.587500 0.771875 0.587500 0.767969 0.586111 0.767188 0.584722 0.765625 0.584722 0.765625 0.580556 0.766406 0.577778 0.769531 0.577778 0.770312 0.579167 0.774219 0.579167 0.782813 0.583333 0.787500 0.584722 0.791406 0.586111 0.792969 0.586111 0.794531 0.575000 0.796094 0.551389 0.800000 0.488889 0.801562 0.465278 0.801562 0.452778 0.800000 0.445833 0.800000 0.440278 0.792188 0.441667 0.792188 0.433333 0.794531 0.426389 0.796094 0.419444 0.796094 0.416667 0.790625 0.406944 0.790625 0.379167 0.780469 0.379167 0.773438 0.379167 0.773438 0.366667 0.770312 0.365278 0.772656 0.347222 0.781250 0.350000 0.789844 0.351389 0.794531 0.354167 0.798438 0.354167 0.799219 0.333333 0.795312 0.325000 0.794531 0.323611 0.792969 0.322222 0.789844 0.322222 0.786719 0.326389 0.780469 0.334722 0.777344 0.338889 0.775781 0.340278 0.768750 0.338889 0.766406 0.337500 0.767969 0.334722 0.768750 0.334722 0.771875 0.330556 0.775781 0.323611 0.776563 0.319444 0.777344 0.309722 0.778125 0.301389 0.775781 0.291667 0.775000 0.288889 0.771094 0.286111 0.766406 0.286111 0.762500 0.288889 0.760938 0.290278 0.759375 0.291667 0.753125 0.298611 0.749219 0.302778 0.735156 0.272222 0.735938 0.216667 0.734375 0.213889 0.730469 0.212500 0.728906 0.211111 0.727344 0.209722 0.727344 0.205556 0.718750 0.204167 0.717187 0.215278 0.716406 0.255556 0.716406 0.273611 0.718750 0.275000 0.720313 0.277778 0.710156 0.277778 0.709375 0.276389 0.702344 0.276389 0.705469 0.276389 0.707031 0.270833 0.707812 0.261111 0.707812 0.209722 0.708594 0.177778 0.710156 0.170833 0.710156 0.133333 0.708594 0.130556 0.706250 0.129167 0.703906 0.129167 0.702344 0.137500 0.701562 0.148611 0.701562 0.183333 0.700781 0.205556 0.700000 0.226389 0.699219 0.243056 0.698438 0.259722 0.697656 0.261111 0.697656 0.275000 0.685937 0.273611 0.682813 0.273611 0.681250 0.283333 0.680469 0.294444 0.680469 0.305556 0.717187 0.308333 0.722656 0.308333 0.723437 0.280556 0.720313 0.277778 0.718750 0.275000 0.719531 0.273611 0.725781 0.270833 0.730469 0.270833 0.731250 0.272222 0.735156 0.272222 0.749219 0.302778 0.746875 0.306944 0.746875 0.308333 0.744531 0.312500 0.742969 0.313889 0.740625 0.313889 0.738281 0.316667 0.735938 0.318056 0.727344 0.316667 0.722656 0.319444 0.721094 0.322222 0.717969 0.329167 0.717969 0.334722 0.718750 0.337500 0.722656 0.338889 0.728906 0.337500 0.736719 0.334722 0.743750 0.334722 0.760156 0.343056 0.764062 0.344444 0.772656 0.347222 0.770312 0.365278 0.768750 0.368056 0.767969 0.372222 0.767969 0.380556 0.757031 0.380556 0.745313 0.381944 0.733594 0.383333 0.727344 0.384722 0.726562 0.408333 0.714844 0.408333 0.714063 0.406944 0.706250 0.406944 0.706250 0.400000 0.707031 0.386111 0.693750 0.386111 0.692187 0.400000 0.691406 0.413889 0.690625 0.427778 0.688281 0.470833 0.686719 0.500000 0.685937 0.513889 0.685937 0.520833 0.687500 0.523611 0.692969 0.523611 0.693750 0.525000 0.699219 0.523611 0.700000 0.520833 0.700000 0.508333 0.701562 0.480556 0.703125 0.466667 0.703125 0.454167 0.703125 0.486111 0.710156 0.498611 0.714063 0.502778 0.715625 0.504167 0.717187 0.505556 0.722656 0.509722 0.724219 0.509722 0.725781 0.511111 0.727344 0.512500 0.727344 0.547222 0.728906 0.550000 0.732812 0.552778 0.734375 0.552778 0.736719 0.548611 0.736719 0.547222 0.739062 0.541667 0.738281 0.544444 0.738281 0.547222 0.735938 0.550000 0.735156 0.552778 0.734375 0.558333 0.735938 0.565278 0.736719 0.575000 0.735156 0.575000 0.734375 0.573611 0.731250 0.573611 0.730469 0.572222 0.722656 0.569444 0.715625 0.568056 0.704688 0.566667 0.641406 0.558333 0.620313 0.556944 0.609375 0.554167 0.599219 0.554167 0.597656 0.552778 0.597656 0.530556 0.594531 0.529167 0.600781 0.506944 0.602344 0.501389 0.602344 0.494444 0.600781 0.483333 0.600000 0.477778 0.596875 0.470833 0.592969 0.462500 0.611719 0.380556 0.617188 0.381944 0.617969 0.365278 0.614844 0.363889 0.614062 0.362500 0.612500 0.362500 0.610938 0.359722 0.616406 0.359722 0.617969 0.358333 0.619531 0.347222 0.620313 0.326389 0.621875 0.286111 0.622656 0.265278 0.624219 0.241667 0.631250 0.240278 0.639062 0.238889 0.646094 0.237500 0.650781 0.236111 0.651563 0.231944 0.650781 0.212500 0.647656 0.211111 0.642188 0.212500 0.631250 0.215278 0.625781 0.216667 0.622656 0.218056 0.621094 0.223611 0.620313 0.237500 0.620313 0.240278 0.624219 0.241667 0.622656 0.265278 0.614844 0.263889 0.614062 0.266667 0.613281 0.286111 0.611719 0.327778 0.610938 0.348611 0.610938 0.359722 0.612500 0.362500 0.611719 0.380556 0.592969 0.462500 0.589844 0.461111 0.580469 0.466667 0.575781 0.447222 0.577344 0.422222 0.578125 0.397222 0.578906 0.372222 0.578906 0.347222 0.579688 0.345833 0.579688 0.337500 0.586719 0.337500 0.587500 0.338889 0.596094 0.340278 0.597656 0.325000 0.596875 0.305556 0.586719 0.304167 0.585938 0.305556 0.575781 0.305556 0.564844 0.273611 0.566406 0.270833 0.567187 0.266667 0.567969 0.259722 0.569531 0.247222 0.570312 0.240278 0.569531 0.227778 0.567969 0.226389 0.566406 0.226389 0.564844 0.225000 0.564063 0.222222 0.562500 0.220833 0.557813 0.219444 0.556250 0.219444 0.555469 0.231944 0.554688 0.238889 0.553906 0.245833 0.552344 0.252778 0.550781 0.266667 0.554688 0.270833 0.560156 0.270833 0.564844 0.273611 0.575781 0.305556 0.574219 0.334722 0.574219 0.381944 0.572656 0.404167 0.572656 0.425000 0.571875 0.426389 0.571875 0.445833 0.575781 0.447222 0.580469 0.466667 0.578125 0.468056 0.576562 0.470833 0.576562 0.481944 0.577344 0.483333 0.577344 0.494444 0.569531 0.494444 0.568750 0.511111 0.567969 0.515278 0.566406 0.513889 0.564063 0.511111 0.562500 0.508333 0.560156 0.505556 0.555469 0.504167 0.546875 0.504167 0.546094 0.502778 0.539062 0.502778 0.539062 0.497222 0.539844 0.493056 0.541406 0.488889 0.542188 0.484722 0.542188 0.477778 0.540625 0.469444 0.539844 0.469444 0.535156 0.462500 0.524219 0.462500 0.520312 0.463889 0.515625 0.470833 0.510156 0.480556 0.510156 0.484722 0.510156 0.512500 0.508594 0.513889 0.506250 0.515278 0.504687 0.518056 0.503125 0.519444 0.501563 0.520833 0.489063 0.522222 0.475781 0.522222 0.472656 0.523611 0.471094 0.525000 0.468750 0.529167 0.468750 0.530556 0.466406 0.534722 0.464844 0.536111 0.461719 0.536111 0.460156 0.534722 0.461719 0.529167 0.461719 0.526389 0.460938 0.522222 0.459375 0.519444 0.458594 0.519444 0.457031 0.516667 0.456250 0.512500 0.450000 0.509722 0.445312 0.509722 0.442188 0.508333 0.437500 0.501389 0.435156 0.498611 0.429688 0.493056 0.428125 0.491667 0.425000 0.491667 0.423438 0.490278 0.427344 0.487500 0.428906 0.486111 0.431250 0.488889 0.433594 0.490278 0.437500 0.495833 0.439063 0.495833 0.441406 0.494444 0.442969 0.493056 0.445312 0.488889 0.446094 0.480556 0.446875 0.470833 0.447656 0.444444 0.450000 0.427778 0.450781 0.386111 0.452344 0.384722 0.459375 0.379167 0.462500 0.376389 0.464844 0.372222 0.465625 0.365278 0.466406 0.359722 0.467187 0.347222 0.467969 0.343056 0.471094 0.336111 0.475781 0.327778 0.478125 0.322222 0.478906 0.312500 0.479687 0.301389 0.480469 0.291667 0.480469 0.286111 0.479687 0.276389 0.478125 0.266667 0.478125 0.245833 0.477344 0.234722 0.476562 0.223611 0.475781 0.218056 0.469531 0.208333 0.471094 0.206944 0.476562 0.200000 0.479687 0.194444 0.484375 0.180556 0.486719 0.173611 0.487500 0.170833 0.487500 0.147222 0.485156 0.130556 0.485156 0.115278 0.485938 0.113889 0.485938 0.097222 0.482812 0.098611 0.480469 0.100000 0.478906 0.102778 0.478906 0.105556 0.478906 0.098611 0.479687 0.097222 0.479687 0.076389 0.480469 0.075000 0.481250 0.031944 0.482031 0.011111 0.482812 0.009722 0.482812 0.000000 0.864062 0.000000
21 0.450000 0.000000 0.450000 0.008333 0.449219 0.052778 0.448437 0.054167 0.448437 0.073611 0.445312 0.070833 0.442969 0.066667 0.442188 0.063889 0.444531 0.063889 0.446875 0.062500 0.448437 0.059722 0.446875 0.054167 0.441406 0.052778 0.430469 0.054167 0.427344 0.055556 0.425000 0.056944 0.417969 0.063889 0.414062 0.066667 0.414062 0.059722 0.414844 0.058333 0.414844 0.047222 0.412500 0.045833 0.408594 0.047222 0.403125 0.050000 0.399219 0.050000 0.396875 0.048611 0.395313 0.047222 0.391406 0.043056 0.386719 0.038889 0.385156 0.037500 0.389844 0.029167 0.389844 0.026389 0.388281 0.023611 0.385937 0.020833 0.384375 0.019444 0.379688 0.026389 0.370312 0.011111 0.367969 0.009722 0.360156 0.005556 0.351562 0.002778 0.350781 0.001389 0.349219 0.001389 0.340625 0.002778 0.317188 0.006944 0.310156 0.008333 0.307031 0.009722 0.303906 0.012500 0.300781 0.012500 0.297656 0.013889 0.294531 0.018056 0.290625 0.023611 0.289062 0.026389 0.287500 0.030556 0.285938 0.036111 0.282813 0.031944 0.280469 0.030556 0.277344 0.029167 0.265625 0.029167 0.264844 0.034722 0.266406 0.045833 0.266406 0.054167 0.265625 0.055556 0.265625 0.063889 0.264062 0.061111 0.261719 0.058333 0.254688 0.058333 0.253906 0.062500 0.254688 0.069444 0.256250 0.076389 0.256250 0.097222 0.254688 0.104167 0.252344 0.112500 0.248438 0.119444 0.248438 0.137500 0.246094 0.154167 0.245312 0.159722 0.231250 0.161111 0.227344 0.162500 0.223438 0.163889 0.220312 0.169444 0.217188 0.176389 0.214062 0.183333 0.211719 0.188889 0.208594 0.198611 0.203906 0.216667 0.202344 0.219444 0.202344 0.220833 0.201563 0.222222 0.200000 0.223611 0.194531 0.227778 0.192969 0.229167 0.191406 0.234722 0.189844 0.247222 0.189844 0.252778 0.191406 0.256944 0.192969 0.261111 0.194531 0.263889 0.192969 0.265278 0.192188 0.266667 0.185938 0.270833 0.182812 0.273611 0.176563 0.284722 0.174219 0.286111 0.171094 0.286111 0.170313 0.291667 0.171094 0.295833 0.171875 0.300000 0.175000 0.315278 0.177344 0.322222 0.176563 0.326389 0.175781 0.326389 0.174219 0.329167 0.173437 0.329167 0.173437 0.333333 0.175000 0.334722 0.179688 0.338889 0.181250 0.338889 0.182812 0.359722 0.182812 0.384722 0.183594 0.397222 0.185156 0.400000 0.191406 0.405556 0.194531 0.408333 0.197656 0.408333 0.201563 0.406944 0.203906 0.404167 0.205469 0.402778 0.207031 0.404167 0.209375 0.405556 0.210938 0.405556 0.209375 0.411111 0.209375 0.418056 0.210938 0.430556 0.212500 0.437500 0.210938 0.436111 0.191406 0.436111 0.189062 0.438889 0.179688 0.455556 0.178125 0.456944 0.178125 0.444444 0.177344 0.440278 0.175781 0.437500 0.171094 0.433333 0.169531 0.433333 0.165625 0.436111 0.160156 0.440278 0.158594 0.441667 0.155469 0.447222 0.154688 0.450000 0.155469 0.476389 0.157031 0.477778 0.160938 0.480556 0.162500 0.481944 0.162500 0.486111 0.161719 0.487500 0.161719 0.491667 0.159375 0.491667 0.158594 0.490278 0.146875 0.486111 0.142969 0.486111 0.142187 0.463889 0.142969 0.462500 0.142969 0.440278 0.143750 0.418056 0.145313 0.415278 0.148438 0.415278 0.158594 0.411111 0.162500 0.409722 0.164062 0.408333 0.164844 0.406944 0.165625 0.404167 0.168750 0.393056 0.170313 0.387500 0.170313 0.380556 0.169531 0.368056 0.168750 0.358333 0.165625 0.341667 0.164844 0.337500 0.163281 0.334722 0.157812 0.327778 0.147656 0.309722 0.146094 0.308333 0.143750 0.306944 0.135937 0.302778 0.130469 0.300000 0.112500 0.300000 0.108594 0.302778 0.100000 0.309722 0.093750 0.315278 0.090625 0.318056 0.075781 0.336111 0.073438 0.338889 0.071875 0.341667 0.069531 0.351389 0.064844 0.359722 0.064844 0.363889 0.066406 0.366667 0.068750 0.369444 0.074219 0.370833 0.080469 0.376389 0.082031 0.376389 0.084375 0.372222 0.085938 0.370833 0.087500 0.372222 0.092969 0.380556 0.096094 0.383333 0.098437 0.387500 0.099219 0.390278 0.083594 0.391667 0.071875 0.391667 0.070312 0.390278 0.068750 0.388889 0.067187 0.386111 0.067187 0.384722 0.064844 0.380556 0.064844 0.379167 0.063281 0.376389 0.056250 0.376389 0.054688 0.379167 0.054688 0.380556 0.052344 0.386111 0.052344 0.375000 0.053125 0.370833 0.057813 0.348611 0.059375 0.344444 0.060156 0.341667 0.059375 0.337500 0.057813 0.334722 0.054688 0.334722 0.054688 0.323611 0.055469 0.305556 0.057031 0.270833 0.060156 0.218056 0.063281 0.148611 0.064062 0.130556 0.065625 0.093056 0.066406 0.055556 0.067969 0.036111 0.098437 0.037500 0.098437 0.048611 0.100000 0.051389 0.102344 0.051389 0.103906 0.052778 0.103906 0.055556 0.103125 0.069444 0.101562 0.086111 0.100781 0.100000 0.100781 0.102778 0.104688 0.105556 0.110156 0.105556 0.115625 0.106944 0.116406 0.108333 0.120313 0.108333 0.121875 0.091667 0.121875 0.072222 0.123438 0.055556 0.124219 0.055556 0.125781 0.052778 0.125781 0.025000 0.125000 0.009722 0.120313 0.006944 0.106250 0.006944 0.100781 0.016667 0.099219 0.020833 0.098437 0.037500 0.067969 0.036111 0.067969 0.018056 0.068750 0.016667 0.068750 0.000000 0.450000 0.000000
25 0.141406 0.487500 0.141406 0.502778 0.155469 0.504167 0.161719 0.504167 0.161719 0.493056 0.159375 0.493056 0.158594 0.491667 0.154688 0.490278 0.146875 0.487500 0.141406 0.487500
25 0.125000 0.486111 0.124219 0.501389 0.138281 0.501389 0.138281 0.487500 0.135937 0.487500 0.135156 0.486111 0.125000 0.486111
25 0.524219 0.463889 0.520312 0.465278 0.515625 0.472222 0.510938 0.480556 0.510938 0.484722 0.511719 0.511111 0.513281 0.509722 0.516406 0.506944 0.521875 0.501389 0.538281 0.502778 0.538281 0.497222 0.539062 0.493056 0.540625 0.488889 0.541406 0.484722 0.541406 0.477778 0.540625 0.476389 0.540625 0.470833 0.537500 0.468056 0.535156 0.463889 0.524219 0.463889
25 0.589844 0.462500 0.580469 0.468056 0.577344 0.470833 0.577344 0.481944 0.578125 0.483333 0.577344 0.495833 0.572656 0.495833 0.572656 0.504167 0.571875 0.505556 0.572656 0.520833 0.573438 0.520833 0.575000 0.523611 0.576562 0.525000 0.579688 0.526389 0.585156 0.527778 0.591406 0.529167 0.594531 0.527778 0.595313 0.525000 0.597656 0.516667 0.601562 0.501389 0.601562 0.494444 0.600000 0.483333 0.599219 0.477778 0.596094 0.470833 0.592187 0.462500 0.589844 0.462500
25 0.169531 0.434722 0.165625 0.437500 0.160156 0.441667 0.158594 0.443056 0.156250 0.447222 0.155469 0.450000 0.155469 0.475000 0.157031 0.476389 0.161719 0.480556 0.163281 0.480556 0.163281 0.476389 0.170313 0.463889 0.171875 0.462500 0.175000 0.461111 0.176563 0.459722 0.177344 0.444444 0.175781 0.438889 0.174219 0.437500 0.171094 0.434722 0.169531 0.434722
25 0.757031 0.381944 0.745313 0.383333 0.744531 0.384722 0.733594 0.384722 0.732812 0.386111 0.727344 0.386111 0.726562 0.409722 0.714063 0.408333 0.706250 0.408333 0.706250 0.412500 0.705469 0.413889 0.704688 0.426389 0.703906 0.440278 0.703906 0.486111 0.710156 0.497222 0.714063 0.501389 0.715625 0.502778 0.717187 0.504167 0.724219 0.508333 0.725781 0.509722 0.727344 0.511111 0.728906 0.548611 0.730469 0.548611 0.732812 0.551389 0.734375 0.551389 0.735938 0.548611 0.735938 0.547222 0.738281 0.543056 0.739062 0.540278 0.738281 0.531944 0.739062 0.527778 0.740625 0.525000 0.741406 0.519444 0.741406 0.511111 0.742188 0.508333 0.743750 0.505556 0.750000 0.504167 0.750781 0.497222 0.750781 0.476389 0.753125 0.458333 0.753125 0.450000 0.754687 0.447222 0.765625 0.448611 0.765625 0.444444 0.766406 0.443056 0.766406 0.420833 0.767188 0.419444 0.767969 0.395833 0.767969 0.381944 0.757031 0.381944
25 0.781250 0.379167 0.780469 0.380556 0.772656 0.380556 0.772656 0.401389 0.771094 0.425000 0.770312 0.448611 0.771094 0.455556 0.769531 0.472222 0.768750 0.491667 0.767188 0.536111 0.766406 0.558333 0.766406 0.576389 0.769531 0.576389 0.770312 0.577778 0.774219 0.577778 0.782813 0.581944 0.787500 0.583333 0.791406 0.584722 0.792969 0.584722 0.792969 0.576389 0.793750 0.575000 0.793750 0.563889 0.795312 0.551389 0.800781 0.465278 0.800781 0.452778 0.799219 0.445833 0.799219 0.440278 0.791406 0.441667 0.791406 0.433333 0.793750 0.426389 0.795312 0.419444 0.795312 0.416667 0.789844 0.406944 0.789844 0.379167 0.781250 0.379167
25 0.766406 0.287500 0.762500 0.290278 0.760938 0.291667 0.759375 0.293056 0.749219 0.304167 0.747656 0.306944 0.744531 0.313889 0.742969 0.315278 0.740625 0.315278 0.738281 0.318056 0.735938 0.319444 0.726562 0.318056 0.724219 0.320833 0.721875 0.322222 0.718750 0.329167 0.718750 0.334722 0.719531 0.337500 0.722656 0.337500 0.728906 0.336111 0.736719 0.333333 0.743750 0.333333 0.750000 0.336111 0.760156 0.341667 0.764062 0.343056 0.772656 0.345833 0.781250 0.348611 0.789844 0.350000 0.794531 0.352778 0.798438 0.352778 0.798438 0.333333 0.794531 0.325000 0.792969 0.323611 0.789844 0.323611 0.786719 0.327778 0.777344 0.340278 0.775000 0.341667 0.768750 0.340278 0.765625 0.337500 0.767969 0.333333 0.771875 0.329167 0.775000 0.323611 0.775781 0.319444 0.776563 0.309722 0.777344 0.300000 0.776563 0.297222 0.774219 0.288889 0.771875 0.288889 0.771094 0.287500 0.766406 0.287500
25 0.999219 0.243056 0.997656 0.244444 0.994531 0.247222 0.992969 0.250000 0.990625 0.251389 0.989062 0.252778 0.987500 0.258333 0.986719 0.273611 0.985938 0.279167 0.984375 0.281944 0.977344 0.287500 0.968750 0.287500 0.964063 0.286111 0.957031 0.281944 0.955469 0.280556 0.953906 0.283333 0.952344 0.287500 0.950000 0.294444 0.949219 0.298611 0.948438 0.305556 0.946875 0.308333 0.942187 0.313889 0.945312 0.319444 0.945312 0.320833 0.950781 0.329167 0.950000 0.331944 0.946875 0.337500 0.944531 0.343056 0.944531 0.345833 0.945312 0.348611 0.946094 0.351389 0.947656 0.355556 0.949219 0.356944 0.950781 0.358333 0.954688 0.361111 0.957031 0.362500 0.970313 0.365278 0.967969 0.370833 0.963281 0.380556 0.960938 0.383333 0.957031 0.381944 0.951562 0.379167 0.945312 0.379167 0.942187 0.380556 0.939844 0.381944 0.931250 0.397222 0.932813 0.398611 0.935937 0.401389 0.940625 0.405556 0.942187 0.405556 0.945312 0.408333 0.946875 0.406944 0.952344 0.398611 0.954688 0.395833 0.958594 0.391667 0.960156 0.394444 0.965625 0.401389 0.967187 0.402778 0.969531 0.401389 0.971094 0.400000 0.971875 0.398611 0.972656 0.395833 0.972656 0.394444 0.973437 0.391667 0.980469 0.390278 0.982812 0.395833 0.988281 0.397222 0.989062 0.395833 0.995313 0.397222 0.996094 0.401389 0.996094 0.411111 0.995313 0.419444 0.992969 0.429167 0.992969 0.450000 0.992188 0.452778 0.989844 0.458333 0.989062 0.461111 0.987500 0.469444 0.986719 0.473611 0.989844 0.483333 0.986719 0.486111 0.983594 0.487500 0.980469 0.490278 0.982031 0.493056 0.985938 0.498611 0.986719 0.498611 0.989062 0.502778 0.989062 0.506944 0.988281 0.515278 0.987500 0.525000 0.983594 0.545833 0.982812 0.547222 0.982031 0.550000 0.977344 0.548611 0.965625 0.544444 0.932813 0.531944 0.922656 0.531944 0.921875 0.533333 0.911719 0.533333 0.911719 0.537500 0.910156 0.544444 0.909375 0.551389 0.908594 0.556944 0.910156 0.558333 0.911719 0.559722 0.914062 0.559722 0.916406 0.562500 0.919531 0.568056 0.921094 0.569444 0.925781 0.572222 0.930469 0.576389 0.932031 0.577778 0.932813 0.584722 0.932031 0.593056 0.937500 0.593056 0.938281 0.594444 0.950781 0.594444 0.951562 0.595833 0.964844 0.597222 0.978125 0.601389 0.977344 0.605556 0.973437 0.605556 0.964844 0.604167 0.965625 0.606944 0.966406 0.609722 0.967969 0.613889 0.969531 0.616667 0.973437 0.620833 0.971094 0.625000 0.968750 0.623611 0.966406 0.620833 0.964063 0.619444 0.970313 0.631944 0.972656 0.636111 0.975781 0.637500 0.981250 0.638889 0.985938 0.640278 0.991406 0.641667 0.996875 0.643056 0.999219 0.643056 0.999219 0.243056
25 0.999219 0.195833 0.996094 0.197222 0.992969 0.198611 0.991406 0.201389 0.991406 0.208333 0.990625 0.216667 0.989844 0.218056 0.989844 0.223611 0.996094 0.234722 0.996875 0.234722 0.999219 0.238889 0.999219 0.195833
25 0.059375 0.130556 0.057813 0.133333 0.057813 0.134722 0.055469 0.138889 0.050781 0.138889 0.053125 0.143056 0.055469 0.144444 0.055469 0.148611 0.052344 0.148611 0.042188 0.147222 0.040625 0.145833 0.039062 0.144444 0.037500 0.141667 0.036719 0.141667 0.035937 0.140278 0.035156 0.136111 0.031250 0.134722 0.030469 0.141667 0.028906 0.143056 0.025000 0.143056 0.024219 0.140278 0.021875 0.143056 0.017188 0.143056 0.016406 0.141667 0.014844 0.141667 0.017188 0.144444 0.012500 0.150000 0.007812 0.150000 0.007812 0.152778 0.007031 0.154167 0.007031 0.163889 0.008594 0.165278 0.010156 0.165278 0.010937 0.166667 0.012500 0.168056 0.006250 0.169444 0.005469 0.170833 0.000000 0.170833 0.000000 0.438889 0.001563 0.438889 0.002344 0.440278 0.006250 0.440278 0.010156 0.441667 0.017188 0.455556 0.018750 0.458333 0.021875 0.459722 0.024219 0.459722 0.026562 0.461111 0.028906 0.462500 0.029687 0.465278 0.031250 0.465278 0.038281 0.463889 0.041406 0.459722 0.042969 0.458333 0.048438 0.455556 0.053125 0.451389 0.053906 0.448611 0.053906 0.438889 0.054688 0.429167 0.055469 0.425000 0.057031 0.422222 0.060156 0.422222 0.060156 0.425000 0.061719 0.431944 0.064062 0.431944 0.064844 0.433333 0.072656 0.433333 0.072656 0.426389 0.073438 0.425000 0.074219 0.412500 0.084375 0.413889 0.091406 0.413889 0.094531 0.412500 0.103906 0.406944 0.107031 0.405556 0.108594 0.408333 0.113281 0.420833 0.117969 0.430556 0.118750 0.433333 0.119531 0.436111 0.120313 0.445833 0.120313 0.472222 0.123438 0.477778 0.123438 0.459722 0.125000 0.450000 0.125781 0.447222 0.132031 0.429167 0.133594 0.425000 0.135156 0.420833 0.137500 0.416667 0.139844 0.416667 0.139844 0.413889 0.140625 0.412500 0.141406 0.404167 0.143750 0.401389 0.144531 0.415278 0.148438 0.413889 0.159375 0.408333 0.162500 0.408333 0.164062 0.406944 0.164844 0.402778 0.169531 0.387500 0.169531 0.380556 0.168750 0.368056 0.167969 0.358333 0.164844 0.341667 0.163281 0.336111 0.157812 0.329167 0.147656 0.311111 0.146094 0.309722 0.143750 0.308333 0.135937 0.304167 0.130469 0.301389 0.112500 0.301389 0.108594 0.304167 0.100000 0.311111 0.090625 0.319444 0.085156 0.326389 0.074219 0.340278 0.073438 0.340278 0.072656 0.341667 0.071875 0.344444 0.070312 0.351389 0.065625 0.359722 0.066406 0.365278 0.067187 0.365278 0.068750 0.368056 0.074219 0.369444 0.080469 0.375000 0.082031 0.375000 0.084375 0.370833 0.085938 0.369444 0.087500 0.370833 0.090625 0.375000 0.096094 0.381944 0.099219 0.387500 0.100000 0.390278 0.083594 0.393056 0.071875 0.393056 0.070312 0.391667 0.068750 0.390278 0.066406 0.386111 0.064062 0.379167 0.055469 0.379167 0.052344 0.387500 0.051562 0.375000 0.052344 0.370833 0.057031 0.348611 0.058594 0.338889 0.058594 0.337500 0.053906 0.334722 0.053906 0.323611 0.054688 0.305556 0.056250 0.270833 0.062500 0.148611 0.062500 0.131944 0.060937 0.130556 0.059375 0.130556
25 0.350781 0.002778 0.351562 0.004167 0.360156 0.006944 0.367969 0.011111 0.370312 0.012500 0.378906 0.027778 0.383594 0.020833 0.385937 0.022222 0.387500 0.025000 0.388281 0.025000 0.389062 0.029167 0.384375 0.037500 0.395313 0.048611 0.396875 0.050000 0.399219 0.051389 0.403125 0.051389 0.408594 0.048611 0.412500 0.047222 0.414062 0.047222 0.413281 0.059722 0.414062 0.068056 0.417969 0.065278 0.425000 0.058333 0.427344 0.056944 0.430469 0.055556 0.441406 0.054167 0.446094 0.054167 0.446875 0.056944 0.447656 0.059722 0.444531 0.062500 0.441406 0.063889 0.442188 0.066667 0.445312 0.072222 0.452344 0.079167 0.454688 0.080556 0.456250 0.081944 0.457031 0.083333 0.457813 0.086111 0.459375 0.091667 0.460156 0.094444 0.457813 0.094444 0.450781 0.090278 0.448437 0.087500 0.446094 0.086111 0.443750 0.084722 0.442188 0.084722 0.436719 0.094444 0.431250 0.102778 0.429688 0.104167 0.425781 0.106944 0.432812 0.108333 0.439063 0.109722 0.445312 0.113889 0.446875 0.115278 0.447656 0.118056 0.449219 0.120833 0.449219 0.136111 0.446875 0.138889 0.446875 0.145833 0.449219 0.147222 0.451562 0.143056 0.451562 0.140278 0.449219 0.136111 0.449219 0.120833 0.450781 0.119444 0.453125 0.118056 0.454688 0.116667 0.457031 0.118056 0.462500 0.123611 0.466406 0.123611 0.467969 0.126389 0.469531 0.126389 0.471094 0.123611 0.474219 0.125000 0.474219 0.126389 0.471094 0.141667 0.470313 0.144444 0.467969 0.152778 0.466406 0.152778 0.461719 0.161111 0.461719 0.163889 0.460938 0.166667 0.457813 0.170833 0.457813 0.173611 0.459375 0.176389 0.463281 0.177778 0.467187 0.176389 0.469531 0.175000 0.471875 0.172222 0.474219 0.172222 0.472656 0.165278 0.470313 0.165278 0.471094 0.161111 0.470313 0.156944 0.467969 0.152778 0.470313 0.144444 0.475000 0.151389 0.476562 0.152778 0.477344 0.136111 0.478125 0.122222 0.478906 0.106944 0.480469 0.101389 0.482812 0.100000 0.485156 0.097222 0.484375 0.115278 0.484375 0.130556 0.486719 0.147222 0.486719 0.170833 0.485938 0.173611 0.483594 0.180556 0.481250 0.187500 0.478906 0.194444 0.476562 0.198611 0.473438 0.202778 0.470313 0.205556 0.468750 0.208333 0.475000 0.218056 0.475781 0.223611 0.476562 0.234722 0.477344 0.245833 0.477344 0.266667 0.478906 0.276389 0.479687 0.286111 0.479687 0.291667 0.478906 0.301389 0.478125 0.312500 0.477344 0.322222 0.475000 0.327778 0.470313 0.336111 0.467187 0.343056 0.466406 0.347222 0.465625 0.359722 0.464062 0.366667 0.464062 0.372222 0.462500 0.375000 0.453906 0.381944 0.450781 0.384722 0.449219 0.387500 0.449219 0.427778 0.446875 0.444444 0.446094 0.470833 0.445312 0.480556 0.444531 0.488889 0.442969 0.491667 0.441406 0.493056 0.439063 0.494444 0.437500 0.494444 0.433594 0.488889 0.431250 0.487500 0.429688 0.484722 0.425000 0.488889 0.422656 0.490278 0.420312 0.490278 0.417969 0.488889 0.416406 0.487500 0.414844 0.486111 0.413281 0.483333 0.411719 0.476389 0.410938 0.469444 0.410156 0.468056 0.409375 0.465278 0.408594 0.476389 0.407813 0.477778 0.407813 0.484722 0.406250 0.484722 0.405469 0.483333 0.403125 0.483333 0.403125 0.470833 0.403906 0.469444 0.403906 0.455556 0.401562 0.454167 0.397656 0.458333 0.393750 0.461111 0.392188 0.461111 0.390625 0.472222 0.390625 0.480556 0.389844 0.481944 0.389844 0.484722 0.385937 0.484722 0.385937 0.481944 0.387500 0.469444 0.387500 0.459722 0.382812 0.456944 0.378125 0.455556 0.373437 0.454167 0.371094 0.461111 0.370312 0.468056 0.368750 0.472222 0.368750 0.475000 0.367969 0.477778 0.361719 0.466667 0.360938 0.458333 0.360938 0.443056 0.362500 0.433333 0.361719 0.425000 0.360156 0.423611 0.356250 0.420833 0.349219 0.420833 0.343750 0.422222 0.342969 0.437500 0.343750 0.497222 0.345313 0.501389 0.346094 0.504167 0.340625 0.505556 0.336719 0.505556 0.333594 0.506944 0.332813 0.509722 0.330469 0.511111 0.331250 0.513889 0.328906 0.518056 0.325781 0.518056 0.322656 0.516667 0.321875 0.515278 0.319531 0.515278 0.317969 0.513889 0.321094 0.513889 0.321875 0.512500 0.325781 0.511111 0.326562 0.506944 0.328906 0.504167 0.329688 0.501389 0.329688 0.498611 0.331250 0.495833 0.331250 0.459722 0.330469 0.448611 0.328906 0.445833 0.326562 0.447222 0.325781 0.452778 0.324219 0.452778 0.323437 0.454167 0.321875 0.454167 0.320312 0.452778 0.314844 0.447222 0.310937 0.441667 0.307812 0.436111 0.303125 0.429167 0.302344 0.434722 0.301563 0.440278 0.300781 0.443056 0.297656 0.448611 0.296094 0.448611 0.294531 0.447222 0.296094 0.438889 0.296094 0.436111 0.295312 0.433333 0.292187 0.427778 0.290625 0.427778 0.288281 0.431944 0.287500 0.438889 0.287500 0.444444 0.285938 0.444444 0.277344 0.443056 0.276562 0.436111 0.275000 0.423611 0.274219 0.418056 0.276562 0.412500 0.274219 0.412500 0.271094 0.413889 0.267969 0.413889 0.265625 0.415278 0.251563 0.426389 0.249219 0.427778 0.246875 0.427778 0.244531 0.430556 0.236719 0.434722 0.232031 0.437500 0.213281 0.437500 0.211719 0.430556 0.210156 0.418056 0.210156 0.411111 0.211719 0.406944 0.207031 0.402778 0.203125 0.376389 0.204687 0.373611 0.204687 0.370833 0.203125 0.368056 0.200000 0.368056 0.198437 0.370833 0.198437 0.373611 0.200000 0.376389 0.203125 0.376389 0.207031 0.402778 0.201563 0.405556 0.197656 0.406944 0.194531 0.406944 0.186719 0.400000 0.185156 0.398611 0.183594 0.384722 0.183594 0.359722 0.182812 0.340278 0.181250 0.337500 0.178906 0.336111 0.175000 0.333333 0.173437 0.331944 0.176563 0.327778 0.178125 0.325000 0.178125 0.322222 0.175781 0.315278 0.172656 0.300000 0.171875 0.295833 0.171094 0.291667 0.171094 0.287500 0.174219 0.287500 0.176563 0.286111 0.182812 0.275000 0.187500 0.270833 0.192188 0.268056 0.193750 0.266667 0.195312 0.263889 0.193750 0.261111 0.190625 0.252778 0.190625 0.247222 0.192188 0.240278 0.192188 0.234722 0.192969 0.233333 0.192969 0.230556 0.201563 0.223611 0.203125 0.220833 0.204687 0.216667 0.209375 0.198611 0.212500 0.188889 0.214844 0.183333 0.221094 0.170833 0.221094 0.169444 0.223438 0.165278 0.227344 0.163889 0.231250 0.162500 0.244531 0.162500 0.246094 0.159722 0.249219 0.137500 0.249219 0.119444 0.253125 0.112500 0.255469 0.104167 0.257031 0.097222 0.257031 0.076389 0.255469 0.069444 0.254688 0.062500 0.254688 0.059722 0.261719 0.059722 0.264062 0.062500 0.265625 0.065278 0.266406 0.055556 0.267188 0.054167 0.267188 0.045833 0.265625 0.034722 0.265625 0.030556 0.277344 0.030556 0.280469 0.031944 0.282813 0.033333 0.285938 0.037500 0.287500 0.034722 0.288281 0.030556 0.289844 0.027778 0.289844 0.026389 0.290625 0.025000 0.294531 0.019444 0.297656 0.015278 0.300781 0.013889 0.303906 0.013889 0.307031 0.011111 0.310156 0.009722 0.317188 0.008333 0.340625 0.004167 0.349219 0.002778 0.350781 0.002778
29 0.887500 0.252778 0.878906 0.254167 0.871875 0.255556 0.868750 0.259722 0.865625 0.261111 0.865625 0.276389 0.864844 0.277778 0.864062 0.295833 0.863281 0.313889 0.862500 0.334722 0.863281 0.340278 0.864844 0.343056 0.866406 0.344444 0.874219 0.344444 0.890625 0.343056 0.890625 0.336111 0.892188 0.330556 0.896094 0.329167 0.900000 0.329167 0.900781 0.327778 0.903125 0.327778 0.903125 0.322222 0.903906 0.320833 0.903906 0.308333 0.904687 0.306944 0.906250 0.279167 0.906250 0.265278 0.904687 0.263889 0.903125 0.262500 0.891406 0.254167 0.889062 0.252778 0.887500 0.252778
29 0.556250 0.220833 0.556250 0.231944 0.555469 0.238889 0.554688 0.245833 0.553125 0.252778 0.552344 0.259722 0.551562 0.268056 0.553906 0.268056 0.554688 0.269444 0.560156 0.269444 0.564844 0.272222 0.566406 0.266667 0.567187 0.259722 0.568750 0.247222 0.569531 0.240278 0.569531 0.229167 0.567969 0.227778 0.566406 0.227778 0.564844 0.226389 0.564063 0.223611 0.562500 0.222222 0.557813 0.220833 0.556250 0.220833
29 0.718750 0.205556 0.718750 0.213889 0.717969 0.215278 0.717187 0.255556 0.717187 0.273611 0.718750 0.273611 0.719531 0.272222 0.725781 0.269444 0.730469 0.269444 0.731250 0.270833 0.735156 0.270833 0.734375 0.215278 0.730469 0.213889 0.728906 0.212500 0.727344 0.211111 0.726562 0.205556 0.718750 0.205556
29 0.462500 0.030556 0.461719 0.033333 0.461719 0.100000 0.464062 0.100000 0.464844 0.101389 0.471094 0.102778 0.476562 0.104167 0.476562 0.100000 0.477344 0.098611 0.478125 0.090278 0.479687 0.073611 0.480469 0.052778 0.480469 0.033333 0.477344 0.033333 0.476562 0.031944 0.467969 0.030556 0.462500 0.030556
29 0.106250 0.008333 0.101562 0.016667 0.100000 0.020833 0.099219 0.037500 0.100000 0.050000 0.102344 0.050000 0.103906 0.051389 0.104688 0.055556 0.103906 0.069444 0.102344 0.086111 0.101562 0.100000 0.101562 0.102778 0.103906 0.102778 0.104688 0.104167 0.110156 0.104167 0.115625 0.105556 0.116406 0.106944 0.120313 0.106944 0.120313 0.093056 0.121094 0.091667 0.121094 0.072222 0.121875 0.056944 0.124219 0.054167 0.125000 0.025000 0.124219 0.023611 0.124219 0.009722 0.121094 0.009722 0.120313 0.008333 0.106250 0.008333
2 0.571875 0.520833 0.571875 0.545833 0.571094 0.547222 0.571094 0.576389 0.575781 0.576389 0.578906 0.573611 0.578906 0.570833 0.580469 0.568056 0.589844 0.568056 0.597656 0.565278 0.597656 0.561111 0.596875 0.530556 0.591406 0.530556 0.585156 0.529167 0.579688 0.527778 0.576562 0.526389 0.575000 0.525000 0.573438 0.522222 0.571875 0.520833
2 0.521875 0.502778 0.518750 0.505556 0.512500 0.511111 0.504687 0.519444 0.503125 0.520833 0.501563 0.522222 0.489063 0.523611 0.475781 0.523611 0.472656 0.525000 0.471094 0.526389 0.469531 0.529167 0.466406 0.536111 0.464062 0.537500 0.464062 0.541667 0.462500 0.544444 0.462500 0.547222 0.464844 0.548611 0.466406 0.551389 0.466406 0.552778 0.467969 0.555556 0.472656 0.555556 0.475000 0.558333 0.478906 0.559722 0.479687 0.565278 0.481250 0.568056 0.484375 0.569444 0.492969 0.569444 0.493750 0.568056 0.495312 0.565278 0.498437 0.569444 0.506250 0.569444 0.505469 0.563889 0.509375 0.562500 0.525781 0.565278 0.541406 0.565278 0.553906 0.568056 0.557813 0.576389 0.560156 0.576389 0.561719 0.573611 0.563281 0.573611 0.565625 0.576389 0.567969 0.575000 0.567187 0.515278 0.566406 0.515278 0.562500 0.509722 0.560156 0.506944 0.555469 0.505556 0.546094 0.504167 0.537500 0.502778 0.521875 0.502778
2 0.380469 0.486111 0.377344 0.488889 0.370312 0.495833 0.360938 0.501389 0.357812 0.502778 0.352344 0.504167 0.346875 0.504167 0.341406 0.505556 0.336719 0.506944 0.335938 0.508333 0.333594 0.508333 0.332813 0.511111 0.331250 0.516667 0.330469 0.522222 0.330469 0.530556 0.331250 0.531944 0.331250 0.534722 0.337500 0.540278 0.341406 0.547222 0.344531 0.548611 0.353906 0.548611 0.356250 0.545833 0.358594 0.545833 0.362500 0.550000 0.371094 0.550000 0.375781 0.547222 0.376563 0.547222 0.377344 0.548611 0.377344 0.550000 0.381250 0.552778 0.392969 0.554167 0.399219 0.554167 0.401562 0.551389 0.407813 0.550000 0.409375 0.551389 0.412500 0.555556 0.414062 0.556944 0.417187 0.558333 0.422656 0.558333 0.425000 0.556944 0.426563 0.555556 0.428906 0.559722 0.431250 0.561111 0.438281 0.561111 0.440625 0.559722 0.442188 0.556944 0.442969 0.552778 0.457031 0.552778 0.457031 0.550000 0.457813 0.548611 0.457813 0.544444 0.459375 0.534722 0.460938 0.529167 0.460938 0.526389 0.459375 0.520833 0.456250 0.516667 0.455469 0.512500 0.450781 0.512500 0.445312 0.511111 0.442188 0.509722 0.437500 0.502778 0.435156 0.500000 0.429688 0.494444 0.428125 0.493056 0.424219 0.491667 0.410938 0.487500 0.405469 0.486111 0.380469 0.486111
2 0.000000 0.440278 0.000000 0.498611 0.005469 0.498611 0.006250 0.500000 0.010156 0.500000 0.011719 0.494444 0.018750 0.495833 0.020313 0.498611 0.023438 0.498611 0.025000 0.502778 0.026562 0.502778 0.027344 0.504167 0.033594 0.504167 0.035937 0.500000 0.040625 0.500000 0.058594 0.501389 0.067969 0.502778 0.069531 0.505556 0.069531 0.506944 0.072656 0.509722 0.075781 0.511111 0.082812 0.511111 0.085156 0.505556 0.102344 0.506944 0.102344 0.511111 0.103906 0.512500 0.107813 0.513889 0.113281 0.513889 0.117188 0.506944 0.118750 0.505556 0.123438 0.504167 0.124219 0.498611 0.124219 0.484722 0.123438 0.479167 0.116406 0.466667 0.113281 0.463889 0.107031 0.458333 0.101562 0.454167 0.099219 0.452778 0.095312 0.451389 0.091406 0.450000 0.084375 0.448611 0.058594 0.448611 0.054688 0.451389 0.042969 0.459722 0.041406 0.461111 0.038281 0.465278 0.031250 0.466667 0.028906 0.465278 0.026562 0.462500 0.024219 0.461111 0.021875 0.461111 0.018750 0.459722 0.016406 0.455556 0.010156 0.443056 0.006250 0.441667 0.001563 0.440278 0.000000 0.440278
2 0.191406 0.437500 0.189062 0.440278 0.179688 0.456944 0.176563 0.461111 0.175000 0.462500 0.173437 0.462500 0.171875 0.463889 0.170313 0.465278 0.164062 0.476389 0.163281 0.481944 0.162500 0.487500 0.163281 0.506944 0.167969 0.508333 0.168750 0.513889 0.168750 0.518056 0.169531 0.520833 0.172656 0.526389 0.178125 0.526389 0.183594 0.525000 0.185156 0.522222 0.186719 0.516667 0.188281 0.513889 0.190625 0.513889 0.198437 0.516667 0.199219 0.519444 0.200781 0.526389 0.203125 0.526389 0.203906 0.527778 0.207813 0.529167 0.210938 0.529167 0.214844 0.526389 0.215625 0.519444 0.225781 0.519444 0.236719 0.520833 0.239844 0.526389 0.241406 0.534722 0.248438 0.536111 0.253906 0.536111 0.257031 0.529167 0.261719 0.529167 0.264062 0.527778 0.267188 0.534722 0.274219 0.536111 0.277344 0.536111 0.279687 0.534722 0.285156 0.526389 0.287500 0.529167 0.289062 0.529167 0.289844 0.526389 0.294531 0.525000 0.296094 0.527778 0.299219 0.527778 0.300781 0.531944 0.304688 0.530556 0.305469 0.527778 0.309375 0.527778 0.312500 0.525000 0.312500 0.516667 0.310156 0.512500 0.310156 0.498611 0.311719 0.494444 0.312500 0.490278 0.312500 0.487500 0.310156 0.479167 0.309375 0.468056 0.308594 0.462500 0.307812 0.458333 0.304688 0.452778 0.302344 0.451389 0.299219 0.450000 0.285156 0.444444 0.275781 0.443056 0.261719 0.441667 0.246875 0.440278 0.229687 0.438889 0.210938 0.437500 0.191406 0.437500
30 0.586719 0.305556 0.585938 0.306944 0.580469 0.306944 0.580469 0.318056 0.579688 0.319444 0.579688 0.336111 0.586719 0.336111 0.587500 0.337500 0.596875 0.338889 0.596875 0.325000 0.596094 0.305556 0.586719 0.305556
30 0.682813 0.275000 0.682813 0.281944 0.682031 0.283333 0.681250 0.294444 0.681250 0.305556 0.717187 0.306944 0.722656 0.306944 0.722656 0.280556 0.721094 0.280556 0.720313 0.279167 0.709375 0.277778 0.697656 0.276389 0.685937 0.275000 0.682813 0.275000
30 0.647656 0.212500 0.642188 0.213889 0.631250 0.216667 0.630469 0.218056 0.625781 0.218056 0.625000 0.219444 0.622656 0.219444 0.622656 0.222222 0.621875 0.223611 0.621094 0.237500 0.621094 0.240278 0.624219 0.240278 0.631250 0.238889 0.639062 0.237500 0.646094 0.236111 0.646875 0.234722 0.650781 0.234722 0.650781 0.231944 0.650000 0.212500 0.647656 0.212500
24 0.569531 0.495833 0.569531 0.511111 0.568750 0.512500 0.567969 0.579167 0.567969 0.581944 0.570312 0.583333 0.570312 0.547222 0.571094 0.545833 0.571875 0.504167 0.571875 0.495833 0.569531 0.495833
24 0.143750 0.402778 0.141406 0.405556 0.141406 0.412500 0.140625 0.413889 0.139844 0.443056 0.139063 0.473611 0.138281 0.502778 0.138281 0.508333 0.140625 0.506944 0.141406 0.484722 0.142187 0.462500 0.142187 0.440278 0.142969 0.418056 0.143750 0.416667 0.143750 0.402778
24 0.693750 0.387500 0.693750 0.398611 0.692969 0.400000 0.692187 0.413889 0.691406 0.427778 0.687500 0.500000 0.686719 0.513889 0.687500 0.522222 0.692969 0.522222 0.693750 0.523611 0.698438 0.523611 0.699219 0.520833 0.699219 0.508333 0.700000 0.506944 0.700781 0.480556 0.703906 0.426389 0.705469 0.412500 0.706250 0.398611 0.706250 0.386111 0.693750 0.387500
24 0.769531 0.368056 0.768750 0.372222 0.767969 0.397222 0.767188 0.443056 0.761719 0.588889 0.760938 0.613889 0.760938 0.625000 0.762500 0.625000 0.764062 0.623611 0.764062 0.602778 0.765625 0.579167 0.767188 0.513889 0.771875 0.401389 0.772656 0.379167 0.772656 0.366667 0.769531 0.368056
24 0.612500 0.363889 0.612500 0.380556 0.617188 0.380556 0.617188 0.365278 0.614844 0.365278 0.614062 0.363889 0.612500 0.363889
24 0.575781 0.306944 0.575781 0.333333 0.575000 0.334722 0.575000 0.381944 0.573438 0.404167 0.573438 0.425000 0.572656 0.426389 0.572656 0.445833 0.575781 0.445833 0.575781 0.423611 0.576562 0.422222 0.577344 0.397222 0.578125 0.372222 0.578906 0.345833 0.579688 0.318056 0.579688 0.306944 0.575781 0.306944
24 0.615625 0.263889 0.614844 0.266667 0.614062 0.286111 0.613281 0.326389 0.612500 0.327778 0.611719 0.348611 0.611719 0.359722 0.616406 0.358333 0.617969 0.356944 0.617969 0.348611 0.618750 0.347222 0.618750 0.327778 0.619531 0.326389 0.621094 0.286111 0.621875 0.263889 0.615625 0.263889
24 0.703906 0.130556 0.703906 0.136111 0.703125 0.137500 0.702344 0.148611 0.702344 0.183333 0.701562 0.205556 0.700781 0.226389 0.698438 0.261111 0.698438 0.276389 0.701562 0.276389 0.702344 0.275000 0.705469 0.275000 0.705469 0.272222 0.706250 0.270833 0.707031 0.261111 0.707031 0.209722 0.707812 0.177778 0.709375 0.170833 0.708594 0.131944 0.706250 0.130556 0.703906 0.130556
24 0.864844 0.000000 0.864844 0.025000 0.864062 0.026389 0.864062 0.052778 0.861719 0.106944 0.860156 0.187500 0.858594 0.241667 0.857812 0.268056 0.857031 0.283333 0.855469 0.305556 0.853906 0.329167 0.848437 0.397222 0.847656 0.415278 0.846875 0.438889 0.845313 0.484722 0.842969 0.555556 0.842969 0.577778 0.841406 0.580556 0.835938 0.584722 0.833594 0.588889 0.832031 0.593056 0.831250 0.597222 0.832031 0.611111 0.828906 0.648611 0.828125 0.662500 0.839844 0.662500 0.840625 0.663889 0.852344 0.663889 0.852344 0.611111 0.851562 0.609722 0.852344 0.555556 0.861719 0.555556 0.861719 0.522222 0.862500 0.520833 0.862500 0.486111 0.865625 0.379167 0.865625 0.344444 0.861719 0.338889 0.861719 0.334722 0.862500 0.313889 0.863281 0.294444 0.864062 0.277778 0.865625 0.259722 0.867188 0.259722 0.868750 0.258333 0.870313 0.256944 0.871875 0.225000 0.873437 0.162500 0.875000 0.100000 0.876563 0.037500 0.877344 0.005556 0.877344 0.000000 0.864844 0.000000
