19 0.318750 0.352778 0.316406 0.362500 0.316406 0.368056 0.317969 0.376389 0.317188 0.379167 0.315625 0.380556 0.314844 0.380556 0.313281 0.381944 0.312500 0.390278 0.310937 0.394444 0.310937 0.415278 0.314063 0.426389 0.316406 0.430556 0.317188 0.434722 0.310156 0.436111 0.309375 0.437500 0.303906 0.437500 0.285938 0.441667 0.232031 0.454167 0.214062 0.458333 0.162500 0.470833 0.145313 0.476389 0.139063 0.477778 0.135156 0.477778 0.130469 0.469444 0.126562 0.470833 0.122656 0.473611 0.121875 0.476389 0.121875 0.477778 0.121094 0.480556 0.114062 0.483333 0.102344 0.484722 0.096875 0.484722 0.095312 0.483333 0.092969 0.480556 0.087500 0.472222 0.085938 0.470833 0.077344 0.466667 0.074219 0.466667 0.068750 0.475000 0.067969 0.475000 0.066406 0.477778 0.064844 0.481944 0.061719 0.493056 0.060937 0.495833 0.057813 0.495833 0.057031 0.497222 0.050781 0.497222 0.050000 0.498611 0.021875 0.504167 0.007812 0.506944 0.000000 0.508333 0.000000 0.381944 0.002344 0.381944 0.005469 0.383333 0.007031 0.386111 0.008594 0.387500 0.010937 0.387500 0.012500 0.384722 0.012500 0.383333 0.021875 0.383333 0.024219 0.383333 0.025781 0.380556 0.035156 0.381944 0.038281 0.380556 0.039062 0.379167 0.039844 0.372222 0.039062 0.368056 0.053125 0.368056 0.053906 0.366667 0.058594 0.366667 0.053906 0.369444 0.052344 0.370833 0.052344 0.376389 0.053906 0.379167 0.076563 0.379167 0.075000 0.381944 0.074219 0.381944 0.071094 0.386111 0.074219 0.395833 0.082812 0.395833 0.094531 0.394444 0.094531 0.411111 0.104688 0.413889 0.115625 0.413889 0.127344 0.416667 0.135937 0.416667 0.136719 0.375000 0.142187 0.375000 0.143750 0.372222 0.143750 0.368056 0.141406 0.363889 0.139844 0.362500 0.128125 0.362500 0.121094 0.363889 0.118750 0.368056 0.117188 0.369444 0.113281 0.372222 0.094531 0.373611 0.094531 0.369444 0.090625 0.365278 0.096875 0.365278 0.097656 0.363889 0.118750 0.363889 0.140625 0.361111 0.162500 0.359722 0.185938 0.359722 0.186719 0.358333 0.209375 0.358333 0.208594 0.363889 0.215625 0.365278 0.216406 0.366667 0.218750 0.366667 0.217969 0.373611 0.210938 0.386111 0.207813 0.384722 0.199219 0.384722 0.196094 0.386111 0.192969 0.388889 0.192188 0.393056 0.191406 0.394444 0.189844 0.395833 0.188281 0.395833 0.186719 0.398611 0.187500 0.408333 0.188281 0.409722 0.195312 0.409722 0.198437 0.409722 0.201563 0.412500 0.203906 0.412500 0.207031 0.409722 0.213281 0.409722 0.221875 0.411111 0.223438 0.409722 0.224219 0.402778 0.222656 0.397222 0.221875 0.397222 0.220312 0.394444 0.218750 0.393056 0.214062 0.393056 0.212500 0.390278 0.212500 0.388889 0.210938 0.386111 0.217969 0.373611 0.222656 0.376389 0.225000 0.373611 0.230469 0.375000 0.233594 0.373611 0.234375 0.372222 0.235156 0.370833 0.235937 0.368056 0.234375 0.365278 0.231250 0.361111 0.228906 0.359722 0.225000 0.359722 0.225000 0.356944 0.245312 0.356944 0.246094 0.355556 0.266406 0.355556 0.260937 0.355556 0.260156 0.356944 0.252344 0.356944 0.247656 0.358333 0.243750 0.361111 0.242188 0.362500 0.241406 0.369444 0.242969 0.372222 0.254688 0.373611 0.259375 0.373611 0.263281 0.372222 0.265625 0.369444 0.300781 0.368056 0.301563 0.365278 0.301563 0.362500 0.300781 0.359722 0.298438 0.355556 0.295312 0.354167 0.289844 0.354167 0.282031 0.355556 0.281250 0.354167 0.275781 0.354167 0.305469 0.352778 0.318750 0.352778
19 0.517969 0.347222 0.518750 0.348611 0.526563 0.348611 0.535156 0.351389 0.534375 0.354167 0.532813 0.352778 0.529687 0.352778 0.525781 0.359722 0.525781 0.362500 0.528125 0.366667 0.531250 0.368056 0.535156 0.366667 0.536719 0.363889 0.536719 0.358333 0.534375 0.354167 0.535156 0.351389 0.532031 0.387500 0.529687 0.387500 0.524219 0.388889 0.519531 0.390278 0.514844 0.398611 0.514062 0.401389 0.513281 0.404167 0.513281 0.409722 0.512500 0.412500 0.511719 0.413889 0.509375 0.415278 0.507812 0.413889 0.508594 0.405556 0.510156 0.401389 0.510938 0.398611 0.508594 0.390278 0.508594 0.386111 0.507812 0.381944 0.507031 0.379167 0.512500 0.380556 0.514844 0.380556 0.517188 0.377778 0.518750 0.377778 0.517969 0.372222 0.517969 0.368056 0.518750 0.366667 0.518750 0.363889 0.517969 0.359722 0.516406 0.356944 0.514844 0.355556 0.513281 0.355556 0.510938 0.356944 0.508594 0.361111 0.507031 0.365278 0.506250 0.368056 0.505469 0.370833 0.505469 0.375000 0.502344 0.369444 0.481250 0.369444 0.478906 0.373611 0.477344 0.377778 0.476562 0.380556 0.475781 0.391667 0.475000 0.404167 0.475000 0.418056 0.475781 0.425000 0.476562 0.427778 0.483594 0.429167 0.485156 0.426389 0.489063 0.425000 0.490625 0.425000 0.494531 0.429167 0.496875 0.430556 0.499219 0.427778 0.499219 0.430556 0.504687 0.431944 0.506250 0.430556 0.507812 0.423611 0.507812 0.413889 0.509375 0.415278 0.507812 0.418056 0.507031 0.426389 0.507031 0.447222 0.507812 0.450000 0.509375 0.452778 0.511719 0.454167 0.518750 0.454167 0.520312 0.452778 0.521875 0.450000 0.536719 0.450000 0.536719 0.456944 0.539844 0.459722 0.542969 0.458333 0.542969 0.456944 0.543750 0.454167 0.543750 0.458333 0.550000 0.459722 0.551562 0.456944 0.553125 0.451389 0.552344 0.444444 0.551562 0.443056 0.551562 0.440278 0.554688 0.433333 0.554688 0.425000 0.552344 0.416667 0.552344 0.412500 0.551562 0.408333 0.550781 0.404167 0.550000 0.401389 0.547656 0.397222 0.546875 0.397222 0.543750 0.391667 0.540625 0.390278 0.536719 0.390278 0.532813 0.388889 0.532031 0.387500 0.535156 0.351389 0.548438 0.351389 0.550000 0.351389 0.546094 0.351389 0.542969 0.356944 0.542969 0.363889 0.548438 0.365278 0.553125 0.363889 0.555469 0.359722 0.551562 0.352778 0.550000 0.351389 0.548438 0.351389 0.559375 0.348611 0.571875 0.348611 0.589063 0.350000 0.589844 0.351389 0.588281 0.356944 0.582031 0.355556 0.581250 0.368056 0.580469 0.369444 0.580469 0.379167 0.587500 0.380556 0.588281 0.356944 0.589844 0.351389 0.593750 0.351389 0.592187 0.356944 0.592187 0.361111 0.593750 0.366667 0.594531 0.373611 0.594531 0.376389 0.592969 0.380556 0.589844 0.387500 0.583594 0.401389 0.579688 0.409722 0.575000 0.418056 0.575781 0.427778 0.576562 0.433333 0.581250 0.441667 0.584375 0.445833 0.585938 0.447222 0.589063 0.448611 0.612500 0.461111 0.622656 0.466667 0.628125 0.469444 0.632812 0.470833 0.636719 0.472222 0.650000 0.476389 0.729688 0.501389 0.850781 0.538889 0.936719 0.565278 0.971875 0.575000 0.976562 0.577778 0.989844 0.580556 0.994531 0.583333 0.998437 0.583333 0.999219 0.854167 0.989062 0.852778 0.979688 0.851389 0.952344 0.847222 0.925000 0.843056 0.870313 0.833333 0.806250 0.823611 0.788281 0.820833 0.771875 0.819444 0.724219 0.815278 0.643750 0.808333 0.595313 0.804167 0.578906 0.802778 0.475781 0.801389 0.372656 0.800000 0.357031 0.801389 0.310937 0.805556 0.234375 0.812500 0.203906 0.815278 0.188281 0.816667 0.175000 0.818056 0.164844 0.819444 0.135937 0.823611 0.068750 0.834722 0.029687 0.840278 0.010937 0.843056 0.001563 0.844444 0.000000 0.844444 0.000000 0.673611 0.003125 0.670833 0.016406 0.663889 0.018750 0.661111 0.055469 0.640278 0.131250 0.593056 0.168750 0.570833 0.216406 0.543056 0.261719 0.516667 0.276562 0.508333 0.282031 0.505556 0.287500 0.502778 0.346094 0.473611 0.371094 0.461111 0.405469 0.444444 0.434375 0.430556 0.451562 0.422222 0.457813 0.419444 0.460938 0.418056 0.439844 0.415278 0.428125 0.415278 0.400000 0.416667 0.400000 0.404167 0.397656 0.402778 0.397656 0.397222 0.396875 0.395833 0.396875 0.388889 0.392188 0.387500 0.387500 0.390278 0.388281 0.387500 0.389062 0.383333 0.389844 0.381944 0.393750 0.376389 0.392969 0.369444 0.397656 0.370833 0.396875 0.373611 0.397656 0.379167 0.414062 0.380556 0.415625 0.377778 0.416406 0.373611 0.416406 0.366667 0.420312 0.366667 0.421094 0.365278 0.425781 0.363889 0.425000 0.355556 0.431250 0.355556 0.431250 0.358333 0.436719 0.359722 0.435937 0.366667 0.435937 0.369444 0.439844 0.376389 0.438281 0.376389 0.436719 0.388889 0.436719 0.394444 0.437500 0.398611 0.440625 0.400000 0.446875 0.398611 0.447656 0.400000 0.453906 0.400000 0.457813 0.398611 0.459375 0.393056 0.459375 0.388889 0.458594 0.386111 0.452344 0.375000 0.441406 0.375000 0.438281 0.376389 0.439844 0.376389 0.444531 0.373611 0.445312 0.369444 0.444531 0.358333 0.453906 0.358333 0.454688 0.356944 0.459375 0.356944 0.457813 0.361111 0.457813 0.363889 0.454688 0.372222 0.453906 0.375000 0.458594 0.377778 0.464062 0.376389 0.467969 0.376389 0.467969 0.355556 0.468750 0.365278 0.474219 0.366667 0.475000 0.355556 0.481250 0.354167 0.484375 0.354167 0.484375 0.361111 0.489063 0.362500 0.492969 0.361111 0.493750 0.356944 0.492188 0.352778 0.502344 0.352778 0.506250 0.351389 0.510938 0.347222 0.517969 0.347222
3 0.481250 0.370833 0.479687 0.373611 0.478125 0.377778 0.477344 0.380556 0.476562 0.391667 0.475781 0.404167 0.475781 0.418056 0.476562 0.425000 0.477344 0.427778 0.483594 0.427778 0.485156 0.425000 0.489063 0.423611 0.490625 0.423611 0.494531 0.427778 0.496875 0.429167 0.500000 0.427778 0.500000 0.430556 0.504687 0.430556 0.506250 0.429167 0.506250 0.425000 0.507031 0.423611 0.507031 0.413889 0.507812 0.405556 0.510156 0.397222 0.509375 0.394444 0.507812 0.390278 0.507031 0.381944 0.506250 0.377778 0.502344 0.370833 0.481250 0.370833
2 0.199219 0.386111 0.196094 0.387500 0.195312 0.388889 0.193750 0.388889 0.192969 0.393056 0.191406 0.395833 0.187500 0.398611 0.187500 0.406944 0.189062 0.409722 0.195312 0.408333 0.198437 0.408333 0.201563 0.411111 0.203906 0.411111 0.207031 0.408333 0.213281 0.408333 0.221875 0.409722 0.223438 0.408333 0.223438 0.402778 0.222656 0.401389 0.222656 0.398611 0.220312 0.395833 0.218750 0.394444 0.214062 0.394444 0.211719 0.388889 0.207813 0.386111 0.199219 0.386111
2 0.128125 0.363889 0.121094 0.365278 0.118750 0.369444 0.117188 0.370833 0.114062 0.372222 0.115625 0.373611 0.142969 0.372222 0.142969 0.368056 0.141406 0.365278 0.139844 0.363889 0.128125 0.363889
2 0.070312 0.361111 0.064844 0.362500 0.062500 0.363889 0.060937 0.365278 0.057813 0.369444 0.053906 0.370833 0.052344 0.372222 0.053125 0.375000 0.053125 0.376389 0.077344 0.379167 0.075000 0.383333 0.071094 0.387500 0.074219 0.394444 0.082812 0.394444 0.094531 0.393056 0.095312 0.375000 0.093750 0.373611 0.094531 0.366667 0.090625 0.366667 0.089844 0.365278 0.084375 0.363889 0.084375 0.361111 0.070312 0.361111
2 0.026562 0.361111 0.024219 0.363889 0.020313 0.365278 0.014063 0.366667 0.012500 0.368056 0.011719 0.370833 0.008594 0.372222 0.007031 0.369444 0.000000 0.369444 0.000000 0.380556 0.002344 0.380556 0.005469 0.381944 0.007031 0.384722 0.008594 0.386111 0.011719 0.384722 0.013281 0.380556 0.021875 0.381944 0.024219 0.381944 0.025781 0.379167 0.035156 0.380556 0.037500 0.380556 0.039062 0.377778 0.039844 0.370833 0.036719 0.363889 0.035156 0.361111 0.026562 0.361111
2 0.267188 0.355556 0.260156 0.358333 0.252344 0.358333 0.247656 0.359722 0.245312 0.362500 0.243750 0.362500 0.242188 0.363889 0.242969 0.370833 0.254688 0.372222 0.259375 0.372222 0.263281 0.370833 0.265625 0.368056 0.300000 0.368056 0.300781 0.365278 0.300781 0.362500 0.300000 0.359722 0.298438 0.356944 0.295312 0.355556 0.289844 0.355556 0.282031 0.356944 0.267188 0.355556
2 0.214844 0.354167 0.213281 0.356944 0.210156 0.356944 0.210156 0.359722 0.209375 0.361111 0.209375 0.363889 0.215625 0.363889 0.219531 0.366667 0.218750 0.373611 0.223438 0.375000 0.225000 0.372222 0.230469 0.373611 0.232813 0.373611 0.234375 0.370833 0.235156 0.368056 0.231250 0.362500 0.228906 0.361111 0.224219 0.359722 0.224219 0.356944 0.223438 0.354167 0.214844 0.354167
2 0.091406 0.347222 0.090625 0.350000 0.085156 0.350000 0.085156 0.354167 0.086719 0.356944 0.096875 0.356944 0.097656 0.354167 0.097656 0.350000 0.096094 0.347222 0.091406 0.347222
29 0.582031 0.356944 0.582031 0.368056 0.581250 0.369444 0.581250 0.379167 0.587500 0.379167 0.587500 0.356944 0.582031 0.356944
29 0.469531 0.344444 0.469531 0.365278 0.474219 0.365278 0.474219 0.354167 0.475000 0.352778 0.475000 0.344444 0.469531 0.344444
30 0.095312 0.373611 0.095312 0.376389 0.095312 0.411111 0.103906 0.411111 0.104688 0.412500 0.115625 0.412500 0.127344 0.415278 0.135937 0.415278 0.135937 0.375000 0.115625 0.375000 0.114844 0.373611 0.095312 0.373611
30 0.659375 0.356944 0.658594 0.379167 0.658594 0.393056 0.665625 0.393056 0.666406 0.394444 0.698438 0.395833 0.701562 0.394444 0.702344 0.368056 0.701562 0.356944 0.659375 0.356944
30 0.439844 0.355556 0.437500 0.358333 0.436719 0.366667 0.436719 0.369444 0.439844 0.375000 0.442969 0.372222 0.444531 0.372222 0.444531 0.369444 0.443750 0.355556 0.439844 0.355556
21 0.411719 0.295833 0.411719 0.301389 0.403125 0.300000 0.403125 0.297222 0.373437 0.297222 0.376563 0.298611 0.380469 0.301389 0.382031 0.302778 0.382812 0.316667 0.385156 0.320833 0.385937 0.326389 0.386719 0.331944 0.387500 0.338889 0.387500 0.347222 0.388281 0.348611 0.388281 0.352778 0.389844 0.352778 0.392969 0.355556 0.396094 0.356944 0.397656 0.355556 0.399219 0.354167 0.400781 0.343056 0.403125 0.341667 0.410938 0.333333 0.412500 0.330556 0.411719 0.319444 0.412500 0.315278 0.419531 0.315278 0.423438 0.308333 0.416406 0.306944 0.414844 0.304167 0.414844 0.295833 0.411719 0.295833
21 0.018750 0.245833 0.030469 0.247222 0.042188 0.248611 0.042969 0.250000 0.048438 0.250000 0.048438 0.255556 0.054688 0.258333 0.064062 0.259722 0.074219 0.261111 0.078906 0.261111 0.079687 0.258333 0.092188 0.258333 0.092188 0.261111 0.097656 0.263889 0.107031 0.265278 0.115625 0.266667 0.125000 0.268056 0.134375 0.269444 0.137500 0.269444 0.138281 0.258333 0.151562 0.258333 0.153906 0.268056 0.155469 0.270833 0.158594 0.270833 0.163281 0.273611 0.164844 0.273611 0.165625 0.269444 0.178125 0.270833 0.178906 0.273611 0.181250 0.275000 0.191406 0.276389 0.210938 0.279167 0.231250 0.281944 0.251563 0.284722 0.260937 0.286111 0.267969 0.286111 0.268750 0.283333 0.272656 0.283333 0.281250 0.284722 0.282031 0.287500 0.285156 0.287500 0.285156 0.290278 0.285938 0.291667 0.285938 0.297222 0.286719 0.304167 0.298438 0.305556 0.299219 0.308333 0.309375 0.309722 0.310156 0.295833 0.339844 0.295833 0.340625 0.297222 0.355469 0.297222 0.352344 0.311111 0.352344 0.323611 0.351562 0.325000 0.351562 0.330556 0.350000 0.327778 0.350000 0.326389 0.346875 0.319444 0.342969 0.312500 0.341406 0.311111 0.339062 0.309722 0.337500 0.308333 0.335156 0.309722 0.332031 0.312500 0.330469 0.313889 0.329688 0.315278 0.328906 0.318056 0.327344 0.325000 0.325781 0.336111 0.325000 0.338889 0.324219 0.340278 0.319531 0.345833 0.319531 0.351389 0.305469 0.351389 0.304688 0.352778 0.275781 0.352778 0.275000 0.354167 0.245312 0.355556 0.224219 0.354167 0.214844 0.352778 0.213281 0.355556 0.209375 0.356944 0.185938 0.358333 0.162500 0.358333 0.140625 0.359722 0.118750 0.362500 0.096875 0.363889 0.085156 0.363889 0.085156 0.361111 0.086719 0.358333 0.097656 0.356944 0.098437 0.354167 0.098437 0.350000 0.096094 0.345833 0.091406 0.345833 0.090625 0.348611 0.085156 0.348611 0.084375 0.354167 0.086719 0.358333 0.085156 0.361111 0.070312 0.359722 0.064844 0.361111 0.060156 0.365278 0.053125 0.366667 0.037500 0.365278 0.035156 0.359722 0.026562 0.359722 0.024219 0.362500 0.020313 0.363889 0.017969 0.363889 0.014063 0.365278 0.011719 0.368056 0.009375 0.369444 0.007812 0.369444 0.000000 0.368056 0.000000 0.252778 0.005469 0.252778 0.006250 0.254167 0.011719 0.254167 0.013281 0.251389 0.013281 0.247222 0.018750 0.245833
25 0.177344 0.491667 0.175781 0.493056 0.171094 0.495833 0.169531 0.497222 0.168750 0.498611 0.164844 0.506944 0.171875 0.508333 0.177344 0.506944 0.178125 0.505556 0.180469 0.505556 0.180469 0.498611 0.178906 0.494444 0.177344 0.491667
25 0.074219 0.468056 0.071094 0.472222 0.067969 0.476389 0.067187 0.477778 0.067187 0.479167 0.065625 0.481944 0.063281 0.488889 0.060937 0.497222 0.060156 0.501389 0.060156 0.511111 0.060156 0.518056 0.062500 0.525000 0.062500 0.531944 0.060937 0.538889 0.058594 0.540278 0.054688 0.541667 0.050781 0.543056 0.042969 0.544444 0.039844 0.545833 0.030469 0.555556 0.032031 0.555556 0.039844 0.561111 0.041406 0.561111 0.042188 0.559722 0.047656 0.558333 0.048438 0.556944 0.060937 0.551389 0.074219 0.545833 0.079687 0.544444 0.089844 0.543056 0.095312 0.540278 0.100000 0.540278 0.101562 0.538889 0.103125 0.534722 0.106250 0.533333 0.110937 0.531944 0.118750 0.530556 0.122656 0.529167 0.126562 0.527778 0.133594 0.525000 0.136719 0.523611 0.138281 0.520833 0.144531 0.506944 0.145313 0.502778 0.142969 0.498611 0.142187 0.495833 0.142969 0.487500 0.142187 0.487500 0.140625 0.486111 0.137500 0.487500 0.135156 0.483333 0.135156 0.479167 0.129688 0.470833 0.125781 0.473611 0.123438 0.473611 0.122656 0.476389 0.121875 0.480556 0.120313 0.483333 0.114062 0.484722 0.104688 0.484722 0.098437 0.487500 0.095312 0.486111 0.095312 0.484722 0.093750 0.481944 0.092969 0.481944 0.087500 0.473611 0.085938 0.472222 0.077344 0.468056 0.074219 0.468056
25 0.264844 0.448611 0.262500 0.451389 0.260937 0.454167 0.260156 0.465278 0.257812 0.466667 0.248438 0.470833 0.244531 0.472222 0.242188 0.468056 0.233594 0.461111 0.228906 0.466667 0.225781 0.470833 0.220312 0.480556 0.220312 0.481944 0.214844 0.491667 0.214062 0.491667 0.212500 0.494444 0.214062 0.493056 0.218750 0.493056 0.219531 0.491667 0.224219 0.491667 0.235937 0.487500 0.244531 0.484722 0.251563 0.481944 0.261719 0.476389 0.271875 0.472222 0.275000 0.472222 0.278906 0.469444 0.278906 0.459722 0.272656 0.448611 0.264844 0.448611
25 0.366406 0.256944 0.363281 0.259722 0.362500 0.263889 0.360156 0.279167 0.356250 0.293056 0.353125 0.311111 0.353125 0.323611 0.352344 0.330556 0.350781 0.333333 0.350000 0.329167 0.349219 0.326389 0.346094 0.319444 0.342969 0.313889 0.341406 0.312500 0.337500 0.309722 0.335156 0.311111 0.333594 0.312500 0.332031 0.313889 0.331250 0.315278 0.331250 0.316667 0.329688 0.319444 0.328906 0.322222 0.328125 0.325000 0.326562 0.336111 0.325781 0.338889 0.320312 0.348611 0.319531 0.352778 0.317969 0.358333 0.317188 0.362500 0.317188 0.368056 0.318750 0.376389 0.317969 0.380556 0.316406 0.380556 0.313281 0.383333 0.313281 0.390278 0.311719 0.394444 0.311719 0.415278 0.314844 0.426389 0.317188 0.430556 0.317969 0.434722 0.317969 0.456944 0.324219 0.456944 0.331250 0.455556 0.339062 0.454167 0.342969 0.452778 0.346875 0.445833 0.350000 0.441667 0.352344 0.441667 0.353125 0.443056 0.356250 0.443056 0.360156 0.436111 0.360938 0.444444 0.362500 0.444444 0.367188 0.441667 0.375000 0.438889 0.380469 0.437500 0.385937 0.437500 0.392188 0.436111 0.395313 0.434722 0.399219 0.430556 0.401562 0.427778 0.400781 0.423611 0.399219 0.416667 0.399219 0.404167 0.396094 0.402778 0.396094 0.395833 0.394531 0.388889 0.392188 0.388889 0.386719 0.390278 0.386719 0.387500 0.388281 0.383333 0.389844 0.380556 0.390625 0.380556 0.392969 0.375000 0.392188 0.363889 0.391406 0.356944 0.389844 0.354167 0.387500 0.352778 0.386719 0.347222 0.386719 0.338889 0.385937 0.331944 0.385156 0.326389 0.384375 0.322222 0.382031 0.318056 0.381250 0.304167 0.379688 0.302778 0.378125 0.301389 0.375000 0.300000 0.374219 0.298611 0.372656 0.297222 0.373437 0.291667 0.372656 0.290278 0.372656 0.286111 0.373437 0.283333 0.375781 0.277778 0.372656 0.272222 0.370312 0.266667 0.369531 0.263889 0.368750 0.261111 0.367969 0.256944 0.366406 0.256944
25 0.638281 0.218056 0.639844 0.218056 0.641406 0.220833 0.641406 0.226389 0.642188 0.226389 0.652344 0.226389 0.657031 0.236111 0.657813 0.238889 0.658594 0.243056 0.659375 0.251389 0.660937 0.252778 0.663281 0.252778 0.664844 0.254167 0.667188 0.258333 0.666406 0.261111 0.666406 0.263889 0.668750 0.268056 0.671094 0.268056 0.671875 0.272222 0.673438 0.275000 0.675781 0.275000 0.678125 0.279167 0.675781 0.284722 0.678906 0.287500 0.680469 0.284722 0.680469 0.283333 0.682031 0.280556 0.685156 0.280556 0.685156 0.283333 0.687500 0.291667 0.687500 0.294444 0.692969 0.295833 0.697656 0.293056 0.710938 0.291667 0.724219 0.291667 0.732031 0.288889 0.740625 0.287500 0.742188 0.287500 0.746875 0.288889 0.752344 0.291667 0.774219 0.291667 0.786719 0.290278 0.799219 0.288889 0.809375 0.287500 0.816406 0.286111 0.823438 0.284722 0.829688 0.283333 0.840625 0.277778 0.846875 0.275000 0.850000 0.275000 0.851562 0.276389 0.853906 0.280556 0.855469 0.281944 0.857812 0.281944 0.861719 0.279167 0.868750 0.276389 0.872656 0.275000 0.903125 0.275000 0.919531 0.272222 0.922656 0.272222 0.925781 0.273611 0.928906 0.275000 0.932031 0.277778 0.935156 0.279167 0.944531 0.280556 0.956250 0.280556 0.964844 0.279167 0.973437 0.276389 0.982812 0.275000 0.999219 0.275000 0.999219 0.520833 0.997656 0.522222 0.982031 0.522222 0.978906 0.520833 0.972656 0.516667 0.966406 0.515278 0.963281 0.513889 0.961719 0.512500 0.957812 0.506944 0.952344 0.502778 0.949219 0.500000 0.935937 0.476389 0.935937 0.470833 0.935156 0.468056 0.934375 0.465278 0.932031 0.461111 0.929688 0.459722 0.931250 0.440278 0.934375 0.440278 0.937500 0.434722 0.943750 0.434722 0.946094 0.431944 0.948438 0.427778 0.949219 0.425000 0.950000 0.422222 0.950000 0.418056 0.947656 0.406944 0.947656 0.397222 0.948438 0.394444 0.951562 0.388889 0.956250 0.394444 0.957812 0.395833 0.957812 0.390278 0.956250 0.387500 0.954688 0.381944 0.955469 0.372222 0.954688 0.368056 0.950781 0.365278 0.941406 0.365278 0.934375 0.363889 0.928906 0.362500 0.923438 0.359722 0.918750 0.358333 0.917188 0.358333 0.916406 0.359722 0.904687 0.363889 0.901563 0.365278 0.902344 0.372222 0.900781 0.377778 0.900781 0.391667 0.898438 0.397222 0.898438 0.401389 0.900000 0.405556 0.896875 0.415278 0.896094 0.418056 0.896875 0.420833 0.901563 0.412500 0.903906 0.415278 0.903906 0.416667 0.905469 0.419444 0.908594 0.420833 0.911719 0.420833 0.915625 0.425000 0.919531 0.426389 0.926562 0.433333 0.928906 0.434722 0.931250 0.440278 0.929688 0.459722 0.927344 0.459722 0.925781 0.461111 0.921875 0.466667 0.921094 0.466667 0.920312 0.468056 0.919531 0.472222 0.917969 0.475000 0.914844 0.484722 0.914062 0.488889 0.914062 0.493056 0.913281 0.497222 0.912500 0.500000 0.911719 0.502778 0.909375 0.502778 0.907813 0.501389 0.908594 0.497222 0.911719 0.486111 0.912500 0.483333 0.908594 0.480556 0.904687 0.480556 0.896875 0.494444 0.895312 0.495833 0.891406 0.498611 0.889062 0.500000 0.883594 0.500000 0.875781 0.495833 0.871875 0.494444 0.867188 0.493056 0.860156 0.491667 0.846875 0.490278 0.839844 0.488889 0.828125 0.484722 0.821875 0.483333 0.800781 0.479167 0.803906 0.419444 0.817969 0.419444 0.821875 0.418056 0.824219 0.413889 0.825781 0.409722 0.826562 0.406944 0.826562 0.404167 0.827344 0.401389 0.828125 0.400000 0.831250 0.395833 0.834375 0.388889 0.821875 0.387500 0.772656 0.388889 0.757031 0.359722 0.758594 0.356944 0.743750 0.355556 0.740625 0.361111 0.739844 0.363889 0.748437 0.366667 0.757031 0.359722 0.772656 0.388889 0.771875 0.393056 0.772656 0.401389 0.775000 0.405556 0.777344 0.406944 0.779687 0.408333 0.782031 0.408333 0.782813 0.406944 0.786719 0.405556 0.798438 0.405556 0.799219 0.406944 0.800781 0.408333 0.799219 0.411111 0.798438 0.413889 0.800000 0.416667 0.802344 0.416667 0.803906 0.419444 0.800781 0.479167 0.765625 0.473611 0.764844 0.472222 0.758594 0.472222 0.757031 0.470833 0.756250 0.468056 0.756250 0.465278 0.754687 0.462500 0.750000 0.461111 0.745313 0.461111 0.743750 0.469444 0.736719 0.468056 0.722656 0.465278 0.716406 0.463889 0.712500 0.462500 0.710156 0.461111 0.709375 0.456944 0.707031 0.452778 0.706250 0.447222 0.703906 0.450000 0.700000 0.448611 0.700000 0.447222 0.698438 0.444444 0.697656 0.448611 0.696875 0.451389 0.695312 0.454167 0.689844 0.454167 0.685156 0.451389 0.682031 0.451389 0.680469 0.448611 0.679688 0.445833 0.678125 0.444444 0.675000 0.441667 0.671875 0.441667 0.668750 0.437500 0.667969 0.443056 0.667188 0.445833 0.664844 0.440278 0.664844 0.426389 0.666406 0.395833 0.698438 0.397222 0.700781 0.397222 0.702344 0.394444 0.703125 0.368056 0.703125 0.358333 0.701562 0.355556 0.659375 0.355556 0.657813 0.379167 0.657813 0.393056 0.666406 0.395833 0.664844 0.426389 0.659375 0.425000 0.650000 0.426389 0.648438 0.429167 0.648438 0.438889 0.646094 0.438889 0.645312 0.437500 0.642969 0.437500 0.642969 0.430556 0.641406 0.422222 0.619531 0.423611 0.619531 0.416667 0.618750 0.415278 0.618750 0.406944 0.617188 0.397222 0.617188 0.390278 0.615625 0.387500 0.614062 0.386111 0.611719 0.384722 0.608594 0.383333 0.605469 0.391667 0.603125 0.395833 0.601562 0.395833 0.600781 0.394444 0.597656 0.393056 0.596875 0.390278 0.596094 0.386111 0.595313 0.380556 0.595313 0.365278 0.593750 0.363889 0.592969 0.361111 0.592969 0.356944 0.593750 0.354167 0.596875 0.354167 0.599219 0.350000 0.603125 0.338889 0.601562 0.334722 0.597656 0.334722 0.597656 0.329167 0.596094 0.326389 0.557031 0.326389 0.542969 0.325000 0.539062 0.322222 0.513281 0.322222 0.512500 0.320833 0.503906 0.320833 0.503906 0.318056 0.499219 0.316667 0.489063 0.318056 0.475781 0.315278 0.447656 0.316667 0.436719 0.316667 0.427344 0.315278 0.426563 0.313889 0.421094 0.313889 0.425000 0.306944 0.427344 0.305556 0.432812 0.305556 0.433594 0.306944 0.439844 0.306944 0.442188 0.302778 0.445312 0.304167 0.449219 0.306944 0.467969 0.306944 0.474219 0.301389 0.478125 0.300000 0.484375 0.300000 0.489844 0.302778 0.502344 0.302778 0.509375 0.300000 0.525000 0.300000 0.539062 0.298611 0.544531 0.294444 0.558594 0.293056 0.581250 0.291667 0.579688 0.287500 0.578906 0.286111 0.576562 0.284722 0.575000 0.279167 0.574219 0.276389 0.575781 0.273611 0.578906 0.273611 0.579688 0.262500 0.580469 0.258333 0.581250 0.255556 0.583594 0.250000 0.586719 0.244444 0.589844 0.240278 0.592187 0.240278 0.594531 0.238889 0.596094 0.233333 0.596875 0.223611 0.597656 0.222222 0.597656 0.219444 0.601562 0.219444 0.605469 0.220833 0.607812 0.225000 0.611719 0.233333 0.614062 0.234722 0.614844 0.240278 0.621094 0.241667 0.623437 0.244444 0.625000 0.241667 0.625000 0.238889 0.625781 0.236111 0.626563 0.234722 0.628125 0.233333 0.628906 0.233333 0.630469 0.231944 0.630469 0.223611 0.632031 0.220833 0.635156 0.220833 0.635938 0.218056 0.638281 0.218056
25 0.999219 0.179167 0.995313 0.184722 0.994531 0.187500 0.994531 0.190278 0.996875 0.193056 0.997656 0.193056 0.997656 0.201389 0.991406 0.200000 0.991406 0.190278 0.985938 0.193056 0.985156 0.198611 0.984375 0.205556 0.982031 0.205556 0.982031 0.211111 0.983594 0.213889 0.983594 0.225000 0.985156 0.226389 0.987500 0.229167 0.987500 0.243056 0.989844 0.243056 0.991406 0.241667 0.994531 0.237500 0.996094 0.243056 0.996094 0.247222 0.997656 0.251389 0.999219 0.252778 0.999219 0.179167
26 0.439844 0.416667 0.460156 0.418056 0.457813 0.418056 0.457031 0.419444 0.451562 0.420833 0.422656 0.436111 0.404687 0.444444 0.383594 0.454167 0.362500 0.462500 0.353906 0.466667 0.338281 0.473611 0.329688 0.477778 0.314063 0.486111 0.254688 0.518056 0.228906 0.531944 0.186719 0.556944 0.150000 0.579167 0.087500 0.618056 0.042188 0.645833 0.014063 0.662500 0.005469 0.668056 0.001563 0.669444 0.000000 0.670833 0.000000 0.511111 0.007031 0.508333 0.018750 0.506944 0.037500 0.501389 0.043750 0.500000 0.050781 0.498611 0.057813 0.497222 0.060156 0.497222 0.060156 0.500000 0.059375 0.511111 0.059375 0.518056 0.061719 0.525000 0.061719 0.531944 0.060937 0.533333 0.060937 0.537500 0.059375 0.537500 0.058594 0.538889 0.054688 0.540278 0.050781 0.541667 0.042969 0.543056 0.039844 0.544444 0.032031 0.551389 0.030469 0.552778 0.032813 0.558333 0.037500 0.561111 0.039844 0.562500 0.041406 0.562500 0.042188 0.561111 0.060937 0.552778 0.067969 0.550000 0.074219 0.547222 0.079687 0.545833 0.089844 0.544444 0.095312 0.541667 0.100000 0.541667 0.101562 0.540278 0.102344 0.538889 0.102344 0.537500 0.106250 0.534722 0.110937 0.533333 0.118750 0.531944 0.122656 0.530556 0.126562 0.529167 0.133594 0.526389 0.136719 0.525000 0.139063 0.520833 0.139063 0.519444 0.142187 0.513889 0.145313 0.506944 0.146094 0.504167 0.143750 0.498611 0.142969 0.495833 0.143750 0.491667 0.142969 0.486111 0.141406 0.484722 0.137500 0.486111 0.135937 0.483333 0.135937 0.479167 0.140625 0.479167 0.152344 0.475000 0.175000 0.470833 0.177344 0.490278 0.175781 0.491667 0.171094 0.494444 0.169531 0.495833 0.167969 0.498611 0.164062 0.506944 0.171875 0.509722 0.177344 0.508333 0.180469 0.506944 0.181250 0.498611 0.179688 0.494444 0.177344 0.490278 0.175000 0.470833 0.220312 0.458333 0.232031 0.455556 0.250000 0.451389 0.255469 0.451389 0.256250 0.450000 0.261719 0.450000 0.262500 0.448611 0.264062 0.448611 0.260156 0.454167 0.260156 0.463889 0.258594 0.463889 0.257812 0.465278 0.254688 0.466667 0.249219 0.468056 0.245312 0.470833 0.242188 0.466667 0.235937 0.461111 0.234375 0.459722 0.228906 0.465278 0.225781 0.469444 0.219531 0.481944 0.214062 0.490278 0.211719 0.494444 0.218750 0.494444 0.219531 0.493056 0.224219 0.493056 0.244531 0.486111 0.251563 0.483333 0.268750 0.475000 0.275000 0.473611 0.278125 0.472222 0.279687 0.469444 0.279687 0.459722 0.272656 0.447222 0.267969 0.447222 0.273438 0.447222 0.274219 0.445833 0.279687 0.445833 0.285938 0.443056 0.303906 0.438889 0.310156 0.437500 0.317188 0.436111 0.317188 0.456944 0.324219 0.458333 0.331250 0.456944 0.339062 0.455556 0.342969 0.454167 0.346875 0.447222 0.350000 0.443056 0.352344 0.443056 0.353125 0.444444 0.356250 0.444444 0.360156 0.437500 0.360156 0.444444 0.362500 0.445833 0.366406 0.444444 0.375000 0.440278 0.380469 0.438889 0.385937 0.438889 0.392188 0.437500 0.395313 0.436111 0.399219 0.431944 0.402344 0.427778 0.400781 0.422222 0.400781 0.418056 0.428125 0.416667 0.439844 0.416667
26 0.821875 0.388889 0.821094 0.390278 0.772656 0.390278 0.772656 0.393056 0.773438 0.401389 0.775000 0.404167 0.777344 0.405556 0.779687 0.406944 0.782031 0.406944 0.782813 0.405556 0.786719 0.404167 0.798438 0.404167 0.800000 0.405556 0.801562 0.408333 0.800000 0.411111 0.799219 0.413889 0.802344 0.415278 0.805469 0.418056 0.808594 0.418056 0.819531 0.416667 0.821094 0.415278 0.822656 0.413889 0.825000 0.409722 0.825781 0.406944 0.825781 0.404167 0.826562 0.401389 0.828125 0.398611 0.828906 0.398611 0.830469 0.395833 0.833594 0.388889 0.821875 0.388889
26 0.594531 0.379167 0.592187 0.384722 0.590625 0.390278 0.580469 0.408333 0.575781 0.419444 0.576562 0.425000 0.577344 0.430556 0.578125 0.434722 0.581250 0.440278 0.583594 0.443056 0.585156 0.444444 0.587500 0.445833 0.592969 0.448611 0.604688 0.455556 0.614844 0.461111 0.622656 0.465278 0.628125 0.468056 0.632812 0.469444 0.636719 0.470833 0.650000 0.475000 0.676562 0.483333 0.729688 0.500000 0.765625 0.511111 0.850781 0.537500 0.985938 0.579167 0.994531 0.581944 0.999219 0.583333 0.999219 0.522222 0.982031 0.523611 0.978906 0.522222 0.972656 0.518056 0.966406 0.516667 0.963281 0.515278 0.961719 0.513889 0.957812 0.508333 0.947656 0.500000 0.939844 0.487500 0.934375 0.476389 0.935156 0.470833 0.933594 0.465278 0.932031 0.462500 0.929688 0.461111 0.927344 0.461111 0.925781 0.462500 0.923438 0.465278 0.921094 0.468056 0.920312 0.470833 0.918750 0.475000 0.915625 0.484722 0.914844 0.488889 0.914062 0.498611 0.912500 0.504167 0.909375 0.504167 0.907813 0.502778 0.907031 0.500000 0.907813 0.497222 0.909375 0.493056 0.911719 0.483333 0.909375 0.483333 0.908594 0.481944 0.904687 0.481944 0.896875 0.495833 0.895312 0.497222 0.891406 0.500000 0.889062 0.501389 0.883594 0.501389 0.872656 0.498611 0.828125 0.486111 0.821875 0.484722 0.800781 0.480556 0.764844 0.473611 0.758594 0.473611 0.757031 0.472222 0.756250 0.470833 0.754687 0.463889 0.750000 0.462500 0.745313 0.462500 0.745313 0.468056 0.743750 0.470833 0.736719 0.469444 0.722656 0.466667 0.716406 0.465278 0.712500 0.463889 0.710156 0.462500 0.708594 0.459722 0.708594 0.456944 0.706250 0.452778 0.706250 0.448611 0.703906 0.451389 0.700781 0.451389 0.699219 0.448611 0.698438 0.445833 0.698438 0.448611 0.697656 0.451389 0.695312 0.455556 0.689844 0.455556 0.685937 0.454167 0.682031 0.452778 0.679688 0.447222 0.677344 0.445833 0.675000 0.443056 0.671875 0.443056 0.668750 0.438889 0.668750 0.443056 0.667969 0.445833 0.666406 0.447222 0.664844 0.444444 0.664062 0.440278 0.664062 0.426389 0.659375 0.426389 0.649219 0.429167 0.648438 0.440278 0.646094 0.440278 0.642188 0.437500 0.642188 0.430556 0.641406 0.429167 0.641406 0.423611 0.618750 0.423611 0.617969 0.416667 0.617188 0.401389 0.616406 0.394444 0.615625 0.393056 0.615625 0.388889 0.613281 0.388889 0.608594 0.386111 0.606250 0.390278 0.603125 0.397222 0.601562 0.397222 0.596875 0.394444 0.596094 0.391667 0.595313 0.386111 0.595313 0.381944 0.594531 0.379167
26 0.917188 0.359722 0.916406 0.361111 0.903906 0.366667 0.901563 0.366667 0.903125 0.373611 0.901563 0.377778 0.901563 0.391667 0.899219 0.397222 0.899219 0.401389 0.900781 0.405556 0.899219 0.411111 0.896875 0.418056 0.896094 0.420833 0.902344 0.411111 0.906250 0.418056 0.908594 0.419444 0.911719 0.419444 0.914062 0.420833 0.919531 0.425000 0.928906 0.433333 0.931250 0.437500 0.935156 0.437500 0.937500 0.433333 0.939063 0.431944 0.941406 0.430556 0.946094 0.430556 0.947656 0.427778 0.948438 0.425000 0.949219 0.422222 0.949219 0.418056 0.946875 0.406944 0.946875 0.395833 0.951562 0.387500 0.957812 0.394444 0.957031 0.391667 0.957031 0.390278 0.955469 0.387500 0.953906 0.380556 0.954688 0.372222 0.953906 0.370833 0.953906 0.368056 0.951562 0.368056 0.950781 0.366667 0.941406 0.366667 0.934375 0.365278 0.928906 0.363889 0.923438 0.361111 0.918750 0.359722 0.917188 0.359722
26 0.743750 0.356944 0.741406 0.361111 0.740625 0.363889 0.749219 0.365278 0.750781 0.363889 0.755469 0.359722 0.757812 0.356944 0.743750 0.356944
27 0.000000 0.000000 0.000000 0.251389 0.005469 0.251389 0.006250 0.252778 0.012500 0.251389 0.012500 0.247222 0.014063 0.244444 0.018750 0.244444 0.030469 0.245833 0.031250 0.247222 0.042188 0.247222 0.049219 0.250000 0.049219 0.255556 0.053906 0.255556 0.054688 0.256944 0.064062 0.258333 0.074219 0.259722 0.078906 0.259722 0.079687 0.256944 0.092969 0.258333 0.092969 0.261111 0.096875 0.261111 0.097656 0.262500 0.106250 0.262500 0.115625 0.265278 0.125000 0.266667 0.134375 0.268056 0.137500 0.268056 0.138281 0.256944 0.152344 0.258333 0.153125 0.261111 0.153906 0.265278 0.154688 0.268056 0.159375 0.270833 0.163281 0.272222 0.164844 0.272222 0.165625 0.268056 0.177344 0.268056 0.180469 0.272222 0.181250 0.273611 0.190625 0.273611 0.191406 0.275000 0.200781 0.275000 0.210938 0.277778 0.251563 0.283333 0.260937 0.284722 0.267969 0.284722 0.268750 0.281944 0.272656 0.281944 0.282031 0.284722 0.285938 0.287500 0.286719 0.291667 0.287500 0.298611 0.287500 0.304167 0.298438 0.304167 0.300000 0.308333 0.309375 0.308333 0.310156 0.294444 0.340625 0.295833 0.355469 0.295833 0.356250 0.290278 0.357812 0.286111 0.359375 0.279167 0.362500 0.259722 0.364063 0.256944 0.366406 0.255556 0.367969 0.255556 0.369531 0.258333 0.370312 0.263889 0.371094 0.266667 0.373437 0.272222 0.376563 0.277778 0.374219 0.283333 0.373437 0.286111 0.373437 0.290278 0.374219 0.291667 0.374219 0.295833 0.403906 0.297222 0.403906 0.300000 0.411719 0.300000 0.411719 0.294444 0.415625 0.295833 0.416406 0.305556 0.424219 0.306944 0.427344 0.304167 0.432812 0.304167 0.433594 0.305556 0.439844 0.305556 0.442188 0.301389 0.445312 0.302778 0.449219 0.305556 0.467969 0.305556 0.474219 0.300000 0.478125 0.298611 0.479687 0.297222 0.484375 0.298611 0.489844 0.301389 0.502344 0.301389 0.509375 0.298611 0.525000 0.298611 0.539062 0.297222 0.544531 0.293056 0.558594 0.291667 0.580469 0.291667 0.578906 0.287500 0.576562 0.286111 0.575781 0.284722 0.575000 0.281944 0.573438 0.276389 0.575781 0.272222 0.578906 0.272222 0.578906 0.262500 0.579688 0.258333 0.580469 0.255556 0.582812 0.250000 0.586719 0.243056 0.589844 0.238889 0.592187 0.238889 0.592969 0.237500 0.594531 0.237500 0.594531 0.234722 0.595313 0.233333 0.596094 0.223611 0.597656 0.218056 0.601562 0.218056 0.605469 0.219444 0.608594 0.225000 0.608594 0.226389 0.611719 0.231944 0.614062 0.233333 0.615625 0.236111 0.615625 0.240278 0.621094 0.240278 0.623437 0.243056 0.624219 0.238889 0.625000 0.236111 0.626563 0.233333 0.630469 0.230556 0.629687 0.223611 0.632031 0.219444 0.638281 0.216667 0.639844 0.216667 0.641406 0.225000 0.643750 0.226389 0.653125 0.226389 0.657813 0.236111 0.658594 0.238889 0.659375 0.243056 0.659375 0.250000 0.660937 0.251389 0.663281 0.251389 0.664844 0.252778 0.667188 0.261111 0.667188 0.263889 0.668750 0.266667 0.671875 0.268056 0.672656 0.272222 0.675781 0.273611 0.678906 0.280556 0.676562 0.284722 0.678906 0.286111 0.682031 0.279167 0.685937 0.280556 0.686719 0.287500 0.688281 0.294444 0.692969 0.294444 0.697656 0.291667 0.710938 0.290278 0.724219 0.290278 0.732031 0.287500 0.740625 0.286111 0.742188 0.286111 0.746875 0.287500 0.752344 0.290278 0.774219 0.290278 0.786719 0.288889 0.799219 0.287500 0.809375 0.286111 0.816406 0.284722 0.823438 0.283333 0.829688 0.281944 0.835938 0.279167 0.846875 0.273611 0.850000 0.273611 0.851562 0.275000 0.853906 0.279167 0.855469 0.280556 0.857812 0.280556 0.861719 0.277778 0.868750 0.275000 0.872656 0.273611 0.903125 0.273611 0.919531 0.270833 0.922656 0.270833 0.925781 0.272222 0.928906 0.273611 0.932031 0.276389 0.935156 0.277778 0.944531 0.279167 0.956250 0.279167 0.964844 0.277778 0.973437 0.275000 0.982812 0.273611 0.999219 0.273611 0.998437 0.252778 0.997656 0.252778 0.996875 0.250000 0.995313 0.247222 0.995313 0.243056 0.994531 0.238889 0.991406 0.243056 0.989844 0.244444 0.987500 0.244444 0.985938 0.241667 0.986719 0.227778 0.983594 0.226389 0.982812 0.213889 0.981250 0.211111 0.982031 0.204167 0.984375 0.204167 0.985156 0.193056 0.986719 0.190278 0.992188 0.190278 0.992188 0.200000 0.997656 0.200000 0.997656 0.194444 0.995313 0.191667 0.994531 0.191667 0.993750 0.187500 0.994531 0.184722 0.995313 0.183333 0.999219 0.177778 0.999219 0.000000 0.000000 0.000000
2 0.529687 0.388889 0.524219 0.390278 0.519531 0.391667 0.515625 0.398611 0.514844 0.401389 0.514062 0.404167 0.514062 0.409722 0.513281 0.412500 0.511719 0.415278 0.509375 0.416667 0.507812 0.426389 0.507812 0.447222 0.508594 0.450000 0.511719 0.452778 0.518750 0.452778 0.520312 0.451389 0.521875 0.448611 0.537500 0.450000 0.537500 0.456944 0.539062 0.456944 0.539844 0.458333 0.542188 0.458333 0.543750 0.452778 0.544531 0.458333 0.550781 0.456944 0.552344 0.450000 0.551562 0.444444 0.550781 0.443056 0.550781 0.440278 0.553906 0.433333 0.553906 0.425000 0.551562 0.416667 0.551562 0.412500 0.550781 0.408333 0.550000 0.404167 0.549219 0.401389 0.547656 0.398611 0.543750 0.393056 0.540625 0.391667 0.536719 0.391667 0.532813 0.390278 0.532031 0.388889 0.529687 0.388889
2 0.441406 0.376389 0.440625 0.377778 0.438281 0.377778 0.437500 0.388889 0.437500 0.394444 0.438281 0.395833 0.438281 0.398611 0.440625 0.398611 0.446875 0.397222 0.447656 0.398611 0.453906 0.398611 0.454688 0.397222 0.457813 0.397222 0.457813 0.394444 0.458594 0.393056 0.458594 0.388889 0.457813 0.386111 0.452344 0.376389 0.441406 0.376389
2 0.400000 0.361111 0.399219 0.363889 0.398438 0.370833 0.397656 0.373611 0.398438 0.379167 0.414062 0.379167 0.414844 0.376389 0.415625 0.369444 0.414844 0.366667 0.414062 0.363889 0.410938 0.361111 0.400000 0.361111
2 0.513281 0.356944 0.510938 0.358333 0.509375 0.361111 0.507812 0.365278 0.507031 0.368056 0.506250 0.370833 0.507031 0.377778 0.512500 0.379167 0.514844 0.379167 0.518750 0.376389 0.517188 0.372222 0.517188 0.368056 0.517969 0.366667 0.517969 0.363889 0.516406 0.358333 0.514844 0.356944 0.513281 0.356944
2 0.459375 0.358333 0.458594 0.361111 0.458594 0.363889 0.454688 0.375000 0.458594 0.376389 0.460156 0.377778 0.464062 0.375000 0.467969 0.375000 0.467969 0.356944 0.459375 0.358333
2 0.529687 0.354167 0.526563 0.359722 0.526563 0.362500 0.528125 0.365278 0.531250 0.366667 0.535937 0.363889 0.535937 0.358333 0.534375 0.355556 0.532813 0.354167 0.529687 0.354167
2 0.546094 0.352778 0.543750 0.356944 0.543750 0.363889 0.548438 0.363889 0.553125 0.362500 0.554688 0.359722 0.551562 0.354167 0.550000 0.352778 0.546094 0.352778
2 0.486719 0.352778 0.485156 0.354167 0.485156 0.361111 0.489063 0.361111 0.489844 0.359722 0.492969 0.359722 0.492969 0.356944 0.492188 0.354167 0.486719 0.352778
