19 0.141406 0.702778 0.140625 0.704167 0.132812 0.704167 0.133594 0.708333 0.135156 0.716667 0.141406 0.747222 0.141406 0.751389 0.137500 0.758333 0.130469 0.756944 0.127344 0.756944 0.125781 0.761111 0.123438 0.768056 0.127344 0.770833 0.138281 0.775000 0.162500 0.775000 0.162500 0.751389 0.161719 0.738889 0.160938 0.726389 0.160156 0.722222 0.159375 0.716667 0.157031 0.712500 0.156250 0.712500 0.153125 0.706944 0.150000 0.702778 0.141406 0.702778
19 0.507031 0.533333 0.506250 0.534722 0.498437 0.534722 0.503906 0.536111 0.503125 0.544444 0.500781 0.545833 0.494531 0.545833 0.492969 0.543056 0.492969 0.540278 0.495312 0.536111 0.487500 0.536111 0.484375 0.540278 0.480469 0.545833 0.477344 0.550000 0.476562 0.551389 0.475781 0.555556 0.474219 0.558333 0.472656 0.559722 0.471094 0.561111 0.465625 0.559722 0.464844 0.563889 0.446094 0.565278 0.441406 0.562500 0.440625 0.559722 0.439844 0.551389 0.436719 0.552778 0.430469 0.555556 0.421875 0.559722 0.407813 0.568056 0.406250 0.570833 0.405469 0.575000 0.405469 0.588889 0.407813 0.591667 0.410156 0.593056 0.411719 0.600000 0.412500 0.606944 0.413281 0.615278 0.414062 0.627778 0.414062 0.662500 0.413281 0.672222 0.412500 0.680556 0.410156 0.684722 0.409375 0.688889 0.407813 0.693056 0.401562 0.704167 0.399219 0.705556 0.394531 0.715278 0.393750 0.716667 0.389062 0.722222 0.388281 0.723611 0.385937 0.730556 0.381250 0.738889 0.378125 0.741667 0.375781 0.744444 0.389062 0.744444 0.389844 0.743056 0.425000 0.741667 0.460938 0.740278 0.514062 0.740278 0.546094 0.738889 0.550000 0.736111 0.602344 0.736111 0.615625 0.737500 0.628906 0.738889 0.635938 0.743056 0.639844 0.744444 0.657031 0.745833 0.678906 0.745833 0.677344 0.744444 0.675000 0.740278 0.669531 0.733333 0.650000 0.709722 0.644531 0.701389 0.595313 0.638889 0.587500 0.629167 0.577344 0.616667 0.567187 0.605556 0.557031 0.593056 0.546875 0.580556 0.539062 0.570833 0.532031 0.556944 0.527344 0.548611 0.522656 0.544444 0.521094 0.544444 0.517188 0.545833 0.514062 0.548611 0.512500 0.548611 0.507812 0.547222 0.506250 0.545833 0.505469 0.536111 0.507031 0.533333 0.508594 0.533333 0.507031 0.533333
30 0.550781 0.491667 0.550000 0.494444 0.548438 0.498611 0.545312 0.506944 0.543750 0.509722 0.550000 0.509722 0.550781 0.511111 0.557031 0.511111 0.556250 0.508333 0.555469 0.505556 0.550781 0.491667
30 0.555469 0.438889 0.555469 0.455556 0.556250 0.493056 0.557031 0.494444 0.557031 0.505556 0.560937 0.505556 0.561719 0.502778 0.565625 0.504167 0.572656 0.505556 0.572656 0.484722 0.571094 0.483333 0.571875 0.465278 0.572656 0.438889 0.555469 0.438889
30 0.590625 0.431944 0.585938 0.434722 0.583594 0.436111 0.578906 0.444444 0.578125 0.456944 0.578125 0.461111 0.579688 0.465278 0.582812 0.473611 0.585156 0.479167 0.588281 0.480556 0.590625 0.483333 0.592969 0.483333 0.598437 0.481944 0.602344 0.477778 0.604688 0.475000 0.604688 0.469444 0.605469 0.468056 0.605469 0.450000 0.604688 0.445833 0.601562 0.440278 0.595313 0.430556 0.590625 0.431944
23 0.910937 0.380556 0.899219 0.384722 0.895312 0.387500 0.888281 0.388889 0.883594 0.391667 0.883594 0.398611 0.885156 0.419444 0.884375 0.433333 0.880469 0.434722 0.875000 0.436111 0.864844 0.438889 0.853906 0.441667 0.842969 0.444444 0.838281 0.445833 0.837500 0.433333 0.831250 0.433333 0.831250 0.429167 0.832031 0.413889 0.834375 0.405556 0.835156 0.402778 0.832031 0.405556 0.826562 0.408333 0.818750 0.411111 0.813281 0.415278 0.800000 0.420833 0.796875 0.423611 0.795312 0.423611 0.798438 0.430556 0.799219 0.440278 0.798438 0.447222 0.794531 0.447222 0.792969 0.448611 0.792969 0.462500 0.789062 0.463889 0.785156 0.465278 0.775781 0.468056 0.762500 0.472222 0.735156 0.480556 0.725781 0.483333 0.721094 0.484722 0.720313 0.463889 0.715625 0.462500 0.716406 0.451389 0.718750 0.450000 0.720313 0.441667 0.692187 0.441667 0.692187 0.470833 0.690625 0.473611 0.687500 0.473611 0.675781 0.477778 0.675000 0.479167 0.672656 0.479167 0.671094 0.476389 0.671094 0.473611 0.670312 0.470833 0.667969 0.463889 0.653125 0.463889 0.651563 0.465278 0.649219 0.469444 0.651563 0.473611 0.651563 0.483333 0.650000 0.504167 0.646094 0.505556 0.632812 0.509722 0.628125 0.511111 0.623437 0.512500 0.615625 0.513889 0.604688 0.513889 0.597656 0.511111 0.591406 0.511111 0.591406 0.513889 0.592969 0.534722 0.592969 0.543056 0.589844 0.548611 0.588281 0.548611 0.586719 0.547222 0.579688 0.540278 0.579688 0.543056 0.578906 0.544444 0.578906 0.548611 0.578125 0.552778 0.576562 0.555556 0.574219 0.554167 0.571875 0.552778 0.569531 0.548611 0.567187 0.538889 0.566406 0.536111 0.566406 0.569444 0.567969 0.566667 0.571875 0.568056 0.578906 0.570833 0.598437 0.579167 0.656250 0.605556 0.672656 0.612500 0.685937 0.618056 0.732812 0.637500 0.896875 0.705556 0.900781 0.706944 0.907031 0.708333 0.914844 0.709722 0.918750 0.709722 0.928906 0.705556 0.932813 0.704167 0.932813 0.679167 0.933594 0.677778 0.933594 0.645833 0.934375 0.644444 0.935156 0.611111 0.939063 0.440278 0.939844 0.406944 0.939844 0.383333 0.937500 0.383333 0.936719 0.381944 0.922656 0.380556 0.910937 0.380556
24 0.561719 0.504167 0.561719 0.511111 0.562500 0.576389 0.565625 0.580556 0.565625 0.561111 0.564844 0.504167 0.561719 0.504167
27 0.471875 0.000000 0.467187 0.008333 0.525781 0.009722 0.523438 0.013889 0.515625 0.026389 0.514844 0.029167 0.513281 0.036111 0.508594 0.054167 0.507031 0.061111 0.508594 0.062500 0.511719 0.063889 0.514844 0.063889 0.532031 0.072222 0.535937 0.073611 0.550000 0.075000 0.575781 0.076389 0.575000 0.095833 0.573438 0.097222 0.570312 0.100000 0.560937 0.108333 0.546094 0.108333 0.541406 0.109722 0.536719 0.112500 0.530469 0.113889 0.523438 0.113889 0.523438 0.122222 0.522656 0.123611 0.521875 0.140278 0.520312 0.141667 0.518750 0.141667 0.514844 0.145833 0.503906 0.145833 0.506250 0.150000 0.506250 0.151389 0.517188 0.170833 0.498437 0.172222 0.493750 0.173611 0.489844 0.175000 0.486719 0.176389 0.483594 0.180556 0.478125 0.188889 0.475000 0.193056 0.474219 0.193056 0.472656 0.195833 0.475000 0.197222 0.478125 0.198611 0.484375 0.201389 0.500000 0.208333 0.531250 0.208333 0.534375 0.211111 0.538281 0.213889 0.544531 0.219444 0.546094 0.222222 0.546094 0.226389 0.544531 0.233333 0.544531 0.238889 0.542969 0.241667 0.541406 0.237500 0.539062 0.227778 0.530469 0.241667 0.525781 0.250000 0.525781 0.269444 0.524219 0.273611 0.520312 0.281944 0.520312 0.283333 0.518750 0.284722 0.516406 0.281944 0.512500 0.276389 0.510156 0.273611 0.497656 0.275000 0.497656 0.276389 0.496094 0.279167 0.494531 0.286111 0.491406 0.294444 0.490625 0.288889 0.489844 0.283333 0.488281 0.273611 0.487500 0.269444 0.485938 0.263889 0.484375 0.259722 0.470313 0.284722 0.466406 0.290278 0.463281 0.294444 0.460938 0.297222 0.446875 0.297222 0.446094 0.295833 0.433594 0.295833 0.434375 0.298611 0.435937 0.301389 0.435937 0.304167 0.435156 0.308333 0.434375 0.311111 0.435937 0.311111 0.451562 0.309722 0.457031 0.312500 0.458594 0.315278 0.459375 0.318056 0.459375 0.323611 0.461719 0.327778 0.462500 0.327778 0.464062 0.330556 0.464844 0.334722 0.464844 0.341667 0.460156 0.351389 0.460938 0.354167 0.461719 0.356944 0.467969 0.359722 0.467969 0.362500 0.470313 0.372222 0.471094 0.376389 0.472656 0.376389 0.475000 0.373611 0.475781 0.376389 0.476562 0.377778 0.478125 0.384722 0.480469 0.395833 0.479687 0.409722 0.479687 0.419444 0.481250 0.420833 0.481250 0.429167 0.480469 0.430556 0.480469 0.437500 0.483594 0.441667 0.488281 0.440278 0.496094 0.441667 0.503906 0.443056 0.508594 0.445833 0.508594 0.448611 0.510938 0.452778 0.515625 0.452778 0.519531 0.445833 0.523438 0.445833 0.524219 0.443056 0.527344 0.431944 0.528906 0.433333 0.532031 0.437500 0.532031 0.430556 0.532813 0.429167 0.532813 0.420833 0.534375 0.415278 0.538281 0.401389 0.539062 0.398611 0.544531 0.397222 0.546875 0.393056 0.552344 0.380556 0.554688 0.377778 0.556250 0.380556 0.559375 0.383333 0.561719 0.386111 0.567969 0.386111 0.571094 0.380556 0.573438 0.377778 0.578125 0.377778 0.577344 0.369444 0.577344 0.365278 0.581250 0.356944 0.588281 0.344444 0.590625 0.343056 0.592187 0.340278 0.592969 0.340278 0.592969 0.336111 0.592969 0.333333 0.591406 0.329167 0.591406 0.326389 0.603906 0.302778 0.607031 0.297222 0.608594 0.295833 0.610938 0.294444 0.616406 0.291667 0.618750 0.290278 0.626563 0.286111 0.632031 0.283333 0.646875 0.283333 0.648438 0.280556 0.649219 0.275000 0.649219 0.261111 0.650781 0.256944 0.659375 0.240278 0.660156 0.237500 0.660156 0.227778 0.657813 0.197222 0.654687 0.166667 0.654687 0.156944 0.651563 0.154167 0.650000 0.151389 0.650781 0.148611 0.652344 0.143056 0.656250 0.131944 0.656250 0.072222 0.658594 0.068056 0.671094 0.052778 0.671875 0.052778 0.673438 0.050000 0.676562 0.051389 0.684375 0.056944 0.689844 0.056944 0.698438 0.054167 0.710156 0.050000 0.713281 0.048611 0.715625 0.044444 0.717969 0.038889 0.732031 0.004167 0.734375 0.000000 0.471875 0.000000
21 0.903906 0.708333 0.906250 0.708333 0.907031 0.709722 0.910937 0.711111 0.914844 0.711111 0.907031 0.709722 0.906250 0.708333 0.903906 0.708333
21 0.579688 0.538889 0.581250 0.540278 0.586719 0.545833 0.588281 0.547222 0.590625 0.545833 0.587500 0.543056 0.584375 0.540278 0.579688 0.538889
21 0.436719 0.311111 0.433594 0.313889 0.432812 0.318056 0.432031 0.325000 0.430469 0.329167 0.426563 0.352778 0.424219 0.363889 0.423438 0.368056 0.413281 0.386111 0.412500 0.395833 0.412500 0.413889 0.416406 0.420833 0.422656 0.429167 0.433594 0.444444 0.435937 0.447222 0.447656 0.456944 0.449219 0.459722 0.446875 0.462500 0.450781 0.462500 0.451562 0.458333 0.453906 0.456944 0.460156 0.454167 0.462500 0.454167 0.464062 0.455556 0.469531 0.461111 0.473438 0.465278 0.475781 0.468056 0.478125 0.472222 0.478906 0.475000 0.480469 0.481944 0.481250 0.486111 0.482031 0.491667 0.482031 0.495833 0.480469 0.497222 0.481250 0.504167 0.482031 0.512500 0.482812 0.519444 0.483594 0.522222 0.492969 0.522222 0.512500 0.520833 0.510938 0.512500 0.508594 0.502778 0.509375 0.497222 0.510938 0.486111 0.511719 0.481944 0.512500 0.477778 0.513281 0.475000 0.514844 0.472222 0.515625 0.469444 0.515625 0.462500 0.514844 0.461111 0.515625 0.454167 0.517969 0.452778 0.520312 0.452778 0.521875 0.450000 0.522656 0.447222 0.519531 0.447222 0.515625 0.454167 0.510938 0.454167 0.507812 0.448611 0.507812 0.445833 0.504687 0.445833 0.503906 0.444444 0.496875 0.444444 0.496094 0.443056 0.488281 0.441667 0.482812 0.443056 0.479687 0.437500 0.479687 0.430556 0.480469 0.420833 0.478906 0.419444 0.478906 0.409722 0.479687 0.395833 0.477344 0.384722 0.475781 0.380556 0.475000 0.375000 0.472656 0.377778 0.470313 0.376389 0.470313 0.373611 0.467969 0.363889 0.467187 0.359722 0.462500 0.359722 0.460938 0.356944 0.459375 0.350000 0.464062 0.341667 0.464062 0.334722 0.462500 0.329167 0.458594 0.323611 0.458594 0.318056 0.457813 0.315278 0.454688 0.313889 0.451562 0.311111 0.436719 0.311111
21 0.735156 0.000000 0.732812 0.004167 0.730469 0.009722 0.725781 0.020833 0.716406 0.044444 0.713281 0.050000 0.710156 0.051389 0.698438 0.055556 0.689844 0.058333 0.684375 0.058333 0.676562 0.052778 0.673438 0.051389 0.671875 0.054167 0.671094 0.054167 0.665625 0.061111 0.660937 0.066667 0.658594 0.069444 0.657031 0.072222 0.657031 0.131944 0.650781 0.151389 0.653906 0.155556 0.654687 0.155556 0.655469 0.166667 0.658594 0.197222 0.660937 0.227778 0.660937 0.237500 0.660156 0.240278 0.651563 0.256944 0.650000 0.261111 0.650000 0.275000 0.649219 0.280556 0.646875 0.284722 0.632031 0.284722 0.626563 0.287500 0.610938 0.295833 0.608594 0.297222 0.607031 0.298611 0.604688 0.302778 0.592187 0.326389 0.592187 0.329167 0.593750 0.333333 0.593750 0.336111 0.594531 0.338889 0.592969 0.341667 0.590625 0.344444 0.588281 0.345833 0.582031 0.356944 0.578125 0.365278 0.578125 0.369444 0.578125 0.379167 0.573438 0.379167 0.571094 0.381944 0.567969 0.387500 0.561719 0.387500 0.559375 0.384722 0.556250 0.381944 0.553125 0.380556 0.547656 0.393056 0.544531 0.398611 0.539844 0.398611 0.539062 0.401389 0.537500 0.406944 0.533594 0.420833 0.533594 0.429167 0.532031 0.438889 0.527344 0.433333 0.526563 0.436111 0.525000 0.441667 0.524219 0.444444 0.525000 0.441667 0.525781 0.438889 0.526563 0.436111 0.528125 0.434722 0.530469 0.437500 0.533594 0.441667 0.535156 0.447222 0.535156 0.486111 0.534375 0.494444 0.532813 0.501389 0.532031 0.519444 0.532031 0.533333 0.533594 0.534722 0.533594 0.537500 0.537500 0.551389 0.540625 0.556944 0.542969 0.558333 0.561719 0.569444 0.561719 0.512500 0.560937 0.511111 0.560937 0.506944 0.557031 0.506944 0.557813 0.511111 0.550781 0.512500 0.550000 0.511111 0.542969 0.509722 0.544531 0.506944 0.547656 0.498611 0.549219 0.494444 0.548438 0.488889 0.555469 0.475000 0.554688 0.455556 0.555469 0.437500 0.560937 0.437500 0.560937 0.434722 0.561719 0.433333 0.562500 0.423611 0.563281 0.419444 0.565625 0.412500 0.565625 0.409722 0.563281 0.401389 0.565625 0.393056 0.567187 0.388889 0.571094 0.381944 0.575000 0.380556 0.579688 0.379167 0.585156 0.377778 0.587500 0.377778 0.589063 0.380556 0.592187 0.391667 0.592187 0.430556 0.595313 0.429167 0.601562 0.438889 0.605469 0.445833 0.606250 0.450000 0.606250 0.468056 0.604688 0.476389 0.603906 0.476389 0.602344 0.479167 0.598437 0.483333 0.593750 0.483333 0.592969 0.484722 0.590625 0.484722 0.591406 0.520833 0.591406 0.515278 0.590625 0.513889 0.591406 0.509722 0.597656 0.509722 0.604688 0.512500 0.615625 0.512500 0.623437 0.511111 0.628125 0.509722 0.632812 0.508333 0.637500 0.505556 0.646094 0.504167 0.646875 0.502778 0.650000 0.502778 0.650781 0.483333 0.650781 0.473611 0.648438 0.469444 0.651563 0.463889 0.653125 0.462500 0.668750 0.463889 0.669531 0.468056 0.671094 0.470833 0.672656 0.477778 0.675000 0.477778 0.675781 0.476389 0.686719 0.473611 0.691406 0.470833 0.692187 0.440278 0.721094 0.441667 0.720313 0.445833 0.719531 0.450000 0.717969 0.452778 0.716406 0.452778 0.716406 0.462500 0.721094 0.463889 0.721094 0.483333 0.725781 0.481944 0.735156 0.479167 0.762500 0.470833 0.785156 0.463889 0.789844 0.461111 0.792969 0.461111 0.792969 0.447222 0.794531 0.445833 0.798438 0.445833 0.798438 0.440278 0.797656 0.430556 0.795312 0.422222 0.797656 0.420833 0.800000 0.419444 0.818750 0.409722 0.835156 0.401389 0.835938 0.404167 0.835156 0.406944 0.832812 0.413889 0.832031 0.429167 0.832031 0.433333 0.838281 0.433333 0.838281 0.444444 0.842969 0.443056 0.853906 0.440278 0.864844 0.437500 0.870313 0.434722 0.880469 0.433333 0.881250 0.431944 0.884375 0.431944 0.884375 0.419444 0.882812 0.398611 0.882812 0.391667 0.884375 0.388889 0.887500 0.388889 0.892188 0.386111 0.899219 0.383333 0.910937 0.379167 0.922656 0.379167 0.936719 0.380556 0.940625 0.383333 0.940625 0.406944 0.939844 0.440278 0.937500 0.543056 0.934375 0.645833 0.933594 0.679167 0.933594 0.702778 0.935937 0.702778 0.936719 0.701389 0.939844 0.701389 0.946875 0.698611 0.978906 0.684722 0.982812 0.683333 0.992188 0.681944 0.992969 0.680556 0.996875 0.680556 0.997656 0.679167 0.999219 0.679167 0.999219 0.000000 0.735156 0.000000
24 0.681250 0.643056 0.680469 0.644444 0.673438 0.644444 0.673438 0.650000 0.674219 0.688889 0.675000 0.690278 0.675000 0.711111 0.686719 0.711111 0.686719 0.643056 0.681250 0.643056
24 0.637500 0.613889 0.637500 0.654167 0.638281 0.655556 0.638281 0.676389 0.646094 0.676389 0.646094 0.673611 0.646875 0.672222 0.646875 0.615278 0.642969 0.615278 0.642188 0.613889 0.637500 0.613889
24 0.617969 0.604167 0.617969 0.631944 0.618750 0.633333 0.618750 0.651389 0.625000 0.651389 0.625000 0.604167 0.617969 0.604167
24 0.599219 0.593056 0.597656 0.594444 0.597656 0.598611 0.598437 0.611111 0.599219 0.612500 0.599219 0.623611 0.600000 0.625000 0.600000 0.630556 0.607031 0.630556 0.607031 0.613889 0.606250 0.612500 0.606250 0.593056 0.599219 0.593056
24 0.587500 0.587500 0.587500 0.606944 0.589063 0.625000 0.592187 0.625000 0.592969 0.626389 0.596094 0.626389 0.595313 0.588889 0.592969 0.588889 0.592187 0.587500 0.587500 0.587500
24 0.578125 0.581944 0.578125 0.586111 0.578906 0.601389 0.579688 0.602778 0.579688 0.609722 0.582031 0.609722 0.582812 0.611111 0.584375 0.611111 0.584375 0.581944 0.578125 0.581944
2 0.494531 0.537500 0.493750 0.540278 0.494531 0.544444 0.500781 0.544444 0.501563 0.543056 0.503125 0.543056 0.503125 0.536111 0.497656 0.534722 0.494531 0.537500
2 0.466406 0.531944 0.461719 0.534722 0.449219 0.533333 0.446875 0.533333 0.442969 0.540278 0.440625 0.545833 0.439844 0.554167 0.440625 0.556944 0.442188 0.562500 0.445312 0.562500 0.446094 0.563889 0.464062 0.563889 0.465625 0.558333 0.471094 0.559722 0.472656 0.558333 0.474219 0.556944 0.475000 0.555556 0.475781 0.552778 0.475781 0.550000 0.476562 0.547222 0.475781 0.544444 0.474219 0.540278 0.473438 0.536111 0.472656 0.533333 0.466406 0.531944
2 0.514062 0.527778 0.510156 0.530556 0.510156 0.531944 0.508594 0.534722 0.506250 0.536111 0.506250 0.544444 0.507812 0.545833 0.512500 0.547222 0.514062 0.547222 0.517188 0.544444 0.520312 0.544444 0.521875 0.541667 0.521875 0.536111 0.516406 0.527778 0.514062 0.527778
2 0.258594 0.475000 0.229687 0.479167 0.220312 0.480556 0.217969 0.481944 0.214062 0.484722 0.187500 0.504167 0.185938 0.505556 0.184375 0.508333 0.184375 0.509722 0.183594 0.511111 0.178906 0.516667 0.178125 0.518056 0.170313 0.533333 0.154688 0.565278 0.146875 0.580556 0.144531 0.584722 0.139844 0.584722 0.137500 0.588889 0.137500 0.644444 0.139063 0.645833 0.140625 0.645833 0.142187 0.647222 0.143750 0.650000 0.143750 0.677778 0.146094 0.690278 0.146875 0.693056 0.147656 0.695833 0.149219 0.698611 0.149219 0.700000 0.150000 0.701389 0.150781 0.701389 0.153125 0.704167 0.160156 0.716667 0.160938 0.722222 0.161719 0.726389 0.162500 0.738889 0.163281 0.751389 0.163281 0.763889 0.164062 0.765278 0.164062 0.772222 0.171094 0.772222 0.182031 0.770833 0.214062 0.766667 0.224219 0.765278 0.252344 0.761111 0.289062 0.754167 0.298438 0.752778 0.307812 0.751389 0.319531 0.750000 0.353906 0.747222 0.365625 0.745833 0.375000 0.744444 0.376563 0.743056 0.378906 0.740278 0.381250 0.737500 0.385156 0.730556 0.389844 0.718056 0.392969 0.711111 0.394531 0.708333 0.401562 0.702778 0.407031 0.693056 0.408594 0.688889 0.409375 0.686111 0.411719 0.673611 0.412500 0.668056 0.413281 0.662500 0.413281 0.627778 0.412500 0.615278 0.411719 0.606944 0.410938 0.600000 0.410156 0.598611 0.410156 0.594444 0.407813 0.593056 0.403906 0.588889 0.402344 0.586111 0.403125 0.581944 0.406250 0.569444 0.406250 0.565278 0.407031 0.563889 0.407031 0.561111 0.401562 0.551389 0.398438 0.550000 0.391406 0.548611 0.389062 0.547222 0.386719 0.543056 0.383594 0.534722 0.375781 0.512500 0.373437 0.506944 0.371875 0.505556 0.367188 0.500000 0.363281 0.495833 0.359375 0.491667 0.357812 0.490278 0.356250 0.488889 0.352344 0.486111 0.349219 0.484722 0.337500 0.480556 0.331250 0.479167 0.324219 0.477778 0.317188 0.476389 0.296875 0.475000 0.258594 0.475000
25 0.417187 0.481944 0.417187 0.484722 0.415625 0.494444 0.413281 0.497222 0.407031 0.495833 0.407031 0.498611 0.406250 0.500000 0.406250 0.504167 0.405469 0.505556 0.405469 0.508333 0.408594 0.512500 0.410938 0.515278 0.415625 0.515278 0.417969 0.519444 0.419531 0.523611 0.420312 0.526389 0.422656 0.522222 0.425781 0.520833 0.428125 0.527778 0.429688 0.527778 0.432031 0.525000 0.434375 0.523611 0.435937 0.523611 0.435937 0.505556 0.435156 0.501389 0.431250 0.487500 0.428906 0.486111 0.426563 0.483333 0.424219 0.481944 0.417187 0.481944
25 0.555469 0.476389 0.553125 0.480556 0.553125 0.481944 0.549219 0.488889 0.550000 0.491667 0.551562 0.491667 0.554688 0.502778 0.556250 0.506944 0.556250 0.494444 0.555469 0.493056 0.555469 0.476389
25 0.460156 0.455556 0.457031 0.456944 0.453906 0.458333 0.453125 0.459722 0.451562 0.459722 0.450781 0.466667 0.450000 0.476389 0.448437 0.481944 0.446875 0.483333 0.444531 0.484722 0.442969 0.486111 0.441406 0.491667 0.439844 0.500000 0.439844 0.513889 0.440625 0.519444 0.441406 0.523611 0.442969 0.529167 0.445312 0.530556 0.450000 0.533333 0.461719 0.533333 0.464844 0.530556 0.467187 0.530556 0.468750 0.529167 0.470313 0.525000 0.471875 0.520833 0.472656 0.516667 0.472656 0.506944 0.474219 0.504167 0.475000 0.504167 0.478125 0.500000 0.481250 0.495833 0.481250 0.491667 0.480469 0.486111 0.479687 0.481944 0.478125 0.475000 0.477344 0.472222 0.475781 0.469444 0.473438 0.466667 0.469531 0.462500 0.464062 0.456944 0.462500 0.455556 0.460156 0.455556
25 0.527344 0.436111 0.526563 0.438889 0.525781 0.443056 0.522656 0.448611 0.522656 0.450000 0.520312 0.454167 0.517969 0.454167 0.517188 0.455556 0.515625 0.455556 0.515625 0.461111 0.516406 0.462500 0.516406 0.469444 0.515625 0.472222 0.514062 0.475000 0.513281 0.477778 0.512500 0.481944 0.511719 0.486111 0.510156 0.497222 0.509375 0.502778 0.511719 0.515278 0.512500 0.518056 0.513281 0.520833 0.514062 0.522222 0.519531 0.530556 0.522656 0.531944 0.526563 0.533333 0.531250 0.534722 0.531250 0.519444 0.532031 0.518056 0.532031 0.501389 0.533594 0.494444 0.534375 0.486111 0.534375 0.447222 0.533594 0.445833 0.533594 0.443056 0.530469 0.438889 0.527344 0.436111
25 0.585156 0.379167 0.579688 0.380556 0.575000 0.381944 0.571094 0.383333 0.567969 0.388889 0.566406 0.393056 0.564063 0.402778 0.564844 0.405556 0.566406 0.409722 0.566406 0.412500 0.564063 0.419444 0.563281 0.423611 0.562500 0.433333 0.561719 0.434722 0.561719 0.437500 0.573438 0.438889 0.573438 0.465278 0.571875 0.466667 0.571875 0.472222 0.573438 0.484722 0.574219 0.501389 0.574219 0.504167 0.572656 0.506944 0.566406 0.506944 0.566406 0.534722 0.570312 0.548611 0.571875 0.551389 0.576562 0.554167 0.578125 0.548611 0.578906 0.538889 0.580469 0.536111 0.584375 0.538889 0.588281 0.543056 0.589844 0.543056 0.591406 0.544444 0.591406 0.522222 0.589844 0.519444 0.589844 0.483333 0.588281 0.481944 0.584375 0.479167 0.581250 0.473611 0.580469 0.468056 0.577344 0.461111 0.577344 0.456944 0.578125 0.444444 0.583594 0.434722 0.585938 0.433333 0.587500 0.433333 0.589844 0.431944 0.591406 0.430556 0.591406 0.391667 0.589063 0.383333 0.588281 0.380556 0.585156 0.379167
25 0.177344 0.009722 0.176563 0.011111 0.000781 0.011111 0.000781 0.123611 0.001563 0.587500 0.002344 0.590278 0.010156 0.588889 0.017188 0.587500 0.024219 0.584722 0.038281 0.581944 0.044531 0.581944 0.046094 0.579167 0.046875 0.575000 0.051562 0.563889 0.052344 0.559722 0.062500 0.533333 0.067187 0.518056 0.094531 0.441667 0.097656 0.433333 0.099219 0.430556 0.100781 0.431944 0.105469 0.437500 0.110937 0.438889 0.116406 0.438889 0.122656 0.440278 0.125781 0.441667 0.135156 0.447222 0.138281 0.450000 0.139063 0.452778 0.139844 0.458333 0.140625 0.469444 0.141406 0.476389 0.142969 0.480556 0.144531 0.484722 0.148438 0.494444 0.152344 0.504167 0.154688 0.508333 0.154688 0.509722 0.156250 0.512500 0.164844 0.512500 0.175000 0.509722 0.183594 0.509722 0.184375 0.506944 0.185156 0.504167 0.185938 0.497222 0.186719 0.483333 0.187500 0.456944 0.188281 0.443056 0.189844 0.437500 0.191406 0.436111 0.195312 0.436111 0.203906 0.433333 0.207813 0.431944 0.210156 0.430556 0.214062 0.426389 0.216406 0.426389 0.220312 0.430556 0.223438 0.430556 0.225781 0.431944 0.228125 0.434722 0.230469 0.436111 0.232813 0.437500 0.243750 0.437500 0.250000 0.438889 0.254688 0.441667 0.257812 0.436111 0.261719 0.430556 0.267969 0.425000 0.269531 0.426389 0.270313 0.445833 0.273438 0.456944 0.276562 0.465278 0.282813 0.466667 0.285938 0.465278 0.287500 0.465278 0.289062 0.468056 0.289062 0.469444 0.289844 0.470833 0.291406 0.472222 0.292969 0.473611 0.297656 0.475000 0.317188 0.475000 0.338281 0.479167 0.345313 0.480556 0.348438 0.481944 0.352344 0.484722 0.362500 0.493056 0.363281 0.490278 0.364063 0.486111 0.364844 0.477778 0.365625 0.475000 0.370312 0.473611 0.377344 0.475000 0.378125 0.476389 0.384375 0.475000 0.385156 0.472222 0.386719 0.466667 0.386719 0.463889 0.385937 0.461111 0.385156 0.458333 0.379688 0.447222 0.392969 0.422222 0.412500 0.387500 0.422656 0.368056 0.423438 0.363889 0.425781 0.352778 0.431250 0.325000 0.435156 0.304167 0.435156 0.301389 0.433594 0.298611 0.432812 0.295833 0.446094 0.294444 0.460938 0.295833 0.463281 0.293056 0.466406 0.288889 0.470313 0.283333 0.484375 0.258333 0.486719 0.263889 0.487500 0.266667 0.488281 0.269444 0.489063 0.273611 0.490625 0.283333 0.490625 0.287500 0.491406 0.288889 0.491406 0.293056 0.492188 0.288889 0.493750 0.286111 0.495312 0.279167 0.496875 0.275000 0.498437 0.272222 0.510156 0.272222 0.512500 0.275000 0.516406 0.280556 0.519531 0.283333 0.523438 0.273611 0.525000 0.269444 0.525000 0.250000 0.530469 0.240278 0.539062 0.226389 0.540625 0.230556 0.542969 0.240278 0.543750 0.233333 0.545312 0.226389 0.544531 0.220833 0.542969 0.219444 0.538281 0.215278 0.531250 0.209722 0.500000 0.209722 0.493750 0.206944 0.475000 0.198611 0.471875 0.195833 0.474219 0.191667 0.477344 0.187500 0.483594 0.179167 0.486719 0.175000 0.489844 0.173611 0.493750 0.172222 0.498437 0.170833 0.516406 0.170833 0.505469 0.151389 0.505469 0.150000 0.503125 0.145833 0.514844 0.144444 0.520312 0.140278 0.521875 0.138889 0.521875 0.123611 0.523438 0.112500 0.530469 0.112500 0.536719 0.111111 0.541406 0.108333 0.546094 0.106944 0.560937 0.106944 0.564063 0.104167 0.575000 0.094444 0.575000 0.076389 0.550000 0.076389 0.535937 0.075000 0.532031 0.073611 0.511719 0.065278 0.508594 0.063889 0.507812 0.062500 0.506250 0.061111 0.507812 0.054167 0.514062 0.029167 0.514844 0.026389 0.523438 0.012500 0.525000 0.009722 0.177344 0.009722
23 0.099219 0.437500 0.097656 0.440278 0.096094 0.444444 0.094531 0.448611 0.089063 0.463889 0.084375 0.479167 0.068750 0.520833 0.053906 0.562500 0.050000 0.573611 0.049219 0.577778 0.071094 0.577778 0.093750 0.580556 0.116406 0.581944 0.139063 0.583333 0.144531 0.583333 0.146094 0.580556 0.153906 0.565278 0.169531 0.534722 0.169531 0.533333 0.177344 0.518056 0.178906 0.515278 0.179688 0.515278 0.182031 0.511111 0.175000 0.511111 0.174219 0.512500 0.164844 0.513889 0.156250 0.513889 0.153906 0.509722 0.151562 0.504167 0.147656 0.494444 0.143750 0.484722 0.142187 0.480556 0.140625 0.476389 0.139844 0.469444 0.139063 0.458333 0.138281 0.452778 0.137500 0.450000 0.135156 0.448611 0.125781 0.443056 0.122656 0.441667 0.116406 0.440278 0.110156 0.438889 0.103125 0.437500 0.099219 0.437500
23 0.267969 0.426389 0.264844 0.429167 0.261719 0.431944 0.258594 0.437500 0.254688 0.443056 0.246094 0.443056 0.237500 0.440278 0.232813 0.438889 0.230469 0.437500 0.225781 0.433333 0.223438 0.431944 0.208594 0.431944 0.195312 0.437500 0.191406 0.437500 0.189844 0.438889 0.189844 0.441667 0.189062 0.443056 0.189062 0.455556 0.188281 0.456944 0.187500 0.483333 0.186719 0.484722 0.185938 0.498611 0.185938 0.504167 0.187500 0.502778 0.189062 0.502778 0.192969 0.500000 0.196875 0.497222 0.214062 0.483333 0.217969 0.480556 0.220312 0.479167 0.229687 0.477778 0.258594 0.473611 0.292187 0.473611 0.290625 0.472222 0.285938 0.468056 0.282031 0.466667 0.275781 0.465278 0.275781 0.463889 0.272656 0.456944 0.269531 0.445833 0.269531 0.427778 0.267969 0.426389
23 0.404687 0.404167 0.407813 0.409722 0.416406 0.422222 0.426563 0.436111 0.433594 0.445833 0.435937 0.448611 0.446094 0.456944 0.448437 0.459722 0.442188 0.465278 0.439063 0.468056 0.437500 0.470833 0.437500 0.501389 0.436719 0.526389 0.435937 0.525000 0.436719 0.505556 0.435937 0.501389 0.432812 0.490278 0.432031 0.487500 0.431250 0.486111 0.429688 0.484722 0.426563 0.481944 0.424219 0.480556 0.417187 0.480556 0.415625 0.486111 0.414844 0.490278 0.414844 0.494444 0.407031 0.494444 0.405469 0.500000 0.405469 0.504167 0.404687 0.505556 0.405469 0.509722 0.408594 0.513889 0.410938 0.516667 0.415625 0.516667 0.417187 0.519444 0.418750 0.525000 0.420312 0.527778 0.421875 0.525000 0.422656 0.523611 0.425781 0.522222 0.427344 0.527778 0.429688 0.529167 0.432031 0.526389 0.435937 0.525000 0.436719 0.526389 0.435937 0.550000 0.432812 0.552778 0.414062 0.563889 0.409375 0.566667 0.407031 0.568056 0.407031 0.565278 0.407813 0.563889 0.407813 0.561111 0.401562 0.550000 0.395313 0.548611 0.395313 0.525000 0.394531 0.523611 0.393750 0.495833 0.385937 0.497222 0.385156 0.522222 0.384375 0.523611 0.384375 0.534722 0.382812 0.530556 0.376563 0.512500 0.374219 0.506944 0.373437 0.505556 0.367188 0.498611 0.364844 0.497222 0.363281 0.494444 0.361719 0.493056 0.363281 0.493056 0.364063 0.490278 0.364844 0.483333 0.367188 0.479167 0.369531 0.476389 0.377344 0.476389 0.378125 0.477778 0.386719 0.477778 0.389844 0.479167 0.392188 0.479167 0.391406 0.476389 0.389062 0.472222 0.387500 0.468056 0.387500 0.463889 0.386719 0.461111 0.385937 0.458333 0.380469 0.448611 0.393750 0.422222 0.404687 0.404167
20 0.571875 0.569444 0.578906 0.572222 0.598437 0.580556 0.599219 0.591667 0.597656 0.593056 0.596875 0.598611 0.597656 0.611111 0.598437 0.612500 0.598437 0.623611 0.599219 0.630556 0.607031 0.631944 0.607812 0.613889 0.607031 0.593056 0.599219 0.591667 0.598437 0.580556 0.656250 0.606944 0.647656 0.615278 0.642188 0.612500 0.637500 0.612500 0.636719 0.654167 0.625000 0.652778 0.625781 0.604167 0.617969 0.602778 0.617188 0.631944 0.617969 0.651389 0.625000 0.652778 0.636719 0.654167 0.637500 0.676389 0.646094 0.677778 0.647656 0.672222 0.647656 0.615278 0.656250 0.606944 0.672656 0.613889 0.685937 0.619444 0.681250 0.641667 0.673438 0.643056 0.672656 0.650000 0.673438 0.688889 0.674219 0.711111 0.686719 0.712500 0.687500 0.643056 0.681250 0.641667 0.685937 0.619444 0.825781 0.676389 0.872656 0.695833 0.896875 0.706944 0.907031 0.711111 0.910937 0.712500 0.914844 0.712500 0.918750 0.711111 0.964844 0.691667 0.968750 0.690278 0.978906 0.686111 0.982812 0.684722 0.992969 0.681944 0.997656 0.680556 0.999219 0.680556 0.999219 0.781944 0.992188 0.781944 0.981250 0.780556 0.969531 0.779167 0.935937 0.775000 0.891406 0.769444 0.880469 0.768056 0.869531 0.766667 0.860156 0.765278 0.823438 0.758333 0.796094 0.754167 0.786719 0.752778 0.767188 0.751389 0.744531 0.750000 0.721875 0.750000 0.698438 0.748611 0.681250 0.747222 0.679688 0.745833 0.677344 0.743056 0.671875 0.736111 0.660937 0.722222 0.650000 0.708333 0.586719 0.627778 0.587500 0.623611 0.589063 0.626389 0.592969 0.627778 0.596094 0.627778 0.596094 0.588889 0.592187 0.586111 0.587500 0.586111 0.585156 0.581944 0.578125 0.580556 0.577344 0.586111 0.578125 0.601389 0.578906 0.609722 0.582031 0.611111 0.582812 0.612500 0.584375 0.612500 0.585156 0.581944 0.587500 0.586111 0.586719 0.606944 0.587500 0.623611 0.586719 0.627778 0.575781 0.613889 0.570312 0.606944 0.567969 0.602778 0.567187 0.602778 0.565625 0.600000 0.565625 0.591667 0.566406 0.577778 0.567187 0.576389 0.567187 0.568056 0.571875 0.569444
