19 0.060937 0.386111 0.057031 0.387500 0.053125 0.390278 0.052344 0.395833 0.050781 0.395833 0.049219 0.393056 0.037500 0.393056 0.035937 0.397222 0.034375 0.398611 0.028125 0.400000 0.016406 0.398611 0.016406 0.405556 0.015625 0.408333 0.014063 0.411111 0.005469 0.409722 0.005469 0.404167 0.003906 0.404167 0.003125 0.405556 0.000000 0.406944 0.000000 0.875000 0.032031 0.875000 0.115625 0.873611 0.126562 0.870833 0.148438 0.865278 0.275000 0.831944 0.282031 0.830556 0.300000 0.827778 0.387500 0.813889 0.414062 0.809722 0.429688 0.808333 0.467187 0.806944 0.540625 0.804167 0.597656 0.804167 0.639062 0.806944 0.700000 0.811111 0.720313 0.812500 0.733594 0.813889 0.765625 0.818056 0.818750 0.826389 0.829688 0.827778 0.846875 0.827778 0.861719 0.826389 0.905469 0.820833 0.999219 0.820833 0.999219 0.520833 0.996875 0.519444 0.996094 0.512500 0.996094 0.502778 0.993750 0.502778 0.990625 0.501389 0.986719 0.498611 0.985938 0.495833 0.985156 0.488889 0.977344 0.488889 0.941406 0.490278 0.905469 0.491667 0.875000 0.493056 0.857812 0.494444 0.807031 0.498611 0.756250 0.504167 0.739062 0.505556 0.716406 0.506944 0.649219 0.509722 0.627344 0.511111 0.607812 0.512500 0.589844 0.515278 0.571875 0.516667 0.562500 0.516667 0.541406 0.515278 0.521875 0.513889 0.507031 0.512500 0.481250 0.508333 0.473438 0.506944 0.470313 0.504167 0.470313 0.497222 0.474219 0.488889 0.475000 0.486111 0.475000 0.479167 0.473438 0.472222 0.471094 0.470833 0.466406 0.469444 0.461719 0.468056 0.439063 0.466667 0.416406 0.466667 0.414844 0.470833 0.414062 0.475000 0.412500 0.477778 0.410156 0.480556 0.406250 0.481944 0.398438 0.481944 0.393750 0.479167 0.391406 0.477778 0.389062 0.473611 0.386719 0.472222 0.383594 0.477778 0.382031 0.479167 0.378906 0.480556 0.374219 0.480556 0.370312 0.476389 0.365625 0.468056 0.364063 0.466667 0.361719 0.465278 0.356250 0.465278 0.351562 0.462500 0.341406 0.459722 0.297656 0.459722 0.210938 0.462500 0.125000 0.463889 0.096094 0.463889 0.093750 0.461111 0.090625 0.454167 0.057031 0.452778 0.041406 0.451389 0.033594 0.450000 0.027344 0.448611 0.021094 0.443056 0.019531 0.441667 0.019531 0.430556 0.020313 0.430556 0.021875 0.427778 0.025781 0.423611 0.031250 0.418056 0.032813 0.416667 0.034375 0.415278 0.042188 0.409722 0.059375 0.398611 0.066406 0.393056 0.073438 0.386111 0.075000 0.386111 0.060937 0.386111
30 0.517188 0.254167 0.513281 0.255556 0.503906 0.259722 0.499219 0.261111 0.499219 0.268056 0.500000 0.291667 0.501563 0.315278 0.501563 0.337500 0.502344 0.338889 0.502344 0.350000 0.503906 0.350000 0.510156 0.348611 0.515625 0.347222 0.516406 0.345833 0.520312 0.345833 0.520312 0.312500 0.519531 0.277778 0.518750 0.276389 0.518750 0.254167 0.517188 0.254167
29 0.098437 0.309722 0.098437 0.330556 0.109375 0.329167 0.110156 0.322222 0.110156 0.309722 0.098437 0.309722
29 0.077344 0.309722 0.078125 0.330556 0.085156 0.330556 0.085156 0.326389 0.084375 0.312500 0.083594 0.309722 0.077344 0.309722
29 0.127344 0.301389 0.127344 0.306944 0.133594 0.306944 0.132812 0.304167 0.132812 0.301389 0.127344 0.301389
29 0.255469 0.240278 0.255469 0.244444 0.256250 0.263889 0.257031 0.265278 0.257031 0.279167 0.269531 0.279167 0.269531 0.275000 0.268750 0.254167 0.267969 0.252778 0.267969 0.244444 0.264844 0.244444 0.264062 0.243056 0.260156 0.243056 0.255469 0.240278
29 0.149219 0.238889 0.149219 0.243056 0.148438 0.244444 0.148438 0.250000 0.153906 0.250000 0.160156 0.247222 0.160156 0.238889 0.149219 0.238889
29 0.225000 0.225000 0.225000 0.238889 0.227344 0.238889 0.228125 0.240278 0.232031 0.241667 0.231250 0.245833 0.226562 0.247222 0.225781 0.250000 0.225781 0.259722 0.228125 0.259722 0.228906 0.261111 0.235156 0.262500 0.234375 0.266667 0.228125 0.266667 0.228125 0.280556 0.240625 0.280556 0.240625 0.259722 0.239844 0.237500 0.239063 0.236111 0.239063 0.225000 0.225000 0.225000
29 0.099219 0.223611 0.089063 0.225000 0.089063 0.236111 0.089844 0.263889 0.091406 0.291667 0.107813 0.291667 0.107813 0.286111 0.107031 0.272222 0.106250 0.256944 0.105469 0.243056 0.104688 0.241667 0.104688 0.229167 0.103906 0.227778 0.103906 0.223611 0.099219 0.223611
27 0.745313 0.261111 0.746094 0.273611 0.747656 0.273611 0.748437 0.275000 0.751563 0.276389 0.748437 0.270833 0.747656 0.268056 0.746875 0.263889 0.746875 0.261111 0.745313 0.261111
27 0.000000 0.168056 0.000000 0.308333 0.011719 0.308333 0.013281 0.311111 0.018750 0.311111 0.028125 0.318056 0.029687 0.315278 0.034375 0.315278 0.037500 0.320833 0.038281 0.323611 0.039844 0.325000 0.042969 0.330556 0.077344 0.330556 0.077344 0.308333 0.084375 0.309722 0.085156 0.312500 0.085156 0.325000 0.085938 0.327778 0.088281 0.327778 0.088281 0.313889 0.087500 0.291667 0.085156 0.244444 0.085156 0.222222 0.084375 0.220833 0.084375 0.211111 0.082031 0.211111 0.079687 0.209722 0.078125 0.206944 0.078125 0.204167 0.076563 0.204167 0.075781 0.202778 0.070312 0.201389 0.067187 0.198611 0.055469 0.193056 0.008594 0.170833 0.002344 0.168056 0.000000 0.168056
27 0.999219 0.000000 0.999219 0.333333 0.991406 0.322222 0.993750 0.297222 0.991406 0.295833 0.990625 0.315278 0.991406 0.322222 0.999219 0.333333 0.982812 0.331944 0.971094 0.331944 0.896875 0.333333 0.898438 0.333333 0.901563 0.327778 0.902344 0.313889 0.902344 0.306944 0.899219 0.301389 0.896094 0.301389 0.892969 0.306944 0.892188 0.309722 0.891406 0.313889 0.891406 0.319444 0.889844 0.323611 0.889844 0.329167 0.892188 0.333333 0.870313 0.333333 0.874219 0.333333 0.877344 0.331944 0.880469 0.326389 0.882812 0.319444 0.882812 0.312500 0.883594 0.308333 0.884375 0.305556 0.886719 0.301389 0.886719 0.298611 0.888281 0.294444 0.891406 0.288889 0.891406 0.283333 0.888281 0.277778 0.885156 0.277778 0.883594 0.279167 0.880469 0.284722 0.877344 0.293056 0.875781 0.298611 0.875781 0.294444 0.875000 0.290278 0.871094 0.283333 0.867188 0.283333 0.864062 0.288889 0.864062 0.294444 0.866406 0.300000 0.866406 0.311111 0.862500 0.318056 0.861719 0.320833 0.861719 0.326389 0.864844 0.331944 0.867188 0.331944 0.864062 0.331944 0.863281 0.330556 0.852344 0.330556 0.852344 0.319444 0.853125 0.266667 0.850000 0.265278 0.849219 0.330556 0.804688 0.330556 0.802344 0.320833 0.800000 0.315278 0.797656 0.318056 0.796094 0.318056 0.796094 0.315278 0.793750 0.308333 0.795312 0.304167 0.795312 0.298611 0.792188 0.295833 0.787500 0.294444 0.778906 0.290278 0.773438 0.287500 0.771094 0.286111 0.768750 0.284722 0.769531 0.273611 0.771094 0.270833 0.771875 0.263889 0.771875 0.254167 0.775781 0.251389 0.778906 0.247222 0.781250 0.243056 0.785156 0.247222 0.785156 0.250000 0.788281 0.255556 0.790625 0.255556 0.792188 0.258333 0.795312 0.258333 0.798438 0.252778 0.798438 0.250000 0.800000 0.251389 0.804688 0.254167 0.808594 0.255556 0.814063 0.255556 0.817187 0.262500 0.819531 0.263889 0.831250 0.263889 0.834375 0.258333 0.834375 0.255556 0.835938 0.252778 0.837500 0.251389 0.839063 0.251389 0.840625 0.250000 0.843750 0.244444 0.843750 0.238889 0.842187 0.236111 0.845313 0.227778 0.846094 0.226389 0.849219 0.222222 0.850781 0.220833 0.853906 0.225000 0.857031 0.225000 0.860156 0.219444 0.860156 0.213889 0.857031 0.208333 0.859375 0.201389 0.860156 0.198611 0.864844 0.198611 0.867188 0.197222 0.868750 0.195833 0.873437 0.187500 0.874219 0.184722 0.875000 0.180556 0.874219 0.170833 0.874219 0.168056 0.875000 0.163889 0.875781 0.161111 0.878906 0.155556 0.879687 0.150000 0.885156 0.141667 0.885938 0.138889 0.886719 0.134722 0.886719 0.126389 0.885938 0.122222 0.885156 0.119444 0.882812 0.115278 0.882812 0.109722 0.879687 0.104167 0.876563 0.104167 0.874219 0.108333 0.869531 0.109722 0.867969 0.111111 0.863281 0.118056 0.863281 0.115278 0.865625 0.111111 0.865625 0.105556 0.862500 0.100000 0.859375 0.100000 0.860938 0.097222 0.862500 0.097222 0.866406 0.090278 0.866406 0.084722 0.862500 0.079167 0.866406 0.072222 0.866406 0.066667 0.868750 0.062500 0.868750 0.051389 0.866406 0.047222 0.866406 0.040278 0.865625 0.036111 0.864844 0.033333 0.860156 0.025000 0.858594 0.023611 0.856250 0.022222 0.851562 0.022222 0.849219 0.023611 0.847656 0.025000 0.842969 0.033333 0.842187 0.036111 0.841406 0.043056 0.835156 0.037500 0.833594 0.036111 0.835156 0.036111 0.838281 0.030556 0.838281 0.025000 0.835156 0.019444 0.832031 0.018056 0.830469 0.011111 0.830469 0.005556 0.827344 0.000000 0.824219 0.000000 0.821094 0.005556 0.819531 0.005556 0.819531 0.000000 0.999219 0.000000
27 0.780469 0.000000 0.782813 0.005556 0.782813 0.008333 0.783594 0.011111 0.785156 0.013889 0.785937 0.016667 0.785937 0.019444 0.787500 0.022222 0.794531 0.034722 0.794531 0.029167 0.795312 0.025000 0.797656 0.018056 0.795312 0.012500 0.794531 0.008333 0.794531 0.000000 0.780469 0.000000
27 0.757812 0.000000 0.756250 0.004167 0.756250 0.006944 0.753125 0.009722 0.749219 0.011111 0.746875 0.013889 0.745313 0.013889 0.742188 0.011111 0.736719 0.008333 0.732031 0.008333 0.729688 0.009722 0.728125 0.011111 0.723437 0.019444 0.722656 0.025000 0.721094 0.025000 0.718750 0.026389 0.717187 0.027778 0.712500 0.036111 0.710938 0.043056 0.709375 0.044444 0.704688 0.040278 0.700000 0.040278 0.697656 0.041667 0.696094 0.043056 0.693750 0.047222 0.689844 0.048611 0.688281 0.050000 0.683594 0.058333 0.682813 0.061111 0.682031 0.065278 0.682031 0.073611 0.679688 0.069444 0.678125 0.068056 0.675781 0.066667 0.671094 0.066667 0.668750 0.068056 0.667188 0.069444 0.662500 0.077778 0.661719 0.080556 0.660937 0.084722 0.660937 0.093056 0.662500 0.098611 0.662500 0.101389 0.659375 0.106944 0.658594 0.109722 0.657813 0.113889 0.657813 0.122222 0.658594 0.126389 0.659375 0.129167 0.662500 0.134722 0.660156 0.145833 0.659375 0.151389 0.657031 0.151389 0.653906 0.156944 0.653906 0.170833 0.655469 0.173611 0.653906 0.176389 0.653906 0.177778 0.652344 0.180556 0.648438 0.179167 0.645312 0.184722 0.646094 0.204167 0.646094 0.209722 0.645312 0.230556 0.646094 0.237500 0.646875 0.241667 0.647656 0.244444 0.564063 0.245833 0.502344 0.245833 0.436719 0.244444 0.369531 0.241667 0.303125 0.240278 0.283594 0.240278 0.265625 0.243056 0.260937 0.241667 0.259375 0.240278 0.257031 0.236111 0.255469 0.237500 0.254688 0.240278 0.254688 0.244444 0.255469 0.251389 0.252344 0.254167 0.244531 0.259722 0.242969 0.259722 0.241406 0.261111 0.240625 0.258333 0.240625 0.237500 0.239844 0.225000 0.225000 0.223611 0.224219 0.238889 0.228125 0.241667 0.231250 0.241667 0.231250 0.244444 0.227344 0.244444 0.225781 0.247222 0.225000 0.250000 0.225000 0.259722 0.228906 0.262500 0.234375 0.262500 0.234375 0.265278 0.228125 0.265278 0.227344 0.270833 0.225000 0.272222 0.222656 0.275000 0.218750 0.276389 0.214844 0.279167 0.183594 0.304167 0.175000 0.311111 0.173437 0.312500 0.159375 0.326389 0.157812 0.329167 0.155469 0.330556 0.155469 0.306944 0.154688 0.305556 0.153906 0.276389 0.153906 0.251389 0.159375 0.250000 0.160938 0.247222 0.160938 0.238889 0.149219 0.237500 0.147656 0.244444 0.147656 0.250000 0.150000 0.251389 0.150000 0.262500 0.150781 0.263889 0.150781 0.286111 0.151562 0.287500 0.151562 0.309722 0.152344 0.311111 0.152344 0.331944 0.150000 0.331944 0.149219 0.330556 0.146094 0.330556 0.144531 0.327778 0.136719 0.327778 0.135156 0.329167 0.132031 0.334722 0.132031 0.337500 0.130469 0.337500 0.124219 0.336111 0.127344 0.331944 0.129688 0.308333 0.133594 0.308333 0.133594 0.304167 0.133594 0.301389 0.127344 0.300000 0.126562 0.312500 0.127344 0.331944 0.124219 0.336111 0.120313 0.334722 0.114062 0.330556 0.109375 0.330556 0.110937 0.322222 0.110937 0.309722 0.098437 0.308333 0.097656 0.327778 0.097656 0.322222 0.096875 0.320833 0.096094 0.302778 0.096094 0.293056 0.107813 0.293056 0.108594 0.286111 0.107813 0.272222 0.107031 0.256944 0.106250 0.243056 0.105469 0.229167 0.104688 0.223611 0.099219 0.222222 0.092969 0.223611 0.092969 0.212500 0.092188 0.211111 0.092188 0.191667 0.091406 0.190278 0.090625 0.169444 0.089063 0.126389 0.088281 0.105556 0.089844 0.105556 0.088281 0.095833 0.088281 0.083333 0.090625 0.083333 0.092188 0.080556 0.090625 0.077778 0.087500 0.069444 0.086719 0.066667 0.089063 0.063889 0.089063 0.058333 0.088281 0.047222 0.087500 0.041667 0.085938 0.040278 0.085938 0.033333 0.085156 0.031944 0.085156 0.000000 0.757812 0.000000
27 0.000000 0.000000 0.000000 0.154167 0.007031 0.154167 0.012500 0.156944 0.021094 0.161111 0.029687 0.165278 0.052344 0.177778 0.075000 0.188889 0.081250 0.191667 0.082812 0.190278 0.083594 0.179167 0.082812 0.158333 0.078906 0.073611 0.078125 0.030556 0.077344 0.011111 0.076563 0.005556 0.075781 0.002778 0.074219 0.000000 0.000000 0.000000
21 0.880469 0.323611 0.879687 0.329167 0.878125 0.330556 0.875781 0.331944 0.874219 0.333333 0.892969 0.333333 0.889844 0.327778 0.889844 0.323611 0.880469 0.323611
21 0.035937 0.320833 0.039062 0.325000 0.042969 0.329167 0.044531 0.334722 0.046094 0.343056 0.046094 0.365278 0.051562 0.365278 0.062500 0.362500 0.072656 0.362500 0.074219 0.363889 0.075000 0.375000 0.088281 0.375000 0.088281 0.326389 0.085938 0.327778 0.085156 0.331944 0.080469 0.333333 0.075781 0.330556 0.075000 0.326389 0.071875 0.326389 0.071094 0.325000 0.065625 0.323611 0.054688 0.322222 0.045312 0.322222 0.044531 0.320833 0.035937 0.320833
21 0.925781 0.311111 0.925781 0.319444 0.924219 0.326389 0.900781 0.326389 0.900000 0.330556 0.897656 0.333333 0.910156 0.333333 0.910937 0.334722 0.928125 0.334722 0.942187 0.336111 0.947656 0.337500 0.950781 0.338889 0.953125 0.341667 0.957812 0.348611 0.962500 0.356944 0.964063 0.361111 0.966406 0.370833 0.967969 0.373611 0.968750 0.377778 0.969531 0.380556 0.975781 0.381944 0.976562 0.380556 0.981250 0.380556 0.981250 0.356944 0.982812 0.354167 0.985156 0.352778 0.988281 0.352778 0.992188 0.355556 0.992188 0.373611 0.999219 0.373611 0.999219 0.313889 0.993750 0.313889 0.991406 0.322222 0.991406 0.316667 0.990625 0.313889 0.975781 0.313889 0.975000 0.312500 0.941406 0.311111 0.925781 0.311111
21 0.768750 0.286111 0.767969 0.288889 0.767969 0.301389 0.765625 0.312500 0.765625 0.369444 0.788281 0.370833 0.786719 0.373611 0.783594 0.373611 0.767969 0.379167 0.765625 0.381944 0.765625 0.387500 0.762500 0.393056 0.759375 0.393056 0.759375 0.400000 0.758594 0.405556 0.756250 0.411111 0.764844 0.408333 0.771875 0.408333 0.786719 0.404167 0.793750 0.404167 0.794531 0.402778 0.800781 0.402778 0.800781 0.400000 0.802344 0.394444 0.803906 0.383333 0.807813 0.351389 0.809375 0.345833 0.811719 0.344444 0.815625 0.343056 0.828125 0.338889 0.836719 0.337500 0.860156 0.333333 0.867188 0.333333 0.863281 0.326389 0.852344 0.326389 0.851562 0.336111 0.849219 0.334722 0.849219 0.326389 0.802344 0.325000 0.801562 0.320833 0.800000 0.316667 0.797656 0.319444 0.795312 0.318056 0.796094 0.313889 0.792969 0.308333 0.794531 0.304167 0.794531 0.298611 0.792969 0.298611 0.792188 0.297222 0.789844 0.297222 0.773438 0.288889 0.770312 0.286111 0.768750 0.286111
21 0.746875 0.275000 0.746875 0.304167 0.746094 0.305556 0.746094 0.340278 0.747656 0.347222 0.747656 0.365278 0.748437 0.366667 0.748437 0.375000 0.753125 0.373611 0.753906 0.372222 0.756250 0.372222 0.756250 0.306944 0.757812 0.301389 0.758594 0.295833 0.758594 0.281944 0.757031 0.281944 0.754687 0.280556 0.750781 0.276389 0.746875 0.275000
21 0.283594 0.241667 0.282813 0.243056 0.266406 0.243056 0.268750 0.244444 0.269531 0.254167 0.270313 0.275000 0.269531 0.280556 0.256250 0.279167 0.256250 0.265278 0.255469 0.263889 0.255469 0.252778 0.252344 0.255556 0.244531 0.261111 0.242969 0.261111 0.241406 0.262500 0.240625 0.281944 0.227344 0.280556 0.227344 0.272222 0.225000 0.273611 0.218750 0.277778 0.214844 0.280556 0.206250 0.287500 0.183594 0.305556 0.175000 0.312500 0.173437 0.313889 0.167969 0.319444 0.166406 0.320833 0.157812 0.330556 0.156250 0.331944 0.154688 0.333333 0.150000 0.333333 0.149219 0.331944 0.146875 0.331944 0.147656 0.338889 0.146875 0.343056 0.145313 0.347222 0.146875 0.350000 0.146875 0.354167 0.151562 0.354167 0.158594 0.352778 0.165625 0.350000 0.200000 0.351389 0.200000 0.383333 0.232031 0.383333 0.232813 0.381944 0.251563 0.381944 0.249219 0.380556 0.248438 0.362500 0.247656 0.327778 0.246875 0.293056 0.249219 0.268056 0.250000 0.268056 0.251563 0.286111 0.252344 0.312500 0.252344 0.337500 0.253125 0.338889 0.253125 0.363889 0.253906 0.365278 0.253906 0.381944 0.275781 0.383333 0.276562 0.395833 0.276562 0.413889 0.275781 0.431944 0.274219 0.434722 0.281250 0.434722 0.282031 0.436111 0.294531 0.436111 0.307812 0.438889 0.321094 0.440278 0.334375 0.441667 0.339062 0.441667 0.339062 0.431944 0.342187 0.426389 0.342969 0.422222 0.343750 0.415278 0.344531 0.412500 0.346094 0.409722 0.348438 0.408333 0.352344 0.405556 0.356250 0.402778 0.358594 0.401389 0.360938 0.400000 0.364844 0.398611 0.376563 0.394444 0.389062 0.393056 0.396094 0.390278 0.399219 0.388889 0.400781 0.387500 0.410938 0.375000 0.412500 0.373611 0.427344 0.361111 0.430469 0.359722 0.436719 0.356944 0.444531 0.355556 0.464844 0.354167 0.477344 0.354167 0.483594 0.355556 0.490625 0.356944 0.494531 0.358333 0.509375 0.365278 0.510938 0.366667 0.510938 0.348611 0.503906 0.351389 0.501563 0.350000 0.500781 0.337500 0.500000 0.313889 0.499219 0.291667 0.498437 0.268056 0.498437 0.261111 0.500000 0.258333 0.503906 0.258333 0.513281 0.254167 0.517188 0.252778 0.519531 0.254167 0.520312 0.277778 0.521094 0.312500 0.520312 0.347222 0.516406 0.347222 0.515625 0.348611 0.514062 0.348611 0.514062 0.362500 0.515625 0.372222 0.523438 0.373611 0.533594 0.373611 0.539844 0.376389 0.541406 0.375000 0.550000 0.366667 0.552344 0.365278 0.560937 0.363889 0.569531 0.362500 0.587500 0.359722 0.609375 0.359722 0.624219 0.361111 0.632031 0.362500 0.633594 0.363889 0.635156 0.365278 0.645312 0.376389 0.655469 0.388889 0.657813 0.390278 0.659375 0.393056 0.660156 0.393056 0.660937 0.394444 0.663281 0.400000 0.664062 0.402778 0.664844 0.405556 0.665625 0.409722 0.667188 0.419444 0.667188 0.427778 0.669531 0.427778 0.677344 0.426389 0.682813 0.425000 0.684375 0.422222 0.685937 0.415278 0.687500 0.411111 0.689063 0.408333 0.692187 0.408333 0.696094 0.405556 0.710938 0.401389 0.717969 0.398611 0.721094 0.397222 0.724219 0.394444 0.732031 0.387500 0.733594 0.384722 0.735938 0.383333 0.737500 0.381944 0.739062 0.372222 0.738281 0.352778 0.736719 0.345833 0.737500 0.298611 0.737500 0.286111 0.735156 0.281944 0.735156 0.286111 0.732031 0.291667 0.728906 0.291667 0.726562 0.295833 0.724219 0.295833 0.724219 0.325000 0.725781 0.373611 0.725000 0.384722 0.721875 0.384722 0.721094 0.386111 0.717969 0.384722 0.718750 0.331944 0.718750 0.295833 0.712500 0.295833 0.710938 0.293056 0.703125 0.293056 0.699219 0.301389 0.697656 0.302778 0.689844 0.302778 0.686719 0.301389 0.685156 0.298611 0.683594 0.298611 0.678906 0.290278 0.675781 0.290278 0.673438 0.288889 0.671094 0.287500 0.667969 0.284722 0.663281 0.280556 0.660156 0.276389 0.653906 0.265278 0.651563 0.259722 0.649219 0.250000 0.648438 0.247222 0.564063 0.247222 0.502344 0.247222 0.436719 0.245833 0.369531 0.243056 0.303125 0.241667 0.283594 0.241667
21 0.256250 0.237500 0.257031 0.240278 0.258594 0.240278 0.256250 0.237500
25 0.939063 0.427778 0.934375 0.429167 0.928906 0.430556 0.925000 0.436111 0.875781 0.434722 0.874219 0.437500 0.871094 0.437500 0.868750 0.438889 0.867188 0.440278 0.860938 0.450000 0.858594 0.452778 0.855469 0.452778 0.840625 0.451389 0.839063 0.448611 0.835938 0.441667 0.832812 0.437500 0.813281 0.437500 0.808594 0.438889 0.804688 0.444444 0.800000 0.448611 0.796094 0.450000 0.793750 0.452778 0.791406 0.456944 0.789844 0.456944 0.787500 0.454167 0.770312 0.454167 0.768750 0.456944 0.766406 0.458333 0.757812 0.456944 0.754687 0.459722 0.751563 0.468056 0.746875 0.469444 0.744531 0.473611 0.744531 0.479167 0.746875 0.483333 0.764844 0.481944 0.775781 0.483333 0.778906 0.483333 0.785937 0.481944 0.794531 0.481944 0.796094 0.481944 0.800000 0.483333 0.800781 0.481944 0.804688 0.481944 0.812500 0.483333 0.816406 0.480556 0.820312 0.479167 0.821875 0.479167 0.826562 0.479167 0.842187 0.479167 0.845313 0.479167 0.846094 0.480556 0.849219 0.480556 0.850000 0.479167 0.853906 0.479167 0.863281 0.480556 0.871875 0.480556 0.878125 0.477778 0.884375 0.477778 0.885938 0.475000 0.891406 0.473611 0.896094 0.473611 0.899219 0.472222 0.900781 0.469444 0.902344 0.469444 0.921875 0.469444 0.928125 0.470833 0.932031 0.469444 0.934375 0.469444 0.950781 0.469444 0.961719 0.469444 0.965625 0.470833 0.966406 0.469444 0.969531 0.469444 0.970313 0.470833 0.974219 0.469444 0.975781 0.469444 0.984375 0.470833 0.986719 0.466667 0.985938 0.456944 0.985938 0.451389 0.987500 0.448611 0.999219 0.447222 0.998437 0.434722 0.994531 0.429167 0.985938 0.429167 0.980469 0.431944 0.968750 0.431944 0.967187 0.434722 0.964063 0.434722 0.957031 0.427778 0.939063 0.427778
25 0.762500 0.384722 0.760938 0.386111 0.759375 0.391667 0.762500 0.391667 0.764844 0.387500 0.764844 0.383333 0.762500 0.384722
25 0.136719 0.329167 0.135156 0.330556 0.132812 0.334722 0.132812 0.347222 0.135937 0.352778 0.135937 0.356944 0.138281 0.361111 0.140625 0.361111 0.142187 0.359722 0.146094 0.355556 0.146094 0.350000 0.144531 0.345833 0.146094 0.343056 0.146875 0.338889 0.146875 0.333333 0.144531 0.329167 0.136719 0.329167
25 0.000000 0.309722 0.000000 0.362500 0.005469 0.362500 0.007812 0.365278 0.010156 0.369444 0.021875 0.369444 0.028125 0.370833 0.029687 0.372222 0.031250 0.377778 0.032031 0.380556 0.032813 0.375000 0.034375 0.370833 0.036719 0.366667 0.045312 0.366667 0.045312 0.341667 0.044531 0.336111 0.043750 0.333333 0.039844 0.326389 0.037500 0.325000 0.036719 0.320833 0.034375 0.316667 0.029687 0.316667 0.028125 0.319444 0.026562 0.318056 0.018750 0.312500 0.013281 0.312500 0.011719 0.309722 0.000000 0.309722
25 0.896094 0.302778 0.893750 0.306944 0.892969 0.309722 0.892188 0.313889 0.892188 0.319444 0.890625 0.323611 0.890625 0.329167 0.892969 0.333333 0.896094 0.333333 0.898438 0.331944 0.900781 0.327778 0.901563 0.313889 0.901563 0.306944 0.899219 0.302778 0.896094 0.302778
25 0.885156 0.279167 0.883594 0.280556 0.881250 0.284722 0.879687 0.288889 0.877344 0.297222 0.875781 0.300000 0.875000 0.294444 0.874219 0.290278 0.871094 0.284722 0.867188 0.284722 0.864844 0.288889 0.864844 0.294444 0.867188 0.300000 0.867188 0.311111 0.863281 0.318056 0.862500 0.320833 0.862500 0.326389 0.864844 0.330556 0.867969 0.331944 0.874219 0.331944 0.877344 0.330556 0.879687 0.326389 0.882031 0.319444 0.882031 0.312500 0.882812 0.308333 0.883594 0.305556 0.885938 0.301389 0.885938 0.298611 0.887500 0.294444 0.890625 0.288889 0.890625 0.283333 0.888281 0.279167 0.885156 0.279167
25 0.779687 0.000000 0.781250 0.002778 0.782031 0.005556 0.782031 0.008333 0.782813 0.011111 0.784375 0.013889 0.785156 0.019444 0.787500 0.023611 0.794531 0.036111 0.795312 0.029167 0.796094 0.025000 0.798438 0.019444 0.796094 0.012500 0.795312 0.008333 0.795312 0.000000 0.818750 0.000000 0.818750 0.005556 0.821094 0.006944 0.824219 0.001389 0.827344 0.001389 0.829688 0.005556 0.829688 0.011111 0.831250 0.018056 0.832812 0.020833 0.835156 0.020833 0.837500 0.025000 0.837500 0.030556 0.835156 0.034722 0.832812 0.036111 0.839844 0.043056 0.841406 0.044444 0.842969 0.036111 0.843750 0.033333 0.847656 0.026389 0.849219 0.025000 0.851562 0.023611 0.856250 0.023611 0.858594 0.025000 0.860156 0.026389 0.864062 0.033333 0.864844 0.036111 0.865625 0.040278 0.865625 0.047222 0.867969 0.051389 0.867969 0.062500 0.865625 0.066667 0.865625 0.072222 0.862500 0.076389 0.862500 0.080556 0.865625 0.084722 0.865625 0.090278 0.862500 0.095833 0.860938 0.095833 0.858594 0.100000 0.862500 0.101389 0.864844 0.105556 0.864844 0.111111 0.862500 0.115278 0.862500 0.118056 0.867969 0.112500 0.869531 0.111111 0.874219 0.109722 0.876563 0.105556 0.879687 0.105556 0.882031 0.109722 0.882031 0.115278 0.884375 0.119444 0.885156 0.122222 0.885938 0.126389 0.885938 0.134722 0.885156 0.138889 0.884375 0.141667 0.879687 0.148611 0.878125 0.155556 0.875000 0.161111 0.874219 0.163889 0.873437 0.168056 0.873437 0.170833 0.874219 0.180556 0.873437 0.184722 0.872656 0.187500 0.868750 0.194444 0.867188 0.195833 0.864844 0.197222 0.859375 0.198611 0.858594 0.201389 0.856250 0.208333 0.859375 0.213889 0.859375 0.219444 0.857031 0.223611 0.853906 0.223611 0.851562 0.219444 0.849219 0.220833 0.846875 0.225000 0.846094 0.225000 0.844531 0.227778 0.841406 0.234722 0.842969 0.238889 0.842969 0.244444 0.840625 0.248611 0.839063 0.250000 0.837500 0.250000 0.835938 0.251389 0.833594 0.255556 0.833594 0.258333 0.831250 0.262500 0.819531 0.262500 0.817187 0.261111 0.814844 0.255556 0.808594 0.254167 0.804688 0.252778 0.800000 0.250000 0.797656 0.252778 0.795312 0.256944 0.792188 0.256944 0.790625 0.254167 0.788281 0.254167 0.785937 0.250000 0.785156 0.245833 0.782031 0.241667 0.778906 0.245833 0.775781 0.250000 0.773438 0.251389 0.771875 0.252778 0.771094 0.263889 0.770312 0.270833 0.768750 0.273611 0.768750 0.283333 0.767188 0.288889 0.767188 0.301389 0.764844 0.312500 0.764844 0.369444 0.763281 0.369444 0.762500 0.370833 0.757031 0.372222 0.757031 0.306944 0.758594 0.301389 0.759375 0.295833 0.759375 0.281944 0.754687 0.279167 0.753125 0.277778 0.749219 0.270833 0.748437 0.268056 0.747656 0.261111 0.744531 0.261111 0.746094 0.275000 0.746094 0.304167 0.745313 0.340278 0.746875 0.347222 0.747656 0.366667 0.747656 0.375000 0.744531 0.375000 0.740625 0.379167 0.739062 0.380556 0.739844 0.373611 0.739062 0.352778 0.737500 0.345833 0.738281 0.298611 0.738281 0.286111 0.735156 0.280556 0.734375 0.280556 0.735156 0.276389 0.732812 0.277778 0.734375 0.280556 0.735156 0.280556 0.734375 0.286111 0.732031 0.290278 0.728906 0.290278 0.726562 0.294444 0.724219 0.294444 0.724219 0.277778 0.723437 0.276389 0.722656 0.229167 0.722656 0.152778 0.723437 0.151389 0.723437 0.073611 0.719531 0.072222 0.718750 0.294444 0.712500 0.294444 0.710938 0.291667 0.702344 0.293056 0.699219 0.300000 0.697656 0.301389 0.689844 0.301389 0.686719 0.300000 0.685156 0.297222 0.683594 0.297222 0.678906 0.288889 0.675781 0.288889 0.673438 0.287500 0.671094 0.286111 0.666406 0.281944 0.663281 0.279167 0.660156 0.275000 0.654687 0.265278 0.652344 0.259722 0.650000 0.251389 0.648438 0.245833 0.647656 0.241667 0.646875 0.237500 0.646094 0.230556 0.646875 0.209722 0.646875 0.204167 0.646094 0.184722 0.648438 0.180556 0.652344 0.181944 0.654687 0.177778 0.654687 0.176389 0.656250 0.173611 0.654687 0.170833 0.654687 0.156944 0.657031 0.152778 0.659375 0.152778 0.660156 0.147222 0.660937 0.143056 0.662500 0.137500 0.663281 0.134722 0.660156 0.129167 0.659375 0.126389 0.658594 0.122222 0.658594 0.113889 0.659375 0.109722 0.660156 0.106944 0.663281 0.101389 0.663281 0.098611 0.661719 0.093056 0.661719 0.084722 0.662500 0.080556 0.663281 0.077778 0.667188 0.070833 0.668750 0.069444 0.671094 0.068056 0.675781 0.068056 0.678125 0.069444 0.679688 0.070833 0.682031 0.075000 0.682813 0.065278 0.683594 0.061111 0.684375 0.058333 0.688281 0.051389 0.689844 0.050000 0.693750 0.048611 0.696094 0.044444 0.697656 0.043056 0.700000 0.041667 0.704688 0.041667 0.707812 0.044444 0.709375 0.045833 0.710938 0.044444 0.712500 0.041667 0.713281 0.036111 0.717187 0.029167 0.718750 0.027778 0.722656 0.026389 0.724219 0.019444 0.728125 0.012500 0.729688 0.011111 0.732031 0.009722 0.736719 0.009722 0.742188 0.012500 0.745313 0.015278 0.746875 0.015278 0.749219 0.012500 0.753125 0.011111 0.755469 0.009722 0.757031 0.006944 0.757031 0.004167 0.757812 0.001389 0.779687 0.000000
20 0.197656 0.438889 0.196875 0.440278 0.171094 0.441667 0.145313 0.441667 0.144531 0.443056 0.132812 0.443056 0.132031 0.445833 0.131250 0.450000 0.125781 0.461111 0.232031 0.459722 0.231250 0.456944 0.229687 0.455556 0.228125 0.454167 0.225781 0.452778 0.225000 0.450000 0.224219 0.445833 0.221875 0.438889 0.197656 0.438889
20 0.273438 0.437500 0.272656 0.440278 0.260156 0.440278 0.259375 0.441667 0.257812 0.441667 0.257812 0.445833 0.253125 0.454167 0.247656 0.458333 0.246094 0.459722 0.300781 0.459722 0.301563 0.458333 0.339062 0.458333 0.339062 0.438889 0.318750 0.438889 0.317969 0.437500 0.296094 0.437500 0.295312 0.436111 0.273438 0.437500
20 0.071094 0.390278 0.070312 0.391667 0.069531 0.391667 0.064844 0.395833 0.060937 0.398611 0.044531 0.408333 0.040625 0.411111 0.036719 0.413889 0.033594 0.416667 0.028906 0.420833 0.027344 0.423611 0.021875 0.427778 0.020313 0.429167 0.018750 0.437500 0.023438 0.445833 0.025781 0.448611 0.035156 0.450000 0.069531 0.450000 0.070312 0.451389 0.086719 0.451389 0.084375 0.451389 0.077344 0.444444 0.075781 0.444444 0.074219 0.443056 0.073438 0.433333 0.070312 0.433333 0.069531 0.431944 0.060937 0.430556 0.068750 0.416667 0.071094 0.411111 0.072656 0.406944 0.073438 0.404167 0.073438 0.388889 0.071094 0.390278
2 0.713281 0.386111 0.701562 0.387500 0.698438 0.388889 0.696875 0.390278 0.692187 0.395833 0.681250 0.409722 0.678906 0.412500 0.671875 0.413889 0.665625 0.413889 0.667188 0.419444 0.667188 0.430556 0.669531 0.431944 0.669531 0.454167 0.682031 0.454167 0.682031 0.450000 0.681250 0.438889 0.682031 0.430556 0.682813 0.425000 0.684375 0.420833 0.685937 0.415278 0.687500 0.411111 0.689063 0.408333 0.692187 0.408333 0.696094 0.405556 0.710938 0.401389 0.717969 0.398611 0.721094 0.397222 0.724219 0.394444 0.730469 0.388889 0.732031 0.387500 0.730469 0.386111 0.713281 0.386111
2 0.997656 0.404167 0.996094 0.404167 0.993750 0.406944 0.991406 0.408333 0.990625 0.411111 0.989844 0.418056 0.988281 0.423611 0.987500 0.423611 0.985938 0.429167 0.985938 0.448611 0.986719 0.450000 0.986719 0.470833 0.985156 0.475000 0.985156 0.483333 0.985938 0.491667 0.986719 0.493056 0.986719 0.498611 0.988281 0.498611 0.989062 0.500000 0.992188 0.500000 0.996875 0.502778 0.996875 0.519444 0.999219 0.520833 0.999219 0.402778 0.997656 0.404167
2 0.846875 0.336111 0.835156 0.338889 0.829688 0.340278 0.824219 0.341667 0.819531 0.343056 0.816406 0.344444 0.813281 0.345833 0.810937 0.347222 0.802344 0.362500 0.796875 0.370833 0.792969 0.372222 0.783594 0.373611 0.771875 0.377778 0.767969 0.379167 0.762500 0.384722 0.760938 0.386111 0.759375 0.391667 0.759375 0.400000 0.758594 0.405556 0.756250 0.409722 0.755469 0.415278 0.755469 0.429167 0.757031 0.434722 0.760938 0.437500 0.761719 0.455556 0.765625 0.455556 0.768750 0.458333 0.771094 0.458333 0.772656 0.456944 0.774219 0.455556 0.775000 0.454167 0.775000 0.452778 0.776563 0.450000 0.777344 0.438889 0.795312 0.437500 0.814063 0.436111 0.829688 0.436111 0.832812 0.437500 0.835156 0.438889 0.836719 0.441667 0.838281 0.448611 0.848437 0.448611 0.849219 0.450000 0.859375 0.450000 0.861719 0.447222 0.865625 0.441667 0.867969 0.438889 0.870313 0.437500 0.879687 0.433333 0.904687 0.434722 0.931250 0.433333 0.936719 0.436111 0.941406 0.437500 0.943750 0.437500 0.951562 0.436111 0.952344 0.433333 0.954688 0.426389 0.955469 0.418056 0.960156 0.418056 0.965625 0.413889 0.967187 0.412500 0.968750 0.411111 0.970313 0.404167 0.970313 0.400000 0.969531 0.398611 0.968750 0.386111 0.967969 0.380556 0.965625 0.368056 0.964063 0.361111 0.961719 0.355556 0.957031 0.345833 0.957031 0.344444 0.955469 0.341667 0.953125 0.340278 0.948438 0.338889 0.944531 0.337500 0.932031 0.336111 0.846875 0.336111
24 0.511719 0.348611 0.511719 0.370833 0.512500 0.397222 0.514062 0.447222 0.514844 0.472222 0.517188 0.491667 0.517188 0.479167 0.515625 0.452778 0.514844 0.422222 0.514844 0.393056 0.514062 0.363889 0.513281 0.362500 0.513281 0.348611 0.511719 0.348611
24 0.127344 0.308333 0.127344 0.312500 0.128906 0.331944 0.128906 0.308333 0.127344 0.308333
24 0.991406 0.297222 0.991406 0.315278 0.992188 0.316667 0.992969 0.322222 0.992969 0.297222 0.991406 0.297222
24 0.247656 0.268056 0.247656 0.293056 0.248438 0.327778 0.249219 0.329167 0.249219 0.362500 0.250000 0.363889 0.250000 0.380556 0.251563 0.380556 0.253125 0.381944 0.253125 0.365278 0.252344 0.338889 0.251563 0.337500 0.251563 0.312500 0.250781 0.311111 0.250781 0.286111 0.250000 0.284722 0.250000 0.269444 0.247656 0.268056
24 0.850000 0.266667 0.850000 0.334722 0.851562 0.334722 0.851562 0.319444 0.852344 0.318056 0.852344 0.266667 0.850000 0.266667
24 0.150781 0.251389 0.150781 0.262500 0.151562 0.286111 0.152344 0.309722 0.153125 0.311111 0.153125 0.331944 0.154688 0.331944 0.154688 0.306944 0.153906 0.277778 0.153125 0.276389 0.153125 0.251389 0.150781 0.251389
24 0.719531 0.073611 0.718750 0.333333 0.718750 0.384722 0.721094 0.384722 0.721875 0.383333 0.725000 0.383333 0.725000 0.373611 0.724219 0.326389 0.721875 0.229167 0.721875 0.152778 0.722656 0.073611 0.719531 0.073611
24 0.075000 0.000000 0.077344 0.005556 0.078125 0.011111 0.078906 0.030556 0.079687 0.073611 0.083594 0.158333 0.084375 0.179167 0.084375 0.188889 0.082812 0.191667 0.081250 0.193056 0.078125 0.191667 0.075000 0.190278 0.064062 0.184722 0.052344 0.179167 0.029687 0.166667 0.007031 0.155556 0.000000 0.155556 0.000000 0.166667 0.002344 0.166667 0.008594 0.169444 0.020313 0.175000 0.067187 0.197222 0.075781 0.201389 0.078906 0.204167 0.079687 0.208333 0.085156 0.211111 0.085938 0.222222 0.086719 0.245833 0.089063 0.336111 0.089844 0.358333 0.090625 0.359722 0.090625 0.376389 0.092188 0.376389 0.092969 0.377778 0.096094 0.377778 0.096875 0.379167 0.099219 0.379167 0.099219 0.376389 0.098437 0.358333 0.096875 0.322222 0.096094 0.320833 0.096094 0.304167 0.095312 0.302778 0.095312 0.293056 0.091406 0.293056 0.089844 0.290278 0.089063 0.263889 0.088281 0.236111 0.089063 0.223611 0.092188 0.223611 0.092188 0.212500 0.091406 0.191667 0.088281 0.126389 0.087500 0.105556 0.089844 0.104167 0.089063 0.100000 0.087500 0.095833 0.088281 0.081944 0.091406 0.080556 0.089844 0.077778 0.088281 0.073611 0.086719 0.069444 0.085938 0.066667 0.088281 0.063889 0.088281 0.058333 0.087500 0.047222 0.086719 0.045833 0.086719 0.041667 0.085156 0.040278 0.084375 0.031944 0.084375 0.000000 0.075000 0.000000
2 0.000000 0.363889 0.000000 0.405556 0.003125 0.404167 0.003906 0.402778 0.006250 0.404167 0.006250 0.409722 0.014844 0.408333 0.015625 0.405556 0.016406 0.397222 0.028125 0.398611 0.033594 0.398611 0.034375 0.395833 0.035937 0.395833 0.036719 0.393056 0.049219 0.391667 0.050781 0.394444 0.052344 0.394444 0.052344 0.379167 0.051562 0.376389 0.050000 0.375000 0.050000 0.370833 0.048438 0.368056 0.036719 0.368056 0.035156 0.370833 0.033594 0.375000 0.030469 0.380556 0.029687 0.373611 0.028125 0.372222 0.021875 0.370833 0.010156 0.370833 0.007812 0.366667 0.005469 0.363889 0.000000 0.363889
2 0.587500 0.361111 0.569531 0.363889 0.560937 0.365278 0.552344 0.366667 0.550000 0.368056 0.539062 0.377778 0.533594 0.375000 0.523438 0.375000 0.514844 0.372222 0.514844 0.391667 0.515625 0.393056 0.515625 0.422222 0.516406 0.423611 0.516406 0.452778 0.517188 0.475000 0.517969 0.476389 0.517969 0.479167 0.520312 0.479167 0.541406 0.477778 0.605469 0.473611 0.625781 0.472222 0.645312 0.470833 0.657813 0.469444 0.659375 0.468056 0.660156 0.462500 0.665625 0.462500 0.666406 0.461111 0.667969 0.461111 0.667969 0.454167 0.668750 0.452778 0.668750 0.431944 0.666406 0.430556 0.666406 0.419444 0.664844 0.409722 0.664062 0.405556 0.663281 0.402778 0.662500 0.400000 0.660156 0.394444 0.657813 0.391667 0.645312 0.377778 0.635156 0.366667 0.633594 0.365278 0.632031 0.363889 0.624219 0.362500 0.609375 0.361111 0.587500 0.361111
2 0.464844 0.355556 0.444531 0.356944 0.436719 0.358333 0.430469 0.361111 0.427344 0.362500 0.424219 0.365278 0.412500 0.375000 0.410938 0.376389 0.400781 0.388889 0.399219 0.390278 0.396094 0.391667 0.389062 0.394444 0.376563 0.395833 0.364844 0.400000 0.360938 0.401389 0.358594 0.402778 0.356250 0.404167 0.350000 0.409722 0.345313 0.412500 0.344531 0.415278 0.343750 0.422222 0.342969 0.426389 0.339844 0.431944 0.340625 0.458333 0.342187 0.459722 0.346875 0.461111 0.352344 0.462500 0.357812 0.462500 0.363281 0.463889 0.365625 0.466667 0.370312 0.475000 0.375000 0.479167 0.376563 0.479167 0.379688 0.476389 0.383594 0.475000 0.386719 0.469444 0.388281 0.472222 0.390625 0.475000 0.392188 0.476389 0.394531 0.477778 0.396875 0.479167 0.410156 0.479167 0.411719 0.476389 0.414844 0.468056 0.416406 0.465278 0.441406 0.465278 0.461719 0.466667 0.466406 0.468056 0.471094 0.469444 0.475781 0.472222 0.475781 0.484722 0.478125 0.481944 0.490625 0.481944 0.502344 0.479167 0.514844 0.479167 0.514844 0.473611 0.514062 0.448611 0.511719 0.397222 0.511719 0.372222 0.510938 0.370833 0.510938 0.368056 0.509375 0.366667 0.507031 0.365278 0.494531 0.359722 0.490625 0.358333 0.483594 0.356944 0.477344 0.355556 0.464844 0.355556
3 0.165625 0.351389 0.152344 0.354167 0.146875 0.355556 0.145313 0.356944 0.143750 0.358333 0.136719 0.365278 0.126562 0.376389 0.124219 0.379167 0.117188 0.380556 0.108594 0.381944 0.084375 0.386111 0.076563 0.386111 0.075000 0.387500 0.075000 0.397222 0.074219 0.398611 0.075000 0.441667 0.076563 0.443056 0.085156 0.450000 0.086719 0.445833 0.088281 0.445833 0.089844 0.448611 0.091406 0.455556 0.093750 0.459722 0.095312 0.461111 0.097656 0.462500 0.120313 0.462500 0.122656 0.461111 0.125000 0.459722 0.130469 0.450000 0.131250 0.447222 0.132031 0.444444 0.132812 0.440278 0.157812 0.440278 0.183594 0.437500 0.222656 0.438889 0.223438 0.443056 0.225000 0.445833 0.226562 0.452778 0.228125 0.452778 0.228906 0.454167 0.232031 0.455556 0.235156 0.456944 0.244531 0.456944 0.249219 0.455556 0.251563 0.454167 0.253125 0.452778 0.257031 0.445833 0.257812 0.438889 0.271875 0.438889 0.273438 0.436111 0.275000 0.431944 0.275781 0.413889 0.275781 0.395833 0.275000 0.394444 0.275000 0.383333 0.232031 0.384722 0.199219 0.383333 0.199219 0.351389 0.165625 0.351389
2 0.763281 0.370833 0.749219 0.375000 0.744531 0.376389 0.741406 0.379167 0.733594 0.386111 0.732031 0.388889 0.721094 0.398611 0.717969 0.400000 0.710938 0.402778 0.696094 0.406944 0.692187 0.409722 0.688281 0.411111 0.688281 0.412500 0.686719 0.415278 0.685156 0.420833 0.683594 0.425000 0.682813 0.430556 0.682031 0.438889 0.682031 0.448611 0.682813 0.451389 0.684375 0.455556 0.686719 0.459722 0.692969 0.459722 0.697656 0.461111 0.699219 0.465278 0.708594 0.465278 0.713281 0.456944 0.725000 0.458333 0.725000 0.461111 0.735156 0.459722 0.736719 0.463889 0.746875 0.463889 0.753906 0.461111 0.753906 0.459722 0.755469 0.456944 0.760938 0.454167 0.760938 0.438889 0.759375 0.437500 0.757031 0.436111 0.756250 0.434722 0.755469 0.431944 0.754687 0.429167 0.754687 0.415278 0.755469 0.409722 0.757812 0.405556 0.758594 0.400000 0.758594 0.391667 0.759375 0.387500 0.760938 0.384722 0.767969 0.377778 0.771875 0.376389 0.782813 0.373611 0.787500 0.370833 0.763281 0.370833
