23 0.303906 0.262500 0.285938 0.263889 0.213281 0.270833 0.196094 0.270833 0.196875 0.273611 0.198437 0.276389 0.200781 0.283333 0.201563 0.294444 0.204687 0.300000 0.210938 0.300000 0.223438 0.298611 0.261719 0.293056 0.274219 0.293056 0.299219 0.290278 0.312500 0.287500 0.313281 0.284722 0.314063 0.277778 0.314063 0.268056 0.313281 0.265278 0.311719 0.262500 0.303906 0.262500
23 0.468750 0.258333 0.468750 0.286111 0.525781 0.286111 0.526563 0.284722 0.584375 0.284722 0.585156 0.283333 0.599219 0.283333 0.599219 0.263889 0.585938 0.263889 0.585156 0.262500 0.556250 0.262500 0.555469 0.261111 0.496875 0.258333 0.468750 0.258333
23 0.783594 0.254167 0.767969 0.255556 0.752344 0.258333 0.737500 0.258333 0.736719 0.259722 0.729688 0.259722 0.729688 0.269444 0.754687 0.269444 0.780469 0.268056 0.793750 0.266667 0.795312 0.265278 0.796094 0.259722 0.797656 0.256944 0.797656 0.255556 0.800781 0.254167 0.783594 0.254167
27 0.763281 0.155556 0.763281 0.159722 0.758594 0.166667 0.757031 0.169444 0.757031 0.175000 0.760938 0.180556 0.760938 0.183333 0.764062 0.183333 0.767188 0.188889 0.767188 0.194444 0.766406 0.197222 0.763281 0.202778 0.763281 0.209722 0.762500 0.212500 0.760938 0.216667 0.757031 0.223611 0.755469 0.225000 0.758594 0.225000 0.761719 0.223611 0.767188 0.220833 0.768750 0.218056 0.768750 0.215278 0.771875 0.209722 0.775000 0.209722 0.777344 0.213889 0.779687 0.213889 0.785937 0.209722 0.788281 0.209722 0.787500 0.223611 0.789844 0.227778 0.792969 0.227778 0.796094 0.222222 0.798438 0.220833 0.798438 0.205556 0.796875 0.202778 0.799219 0.200000 0.799219 0.194444 0.799219 0.191667 0.798438 0.197222 0.796094 0.201389 0.792969 0.201389 0.789062 0.208333 0.785156 0.208333 0.782813 0.206944 0.781250 0.205556 0.776563 0.197222 0.775781 0.194444 0.775000 0.187500 0.772656 0.186111 0.771094 0.188889 0.767969 0.188889 0.764844 0.183333 0.764844 0.177778 0.767188 0.173611 0.767188 0.168056 0.771875 0.161111 0.771875 0.155556 0.770312 0.156944 0.768750 0.159722 0.765625 0.159722 0.763281 0.155556
27 0.999219 0.000000 0.999219 0.219444 0.997656 0.220833 0.989844 0.220833 0.982031 0.222222 0.978125 0.225000 0.971875 0.226389 0.966406 0.226389 0.966406 0.222222 0.969531 0.222222 0.972656 0.216667 0.973437 0.212500 0.977344 0.213889 0.980469 0.208333 0.980469 0.204167 0.982031 0.201389 0.982031 0.195833 0.978906 0.190278 0.975781 0.190278 0.972656 0.197222 0.969531 0.193056 0.966406 0.193056 0.963281 0.198611 0.964063 0.205556 0.959375 0.204167 0.957812 0.195833 0.957812 0.188889 0.957031 0.184722 0.956250 0.181944 0.951562 0.173611 0.947656 0.170833 0.946875 0.166667 0.942187 0.158333 0.940625 0.156944 0.938281 0.155556 0.933594 0.155556 0.931250 0.156944 0.929688 0.158333 0.925000 0.166667 0.924219 0.169444 0.924219 0.172222 0.923438 0.175000 0.920312 0.169444 0.918750 0.168056 0.917188 0.168056 0.914062 0.162500 0.912500 0.162500 0.912500 0.159722 0.909375 0.154167 0.906250 0.154167 0.903125 0.159722 0.903125 0.162500 0.901563 0.162500 0.896094 0.158333 0.823438 0.158333 0.823438 0.155556 0.824219 0.151389 0.825000 0.147222 0.828906 0.148611 0.832031 0.143056 0.832031 0.137500 0.828906 0.131944 0.827344 0.130556 0.827344 0.116667 0.825781 0.111111 0.825781 0.108333 0.827344 0.105556 0.827344 0.100000 0.824219 0.094444 0.820312 0.095833 0.815625 0.090278 0.813281 0.088889 0.810937 0.087500 0.803125 0.087500 0.800781 0.088889 0.798438 0.090278 0.794531 0.095833 0.790625 0.095833 0.788281 0.097222 0.785937 0.098611 0.784375 0.101389 0.782813 0.101389 0.780469 0.100000 0.778906 0.097222 0.775781 0.097222 0.772656 0.102778 0.772656 0.108333 0.775781 0.113889 0.777344 0.113889 0.775781 0.116667 0.778125 0.122222 0.778125 0.130556 0.777344 0.133333 0.774219 0.138889 0.772656 0.140278 0.766406 0.140278 0.762500 0.147222 0.762500 0.152778 0.760156 0.148611 0.756250 0.148611 0.753906 0.152778 0.750000 0.155556 0.748437 0.155556 0.750000 0.152778 0.750000 0.122222 0.751563 0.122222 0.751563 0.137500 0.754687 0.143056 0.758594 0.143056 0.761719 0.137500 0.762500 0.127778 0.762500 0.122222 0.764844 0.116667 0.763281 0.112500 0.760938 0.109722 0.757812 0.109722 0.754687 0.115278 0.751563 0.122222 0.750000 0.122222 0.746875 0.116667 0.742969 0.116667 0.739844 0.122222 0.739844 0.127778 0.740625 0.138889 0.738281 0.138889 0.734375 0.145833 0.734375 0.150000 0.731250 0.150000 0.728125 0.155556 0.728125 0.161111 0.731250 0.166667 0.733594 0.166667 0.732812 0.170833 0.731250 0.173611 0.731250 0.190278 0.733594 0.194444 0.734375 0.197222 0.734375 0.201389 0.737500 0.206944 0.739844 0.206944 0.733594 0.208333 0.730469 0.215278 0.728906 0.216667 0.723437 0.215278 0.720313 0.219444 0.718750 0.220833 0.714063 0.220833 0.712500 0.219444 0.708594 0.212500 0.704688 0.216667 0.700781 0.206944 0.657813 0.205556 0.658594 0.202778 0.659375 0.198611 0.659375 0.190278 0.658594 0.186111 0.657813 0.183333 0.653125 0.175000 0.651563 0.173611 0.649219 0.172222 0.646875 0.172222 0.647656 0.169444 0.649219 0.166667 0.650000 0.162500 0.650781 0.158333 0.650781 0.148611 0.652344 0.148611 0.655469 0.143056 0.655469 0.137500 0.652344 0.131944 0.647656 0.133333 0.646094 0.129167 0.646094 0.127778 0.642969 0.126389 0.641406 0.125000 0.638281 0.119444 0.635156 0.119444 0.632812 0.122222 0.628125 0.122222 0.626563 0.120833 0.624219 0.116667 0.621875 0.118056 0.617188 0.123611 0.615625 0.126389 0.615625 0.129167 0.616406 0.138889 0.615625 0.141667 0.611719 0.147222 0.610156 0.150000 0.610156 0.158333 0.610938 0.162500 0.611719 0.166667 0.613281 0.170833 0.614844 0.175000 0.617188 0.179167 0.619531 0.181944 0.621875 0.184722 0.624219 0.186111 0.626563 0.187500 0.629687 0.187500 0.627344 0.195833 0.628125 0.208333 0.628125 0.211111 0.623437 0.219444 0.623437 0.213889 0.620313 0.208333 0.616406 0.208333 0.614844 0.206944 0.617969 0.206944 0.621094 0.201389 0.621094 0.195833 0.617969 0.190278 0.614844 0.190278 0.612500 0.194444 0.609375 0.194444 0.606250 0.200000 0.607031 0.206944 0.596094 0.206944 0.592187 0.205556 0.589844 0.202778 0.582812 0.201389 0.574219 0.200000 0.570312 0.204167 0.565625 0.204167 0.564063 0.202778 0.561719 0.198611 0.546094 0.200000 0.542188 0.191667 0.540625 0.190278 0.516406 0.190278 0.514844 0.188889 0.510938 0.181944 0.505469 0.183333 0.503906 0.181944 0.501563 0.177778 0.482031 0.176389 0.478125 0.175000 0.462500 0.176389 0.450000 0.177778 0.449219 0.193056 0.451562 0.194444 0.449219 0.194444 0.448437 0.193056 0.446875 0.193056 0.442188 0.198611 0.439844 0.198611 0.439844 0.191667 0.439063 0.188889 0.435156 0.181944 0.433594 0.180556 0.429688 0.180556 0.429688 0.144444 0.431250 0.130556 0.430469 0.102778 0.431250 0.068056 0.433594 0.068056 0.436719 0.066667 0.439844 0.062500 0.442969 0.056944 0.442969 0.054167 0.444531 0.051389 0.444531 0.048611 0.446094 0.044444 0.450000 0.036111 0.450781 0.033333 0.450781 0.026389 0.453125 0.016667 0.452344 0.000000 0.999219 0.000000
27 0.377344 0.000000 0.376563 0.006944 0.379688 0.012500 0.386719 0.012500 0.390625 0.005556 0.392969 0.005556 0.392969 0.016667 0.393750 0.020833 0.394531 0.025000 0.396094 0.029167 0.400000 0.037500 0.400781 0.040278 0.400781 0.043056 0.402344 0.047222 0.403906 0.051389 0.406250 0.055556 0.409375 0.058333 0.407813 0.061111 0.407813 0.066667 0.410938 0.072222 0.414844 0.072222 0.414844 0.108333 0.416406 0.111111 0.416406 0.183333 0.414062 0.180556 0.409375 0.180556 0.407031 0.183333 0.407031 0.179167 0.402344 0.177778 0.402344 0.173611 0.401562 0.172222 0.401562 0.166667 0.400000 0.163889 0.383594 0.163889 0.381250 0.161111 0.378906 0.159722 0.377344 0.161111 0.375000 0.163889 0.372656 0.166667 0.369531 0.170833 0.364844 0.179167 0.364063 0.181944 0.363281 0.188889 0.359375 0.197222 0.359375 0.198611 0.358594 0.200000 0.357031 0.201389 0.355469 0.202778 0.355469 0.193056 0.354687 0.190278 0.350781 0.183333 0.349219 0.181944 0.346875 0.180556 0.346875 0.177778 0.344531 0.173611 0.336719 0.173611 0.335156 0.175000 0.333594 0.177778 0.325000 0.176389 0.322656 0.177778 0.320312 0.180556 0.318750 0.183333 0.318750 0.184722 0.317969 0.186111 0.316406 0.187500 0.303125 0.188889 0.298438 0.188889 0.289844 0.187500 0.291406 0.179167 0.291406 0.158333 0.292187 0.162500 0.295312 0.168056 0.298438 0.168056 0.301563 0.162500 0.301563 0.154167 0.299219 0.147222 0.299219 0.143056 0.298438 0.138889 0.294531 0.131944 0.292969 0.130556 0.291406 0.129167 0.291406 0.123611 0.298438 0.123611 0.300000 0.125000 0.300781 0.129167 0.302344 0.131944 0.303125 0.138889 0.306250 0.144444 0.309375 0.144444 0.312500 0.138889 0.312500 0.129167 0.311719 0.125000 0.309375 0.118056 0.305469 0.111111 0.302344 0.106944 0.291406 0.106944 0.288281 0.112500 0.288281 0.118056 0.291406 0.123611 0.291406 0.129167 0.285156 0.125000 0.282813 0.125000 0.281250 0.123611 0.281250 0.084722 0.281250 0.077778 0.291406 0.077778 0.294531 0.083333 0.302344 0.083333 0.304688 0.081944 0.309375 0.077778 0.310937 0.077778 0.311719 0.079167 0.314063 0.079167 0.316406 0.075000 0.316406 0.072222 0.314844 0.069444 0.317188 0.065278 0.317188 0.061111 0.313281 0.054167 0.310937 0.054167 0.309375 0.051389 0.307031 0.051389 0.307031 0.044444 0.307812 0.043056 0.307812 0.040278 0.311719 0.037500 0.315625 0.037500 0.317188 0.036111 0.319531 0.031944 0.319531 0.029167 0.317188 0.025000 0.308594 0.026389 0.307031 0.026389 0.305469 0.023611 0.303906 0.023611 0.302344 0.026389 0.298438 0.023611 0.296875 0.020833 0.298438 0.019444 0.299219 0.018056 0.303906 0.015278 0.307031 0.015278 0.308594 0.012500 0.310937 0.011111 0.313281 0.011111 0.314844 0.009722 0.317188 0.005556 0.317188 0.002778 0.315625 0.000000 0.377344 0.000000
27 0.281250 0.000000 0.285156 0.000000 0.287500 0.001389 0.289062 0.002778 0.293750 0.011111 0.296094 0.009722 0.297656 0.006944 0.299219 0.006944 0.300781 0.004167 0.303906 0.004167 0.306250 0.001389 0.309375 0.001389 0.310156 0.000000 0.311719 0.000000 0.281250 0.000000
27 0.234375 0.000000 0.239844 0.008333 0.244531 0.008333 0.245312 0.006944 0.250781 0.006944 0.253906 0.004167 0.255469 0.004167 0.256250 0.000000 0.234375 0.000000
27 0.227344 0.001389 0.232813 0.012500 0.232813 0.013889 0.234375 0.016667 0.230469 0.022222 0.228906 0.016667 0.224219 0.008333 0.221875 0.006944 0.217969 0.004167 0.205469 0.004167 0.203125 0.008333 0.203125 0.011111 0.205469 0.015278 0.216406 0.015278 0.218750 0.016667 0.222656 0.019444 0.222656 0.022222 0.228906 0.033333 0.223438 0.033333 0.219531 0.034722 0.217188 0.038889 0.217188 0.041667 0.219531 0.045833 0.221094 0.045833 0.222656 0.048611 0.222656 0.051389 0.218750 0.050000 0.216406 0.054167 0.216406 0.056944 0.218750 0.061111 0.221094 0.061111 0.222656 0.058333 0.225781 0.059722 0.229687 0.058333 0.231250 0.061111 0.235156 0.062500 0.237500 0.061111 0.237500 0.070833 0.238281 0.073611 0.246875 0.088889 0.250781 0.088889 0.246875 0.094444 0.245312 0.098611 0.245312 0.105556 0.248438 0.111111 0.251563 0.111111 0.253906 0.106944 0.253906 0.125000 0.250781 0.130556 0.250000 0.133333 0.249219 0.136111 0.248438 0.140278 0.247656 0.138889 0.247656 0.131944 0.246094 0.129167 0.246094 0.126389 0.243750 0.122222 0.242188 0.122222 0.240625 0.123611 0.239063 0.126389 0.235937 0.127778 0.232813 0.133333 0.232031 0.133333 0.229687 0.137500 0.227344 0.144444 0.227344 0.156944 0.230469 0.162500 0.234375 0.162500 0.239844 0.152778 0.241406 0.155556 0.243750 0.155556 0.246094 0.151389 0.246094 0.148611 0.244531 0.145833 0.247656 0.138889 0.248438 0.140278 0.248438 0.169444 0.247656 0.175000 0.246094 0.180556 0.246094 0.190278 0.239844 0.188889 0.235156 0.188889 0.221875 0.190278 0.207813 0.188889 0.194531 0.181944 0.183594 0.181944 0.175781 0.180556 0.173437 0.177778 0.169531 0.176389 0.164062 0.176389 0.162500 0.177778 0.160156 0.181944 0.157812 0.180556 0.152344 0.173611 0.146875 0.166667 0.147656 0.131944 0.146094 0.129167 0.147656 0.125000 0.147656 0.115278 0.149219 0.112500 0.150000 0.109722 0.150000 0.097222 0.147656 0.093056 0.150781 0.084722 0.150781 0.081944 0.154688 0.081944 0.157031 0.080556 0.159375 0.079167 0.161719 0.076389 0.164062 0.073611 0.166406 0.069444 0.167969 0.065278 0.169531 0.061111 0.170313 0.056944 0.171094 0.052778 0.171094 0.036111 0.171094 0.019444 0.170313 0.015278 0.169531 0.011111 0.167969 0.008333 0.167187 0.005556 0.167187 0.002778 0.166406 0.000000 0.227344 0.001389
27 0.050781 0.000000 0.051562 0.002778 0.059375 0.018056 0.067969 0.034722 0.072656 0.043056 0.072656 0.033333 0.071875 0.031944 0.071875 0.020833 0.074219 0.016667 0.077344 0.016667 0.078906 0.016667 0.080469 0.018056 0.082031 0.020833 0.082812 0.038889 0.082812 0.055556 0.085938 0.056944 0.088281 0.061111 0.089063 0.065278 0.090625 0.076389 0.091406 0.080556 0.095312 0.088889 0.102344 0.102778 0.109375 0.116667 0.116406 0.130556 0.121875 0.140278 0.125781 0.144444 0.129688 0.147222 0.131250 0.148611 0.130469 0.145833 0.128906 0.143056 0.128125 0.137500 0.127344 0.129167 0.127344 0.111111 0.123438 0.111111 0.120313 0.105556 0.119531 0.101389 0.117969 0.101389 0.115625 0.098611 0.113281 0.095833 0.110937 0.091667 0.109375 0.087500 0.107813 0.083333 0.107031 0.079167 0.106250 0.075000 0.106250 0.061111 0.107813 0.055556 0.107813 0.052778 0.107031 0.048611 0.105469 0.043056 0.105469 0.031944 0.101562 0.026389 0.101562 0.016667 0.101562 0.013889 0.099219 0.009722 0.100000 0.000000 0.050781 0.000000
25 0.501563 0.179167 0.503906 0.183333 0.505469 0.184722 0.510938 0.183333 0.514844 0.190278 0.516406 0.191667 0.540625 0.191667 0.542188 0.193056 0.545312 0.200000 0.561719 0.200000 0.564063 0.204167 0.565625 0.205556 0.570312 0.205556 0.573438 0.201389 0.582812 0.202778 0.589844 0.204167 0.592187 0.206944 0.596094 0.208333 0.607812 0.206944 0.607031 0.200000 0.609375 0.195833 0.612500 0.195833 0.614844 0.191667 0.617969 0.191667 0.620313 0.195833 0.620313 0.201389 0.617969 0.205556 0.614062 0.206944 0.615625 0.208333 0.616406 0.209722 0.620313 0.209722 0.622656 0.213889 0.622656 0.219444 0.612500 0.237500 0.610156 0.238889 0.605469 0.240278 0.601562 0.240278 0.600000 0.241667 0.599219 0.262500 0.585938 0.262500 0.565625 0.259722 0.556250 0.261111 0.555469 0.259722 0.546875 0.259722 0.548438 0.258333 0.550781 0.256944 0.551562 0.255556 0.552344 0.252778 0.553906 0.241667 0.553906 0.231944 0.553125 0.223611 0.550000 0.212500 0.549219 0.209722 0.546875 0.208333 0.517188 0.209722 0.512500 0.211111 0.510938 0.209722 0.509375 0.206944 0.503906 0.208333 0.505469 0.209722 0.506250 0.211111 0.510938 0.209722 0.512500 0.211111 0.508594 0.212500 0.504687 0.219444 0.502344 0.225000 0.502344 0.226389 0.500781 0.229167 0.499219 0.229167 0.497656 0.230556 0.495312 0.234722 0.492969 0.240278 0.492188 0.243056 0.492188 0.251389 0.485156 0.254167 0.482031 0.254167 0.482031 0.179167 0.501563 0.179167
25 0.906250 0.155556 0.903906 0.159722 0.903906 0.163889 0.905469 0.163889 0.910156 0.166667 0.911719 0.168056 0.913281 0.170833 0.913281 0.200000 0.914062 0.201389 0.914062 0.216667 0.925781 0.216667 0.932031 0.218056 0.942187 0.222222 0.950000 0.222222 0.953906 0.223611 0.956250 0.226389 0.965625 0.226389 0.966406 0.220833 0.969531 0.220833 0.971875 0.216667 0.971875 0.213889 0.973437 0.211111 0.977344 0.212500 0.979688 0.208333 0.979688 0.204167 0.981250 0.201389 0.981250 0.195833 0.978906 0.191667 0.975781 0.191667 0.973437 0.197222 0.971875 0.198611 0.969531 0.194444 0.966406 0.194444 0.964063 0.198611 0.964844 0.206944 0.962500 0.209722 0.960156 0.205556 0.959375 0.205556 0.957812 0.202778 0.957031 0.195833 0.957031 0.188889 0.956250 0.184722 0.955469 0.181944 0.951562 0.175000 0.948438 0.173611 0.946875 0.170833 0.946094 0.166667 0.942187 0.159722 0.940625 0.158333 0.938281 0.156944 0.933594 0.156944 0.931250 0.158333 0.929688 0.159722 0.925781 0.166667 0.925000 0.169444 0.925000 0.172222 0.924219 0.173611 0.923438 0.176389 0.920312 0.170833 0.917188 0.169444 0.914062 0.163889 0.911719 0.162500 0.911719 0.159722 0.909375 0.155556 0.906250 0.155556
25 0.242188 0.123611 0.240625 0.125000 0.239063 0.127778 0.235937 0.129167 0.232031 0.134722 0.230469 0.137500 0.228125 0.144444 0.228125 0.156944 0.230469 0.161111 0.234375 0.161111 0.239844 0.151389 0.241406 0.154167 0.243750 0.154167 0.245312 0.151389 0.245312 0.148611 0.243750 0.144444 0.246875 0.138889 0.246875 0.131944 0.245312 0.129167 0.245312 0.126389 0.243750 0.123611 0.242188 0.123611
25 0.624219 0.118056 0.621875 0.119444 0.617969 0.125000 0.617188 0.125000 0.616406 0.129167 0.617188 0.138889 0.616406 0.141667 0.611719 0.148611 0.610938 0.158333 0.611719 0.162500 0.612500 0.166667 0.614062 0.170833 0.615625 0.175000 0.617188 0.177778 0.619531 0.180556 0.621875 0.183333 0.624219 0.184722 0.626563 0.186111 0.630469 0.187500 0.629687 0.190278 0.628125 0.195833 0.628906 0.209722 0.630469 0.206944 0.653906 0.206944 0.654687 0.205556 0.657031 0.205556 0.657813 0.202778 0.658594 0.198611 0.658594 0.190278 0.657813 0.186111 0.657031 0.183333 0.653125 0.176389 0.651563 0.175000 0.649219 0.173611 0.646094 0.172222 0.646875 0.169444 0.648438 0.166667 0.649219 0.162500 0.650000 0.158333 0.650781 0.147222 0.652344 0.147222 0.654687 0.143056 0.654687 0.137500 0.652344 0.133333 0.646875 0.133333 0.646875 0.131944 0.645312 0.129167 0.642969 0.127778 0.641406 0.126389 0.638281 0.120833 0.635156 0.120833 0.632812 0.123611 0.628125 0.123611 0.626563 0.122222 0.624219 0.118056
25 0.757812 0.111111 0.755469 0.115278 0.755469 0.116667 0.752344 0.122222 0.752344 0.137500 0.754687 0.141667 0.758594 0.141667 0.760938 0.137500 0.761719 0.127778 0.761719 0.122222 0.763281 0.113889 0.762500 0.113889 0.760938 0.111111 0.757812 0.111111
25 0.291406 0.108333 0.289062 0.112500 0.289062 0.118056 0.291406 0.122222 0.298438 0.122222 0.300000 0.123611 0.300781 0.125000 0.303125 0.131944 0.303906 0.138889 0.306250 0.143056 0.309375 0.143056 0.311719 0.138889 0.311719 0.129167 0.310937 0.125000 0.308594 0.118056 0.305469 0.112500 0.302344 0.108333 0.291406 0.108333
25 0.810937 0.088889 0.813281 0.090278 0.815625 0.091667 0.819531 0.097222 0.824219 0.095833 0.826562 0.100000 0.826562 0.105556 0.825000 0.108333 0.825000 0.111111 0.826562 0.116667 0.825781 0.131944 0.828906 0.133333 0.831250 0.137500 0.831250 0.143056 0.828906 0.147222 0.825000 0.145833 0.822656 0.155556 0.822656 0.158333 0.807813 0.158333 0.806250 0.165278 0.805469 0.175000 0.804688 0.180556 0.803906 0.183333 0.801562 0.184722 0.800000 0.187500 0.799219 0.190278 0.798438 0.194444 0.797656 0.197222 0.796094 0.200000 0.792969 0.200000 0.789062 0.206944 0.785156 0.206944 0.782813 0.205556 0.781250 0.204167 0.777344 0.197222 0.776563 0.194444 0.775000 0.186111 0.774219 0.186111 0.771094 0.187500 0.767969 0.187500 0.765625 0.183333 0.765625 0.177778 0.767969 0.173611 0.767969 0.168056 0.771875 0.162500 0.771875 0.154167 0.770312 0.155556 0.768750 0.158333 0.765625 0.158333 0.763281 0.154167 0.762500 0.159722 0.759375 0.165278 0.758594 0.165278 0.756250 0.169444 0.757031 0.176389 0.760156 0.180556 0.760156 0.183333 0.764062 0.184722 0.766406 0.188889 0.766406 0.194444 0.765625 0.197222 0.762500 0.202778 0.762500 0.209722 0.761719 0.212500 0.760156 0.215278 0.759375 0.218056 0.760938 0.222222 0.768750 0.220833 0.769531 0.218056 0.769531 0.215278 0.771875 0.211111 0.775000 0.211111 0.777344 0.215278 0.777344 0.220833 0.776563 0.230556 0.774219 0.234722 0.778906 0.234722 0.781250 0.229167 0.784375 0.229167 0.785937 0.231944 0.787500 0.229167 0.792969 0.229167 0.795312 0.225000 0.796875 0.223611 0.800000 0.223611 0.801562 0.225000 0.803125 0.227778 0.803125 0.240278 0.802344 0.248611 0.800781 0.251389 0.794531 0.252778 0.782813 0.254167 0.767188 0.255556 0.752344 0.256944 0.736719 0.258333 0.734375 0.255556 0.730469 0.255556 0.728125 0.252778 0.718750 0.243056 0.716406 0.240278 0.712500 0.233333 0.713281 0.230556 0.710938 0.229167 0.708594 0.225000 0.705469 0.218056 0.707812 0.213889 0.712500 0.220833 0.714063 0.222222 0.720313 0.220833 0.722656 0.216667 0.728906 0.218056 0.725781 0.227778 0.725000 0.230556 0.728125 0.230556 0.725781 0.227778 0.728906 0.218056 0.730469 0.216667 0.734375 0.208333 0.740625 0.206944 0.737500 0.205556 0.735156 0.201389 0.735156 0.197222 0.734375 0.194444 0.732031 0.190278 0.732031 0.173611 0.733594 0.170833 0.734375 0.168056 0.731250 0.165278 0.728906 0.161111 0.728906 0.155556 0.731250 0.151389 0.734375 0.151389 0.735156 0.145833 0.738281 0.140278 0.740625 0.140278 0.740625 0.127778 0.740625 0.122222 0.742969 0.118056 0.746875 0.118056 0.749219 0.122222 0.749219 0.152778 0.747656 0.155556 0.750000 0.156944 0.753906 0.154167 0.756250 0.150000 0.760156 0.150000 0.762500 0.154167 0.763281 0.147222 0.766406 0.141667 0.772656 0.141667 0.774219 0.140278 0.778125 0.133333 0.778906 0.130556 0.778906 0.122222 0.776563 0.116667 0.778125 0.113889 0.775781 0.112500 0.773438 0.108333 0.773438 0.102778 0.775781 0.098611 0.778906 0.098611 0.780469 0.101389 0.782813 0.102778 0.784375 0.102778 0.785937 0.100000 0.788281 0.098611 0.790625 0.097222 0.794531 0.097222 0.798438 0.091667 0.800781 0.090278 0.803125 0.088889 0.810937 0.088889
25 0.377344 0.001389 0.377344 0.006944 0.379688 0.011111 0.386719 0.011111 0.390625 0.004167 0.393750 0.005556 0.393750 0.016667 0.394531 0.020833 0.395313 0.025000 0.396875 0.029167 0.400781 0.037500 0.401562 0.040278 0.401562 0.043056 0.403125 0.047222 0.404687 0.051389 0.406250 0.054167 0.410156 0.058333 0.408594 0.061111 0.408594 0.066667 0.410938 0.070833 0.415625 0.072222 0.415625 0.108333 0.417187 0.111111 0.416406 0.184722 0.414062 0.181944 0.409375 0.181944 0.407813 0.183333 0.407031 0.198611 0.408594 0.198611 0.409375 0.200000 0.415625 0.200000 0.420312 0.201389 0.430469 0.211111 0.431250 0.202778 0.434375 0.202778 0.435156 0.201389 0.439063 0.200000 0.439063 0.191667 0.438281 0.188889 0.435156 0.183333 0.433594 0.181944 0.428906 0.180556 0.428906 0.144444 0.430469 0.130556 0.429688 0.102778 0.431250 0.066667 0.433594 0.066667 0.436719 0.065278 0.439844 0.061111 0.442188 0.056944 0.442188 0.054167 0.443750 0.051389 0.443750 0.048611 0.445312 0.044444 0.449219 0.036111 0.450000 0.033333 0.450000 0.026389 0.452344 0.016667 0.452344 0.002778 0.451562 0.000000 0.377344 0.001389
25 0.227344 0.000000 0.228125 0.002778 0.233594 0.012500 0.233594 0.013889 0.235156 0.016667 0.229687 0.022222 0.229687 0.020833 0.228125 0.016667 0.224219 0.009722 0.221875 0.008333 0.217969 0.005556 0.205469 0.005556 0.203906 0.008333 0.203906 0.011111 0.205469 0.013889 0.216406 0.013889 0.218750 0.015278 0.221094 0.018056 0.223438 0.019444 0.223438 0.022222 0.229687 0.033333 0.223438 0.034722 0.221875 0.037500 0.219531 0.036111 0.217969 0.038889 0.217969 0.041667 0.219531 0.044444 0.221094 0.044444 0.223438 0.048611 0.221875 0.052778 0.218750 0.051389 0.217188 0.054167 0.217188 0.056944 0.218750 0.059722 0.221094 0.059722 0.223438 0.056944 0.225781 0.058333 0.229687 0.056944 0.231250 0.059722 0.235156 0.061111 0.237500 0.059722 0.238281 0.070833 0.239063 0.073611 0.246875 0.087500 0.251563 0.088889 0.247656 0.094444 0.246094 0.098611 0.246094 0.105556 0.248438 0.109722 0.251563 0.109722 0.253906 0.105556 0.254688 0.125000 0.251563 0.130556 0.250781 0.133333 0.250000 0.136111 0.249219 0.140278 0.249219 0.169444 0.248438 0.175000 0.246875 0.180556 0.246094 0.191667 0.240625 0.191667 0.239844 0.190278 0.235156 0.190278 0.221875 0.191667 0.207813 0.190278 0.194531 0.183333 0.183594 0.183333 0.175781 0.181944 0.173437 0.179167 0.169531 0.177778 0.164062 0.177778 0.162500 0.179167 0.160156 0.183333 0.162500 0.186111 0.167187 0.191667 0.181250 0.208333 0.183594 0.211111 0.190625 0.211111 0.196094 0.208333 0.207031 0.206944 0.222656 0.205556 0.230469 0.205556 0.235156 0.208333 0.244531 0.213889 0.246094 0.215278 0.246875 0.222222 0.247656 0.226389 0.248438 0.229167 0.252344 0.236111 0.253906 0.237500 0.256250 0.238889 0.260156 0.238889 0.261719 0.241667 0.262500 0.244444 0.262500 0.251389 0.264844 0.258333 0.266406 0.261111 0.266406 0.262500 0.285156 0.263889 0.292187 0.262500 0.293750 0.261111 0.296875 0.255556 0.297656 0.252778 0.297656 0.245833 0.300000 0.241667 0.300781 0.222222 0.302344 0.223611 0.304688 0.226389 0.315625 0.227778 0.318750 0.233333 0.321875 0.227778 0.321875 0.226389 0.325000 0.220833 0.335938 0.220833 0.339062 0.218056 0.348438 0.209722 0.350000 0.206944 0.352344 0.205556 0.353906 0.204167 0.354687 0.193056 0.353906 0.190278 0.350781 0.184722 0.349219 0.183333 0.345313 0.181944 0.346094 0.177778 0.344531 0.175000 0.336719 0.175000 0.335156 0.176389 0.333594 0.179167 0.324219 0.177778 0.322656 0.179167 0.321094 0.181944 0.320312 0.181944 0.319531 0.183333 0.319531 0.184722 0.317969 0.187500 0.316406 0.188889 0.303125 0.190278 0.298438 0.190278 0.289062 0.186111 0.290625 0.179167 0.291406 0.156944 0.292969 0.159722 0.292969 0.162500 0.295312 0.166667 0.298438 0.166667 0.300781 0.162500 0.300781 0.154167 0.298438 0.147222 0.298438 0.143056 0.297656 0.138889 0.294531 0.133333 0.292969 0.131944 0.291406 0.130556 0.285156 0.126389 0.282813 0.126389 0.282031 0.125000 0.280469 0.123611 0.280469 0.084722 0.281250 0.076389 0.291406 0.076389 0.294531 0.081944 0.302344 0.081944 0.304688 0.080556 0.309375 0.076389 0.310937 0.076389 0.311719 0.077778 0.314063 0.077778 0.315625 0.075000 0.315625 0.072222 0.314063 0.069444 0.316406 0.065278 0.316406 0.061111 0.313281 0.055556 0.310937 0.055556 0.309375 0.052778 0.306250 0.051389 0.306250 0.044444 0.307812 0.038889 0.309375 0.038889 0.311719 0.036111 0.315625 0.036111 0.317188 0.034722 0.318750 0.031944 0.318750 0.029167 0.317188 0.026389 0.308594 0.027778 0.307031 0.027778 0.305469 0.025000 0.303906 0.025000 0.301563 0.027778 0.300000 0.026389 0.298438 0.025000 0.296094 0.020833 0.297656 0.018056 0.299219 0.016667 0.301563 0.015278 0.303906 0.013889 0.307031 0.013889 0.308594 0.011111 0.310937 0.009722 0.313281 0.009722 0.314844 0.008333 0.316406 0.005556 0.316406 0.002778 0.314844 0.000000 0.312500 0.000000 0.309375 0.002778 0.306250 0.002778 0.303906 0.005556 0.300781 0.005556 0.299219 0.008333 0.297656 0.008333 0.296094 0.011111 0.293750 0.012500 0.289062 0.004167 0.287500 0.002778 0.285156 0.001389 0.280469 0.000000 0.256250 0.001389 0.255469 0.005556 0.253125 0.006944 0.250781 0.008333 0.245312 0.008333 0.244531 0.009722 0.239844 0.009722 0.235156 0.001389 0.233594 0.000000 0.227344 0.000000
25 0.100000 0.001389 0.100000 0.009722 0.102344 0.013889 0.102344 0.016667 0.103125 0.019444 0.102344 0.026389 0.105469 0.030556 0.106250 0.043056 0.108594 0.052778 0.108594 0.055556 0.107031 0.061111 0.107031 0.075000 0.107813 0.079167 0.108594 0.083333 0.110156 0.087500 0.111719 0.091667 0.113281 0.094444 0.115625 0.097222 0.117969 0.100000 0.119531 0.100000 0.121094 0.102778 0.121094 0.105556 0.123438 0.109722 0.128125 0.111111 0.128125 0.129167 0.128906 0.137500 0.129688 0.143056 0.131250 0.145833 0.132031 0.150000 0.133594 0.151389 0.145313 0.165278 0.146875 0.165278 0.146875 0.131944 0.145313 0.127778 0.146875 0.125000 0.146875 0.115278 0.148438 0.112500 0.149219 0.109722 0.149219 0.097222 0.146875 0.091667 0.150000 0.084722 0.150781 0.080556 0.154688 0.080556 0.157031 0.079167 0.159375 0.077778 0.161719 0.075000 0.164062 0.072222 0.165625 0.069444 0.167187 0.065278 0.168750 0.061111 0.169531 0.056944 0.170313 0.052778 0.170313 0.036111 0.170313 0.019444 0.169531 0.015278 0.168750 0.011111 0.167187 0.008333 0.166406 0.005556 0.166406 0.002778 0.165625 0.000000 0.100000 0.001389
19 0.781250 0.268056 0.765625 0.269444 0.752344 0.270833 0.751563 0.272222 0.739062 0.272222 0.738281 0.273611 0.729688 0.273611 0.730469 0.280556 0.731250 0.286111 0.732031 0.287500 0.732031 0.290278 0.731250 0.300000 0.730469 0.306944 0.727344 0.312500 0.727344 0.313889 0.725000 0.318056 0.721875 0.319444 0.715625 0.320833 0.714063 0.319444 0.711719 0.315278 0.710938 0.309722 0.703125 0.308333 0.694531 0.308333 0.692969 0.309722 0.692969 0.316667 0.690625 0.322222 0.686719 0.329167 0.671094 0.329167 0.663281 0.327778 0.661719 0.325000 0.660937 0.320833 0.660156 0.315278 0.660156 0.311111 0.625781 0.311111 0.625781 0.313889 0.625000 0.315278 0.625000 0.319444 0.623437 0.325000 0.607812 0.325000 0.606250 0.322222 0.606250 0.315278 0.605469 0.306944 0.604688 0.305556 0.604688 0.302778 0.603125 0.301389 0.600781 0.300000 0.599219 0.298611 0.598437 0.284722 0.585156 0.284722 0.526563 0.286111 0.469531 0.287500 0.468750 0.288889 0.464062 0.288889 0.463281 0.291667 0.462500 0.294444 0.462500 0.298611 0.460156 0.302778 0.455469 0.304167 0.453906 0.305556 0.452344 0.304167 0.448437 0.300000 0.446094 0.294444 0.437500 0.293056 0.426563 0.294444 0.415625 0.295833 0.404687 0.297222 0.401562 0.298611 0.400000 0.301389 0.398438 0.305556 0.398438 0.306944 0.397656 0.308333 0.396094 0.309722 0.388281 0.309722 0.385156 0.308333 0.382812 0.306944 0.381250 0.305556 0.378906 0.301389 0.378125 0.297222 0.372656 0.297222 0.371875 0.295833 0.364844 0.294444 0.350000 0.295833 0.349219 0.302778 0.346875 0.306944 0.342969 0.309722 0.341406 0.309722 0.339844 0.311111 0.333594 0.306944 0.332031 0.305556 0.331250 0.304167 0.330469 0.301389 0.328906 0.294444 0.326562 0.294444 0.325781 0.293056 0.315625 0.293056 0.312500 0.291667 0.312500 0.288889 0.300000 0.290278 0.274219 0.294444 0.261719 0.294444 0.224219 0.298611 0.223438 0.300000 0.211719 0.300000 0.210938 0.301389 0.206250 0.301389 0.207813 0.306944 0.208594 0.368056 0.207813 0.377778 0.206250 0.379167 0.197656 0.386111 0.171875 0.411111 0.170313 0.413889 0.169531 0.413889 0.168750 0.415278 0.167969 0.418056 0.167969 0.425000 0.166406 0.434722 0.166406 0.443056 0.164844 0.452778 0.163281 0.454167 0.159375 0.455556 0.132812 0.472222 0.126562 0.473611 0.114062 0.476389 0.107813 0.477778 0.103906 0.477778 0.099219 0.476389 0.079687 0.469444 0.075781 0.468056 0.072656 0.465278 0.071875 0.462500 0.070312 0.455556 0.066406 0.443056 0.059375 0.425000 0.057813 0.418056 0.058594 0.412500 0.061719 0.390278 0.063281 0.384722 0.066406 0.362500 0.067187 0.356944 0.060156 0.356944 0.059375 0.358333 0.051562 0.358333 0.045312 0.359722 0.041406 0.362500 0.010937 0.363889 0.000000 0.362500 0.000000 0.615278 0.007812 0.615278 0.017969 0.613889 0.036719 0.611111 0.121875 0.597222 0.140625 0.595833 0.170313 0.594444 0.314063 0.588889 0.342969 0.587500 0.346875 0.586111 0.357031 0.581944 0.378906 0.572222 0.410938 0.572222 0.497656 0.576389 0.583594 0.580556 0.612500 0.581944 0.623437 0.583333 0.633594 0.586111 0.649219 0.591667 0.654687 0.593056 0.660156 0.594444 0.666406 0.595833 0.675781 0.597222 0.692969 0.600000 0.728906 0.605556 0.949219 0.640278 0.975781 0.644444 0.985156 0.645833 0.993750 0.647222 0.999219 0.647222 0.999219 0.284722 0.992188 0.284722 0.991406 0.283333 0.980469 0.281944 0.975781 0.281944 0.976562 0.287500 0.975781 0.291667 0.972656 0.291667 0.965625 0.288889 0.965625 0.275000 0.960156 0.275000 0.956250 0.280556 0.950000 0.281944 0.947656 0.283333 0.946094 0.284722 0.944531 0.288889 0.944531 0.297222 0.943750 0.305556 0.942187 0.308333 0.935937 0.306944 0.935937 0.302778 0.935156 0.298611 0.934375 0.295833 0.931250 0.295833 0.930469 0.294444 0.914844 0.295833 0.914844 0.304167 0.914062 0.309722 0.910937 0.316667 0.910156 0.320833 0.909375 0.329167 0.905469 0.329167 0.900000 0.326389 0.900000 0.319444 0.900781 0.318056 0.900000 0.315278 0.900000 0.333333 0.899219 0.337500 0.898438 0.340278 0.891406 0.341667 0.886719 0.333333 0.885938 0.329167 0.885938 0.323611 0.882031 0.323611 0.871875 0.327778 0.858594 0.333333 0.853906 0.336111 0.843750 0.343056 0.837500 0.343056 0.830469 0.341667 0.810156 0.337500 0.803906 0.336111 0.800000 0.334722 0.794531 0.325000 0.794531 0.319444 0.795312 0.302778 0.792188 0.295833 0.792188 0.268056 0.781250 0.268056
2 0.546875 0.209722 0.517188 0.211111 0.512500 0.212500 0.508594 0.213889 0.505469 0.219444 0.503125 0.226389 0.500781 0.230556 0.499219 0.230556 0.497656 0.231944 0.496094 0.234722 0.496094 0.236111 0.493750 0.240278 0.492969 0.243056 0.493750 0.256944 0.497656 0.258333 0.526563 0.259722 0.546094 0.259722 0.550781 0.255556 0.551562 0.252778 0.552344 0.247222 0.553125 0.241667 0.553125 0.231944 0.552344 0.223611 0.548438 0.209722 0.546875 0.209722
2 0.654687 0.206944 0.630469 0.208333 0.622656 0.220833 0.612500 0.238889 0.610156 0.240278 0.606250 0.240278 0.605469 0.241667 0.601562 0.241667 0.600000 0.243056 0.599219 0.284722 0.599219 0.297222 0.600781 0.298611 0.603125 0.300000 0.604688 0.301389 0.606250 0.306944 0.606250 0.313889 0.607812 0.323611 0.623437 0.323611 0.623437 0.320833 0.624219 0.319444 0.624219 0.315278 0.625781 0.309722 0.660937 0.311111 0.661719 0.316667 0.661719 0.320833 0.663281 0.326389 0.671094 0.327778 0.686719 0.327778 0.689844 0.322222 0.692187 0.316667 0.692969 0.308333 0.694531 0.306944 0.703125 0.306944 0.710938 0.308333 0.712500 0.311111 0.712500 0.315278 0.714063 0.318056 0.716406 0.319444 0.721875 0.318056 0.725000 0.316667 0.726562 0.313889 0.729688 0.306944 0.730469 0.300000 0.731250 0.290278 0.731250 0.287500 0.730469 0.286111 0.728906 0.275000 0.729688 0.258333 0.728906 0.254167 0.726562 0.252778 0.718750 0.244444 0.716406 0.241667 0.710938 0.231944 0.703906 0.215278 0.700000 0.206944 0.654687 0.206944
2 0.446875 0.194444 0.445312 0.195833 0.443750 0.197222 0.442188 0.200000 0.440625 0.201389 0.439063 0.202778 0.435156 0.202778 0.434375 0.204167 0.431250 0.204167 0.430469 0.212500 0.428906 0.211111 0.425781 0.208333 0.420312 0.202778 0.415625 0.201389 0.408594 0.200000 0.359375 0.200000 0.356250 0.202778 0.350000 0.208333 0.343750 0.215278 0.335938 0.222222 0.325000 0.222222 0.322656 0.226389 0.318750 0.234722 0.305469 0.234722 0.303906 0.236111 0.298438 0.245833 0.298438 0.261111 0.311719 0.261111 0.314063 0.265278 0.314844 0.268056 0.314844 0.277778 0.314063 0.284722 0.312500 0.290278 0.314844 0.290278 0.315625 0.291667 0.325781 0.291667 0.329688 0.294444 0.330469 0.297222 0.332031 0.304167 0.333594 0.305556 0.341406 0.308333 0.342969 0.308333 0.346875 0.305556 0.348438 0.302778 0.349219 0.295833 0.350781 0.293056 0.364844 0.293056 0.371875 0.294444 0.378906 0.297222 0.379688 0.301389 0.381250 0.304167 0.382812 0.305556 0.385156 0.306944 0.388281 0.308333 0.396094 0.308333 0.397656 0.306944 0.399219 0.301389 0.401562 0.297222 0.404687 0.295833 0.415625 0.294444 0.426563 0.293056 0.437500 0.291667 0.445312 0.291667 0.446875 0.294444 0.446875 0.295833 0.448437 0.298611 0.452344 0.302778 0.455469 0.302778 0.460156 0.301389 0.461719 0.298611 0.461719 0.294444 0.462500 0.291667 0.463281 0.288889 0.468750 0.287500 0.467969 0.256944 0.466406 0.252778 0.465625 0.248611 0.465625 0.245833 0.464062 0.245833 0.463281 0.244444 0.460938 0.244444 0.456250 0.240278 0.454688 0.237500 0.453906 0.237500 0.453125 0.236111 0.452344 0.233333 0.456250 0.231944 0.457813 0.233333 0.461719 0.240278 0.466406 0.240278 0.469531 0.234722 0.470313 0.231944 0.470313 0.226389 0.471094 0.225000 0.471094 0.220833 0.470313 0.219444 0.470313 0.213889 0.469531 0.211111 0.464062 0.201389 0.462500 0.200000 0.457031 0.198611 0.454688 0.195833 0.448437 0.194444 0.446875 0.194444
2 0.807813 0.159722 0.807813 0.163889 0.805469 0.180556 0.804688 0.183333 0.803906 0.184722 0.801562 0.186111 0.800000 0.194444 0.800000 0.208333 0.799219 0.209722 0.799219 0.222222 0.800781 0.223611 0.804688 0.225000 0.804688 0.230556 0.803906 0.240278 0.803125 0.248611 0.802344 0.251389 0.795312 0.252778 0.801562 0.254167 0.798438 0.256944 0.796875 0.259722 0.796875 0.263889 0.795312 0.266667 0.792969 0.268056 0.792969 0.295833 0.796094 0.302778 0.795312 0.319444 0.795312 0.325000 0.800000 0.333333 0.803906 0.334722 0.810156 0.336111 0.830469 0.340278 0.837500 0.341667 0.843750 0.341667 0.848437 0.338889 0.858594 0.331944 0.871875 0.326389 0.882031 0.322222 0.886719 0.323611 0.886719 0.329167 0.887500 0.333333 0.891406 0.340278 0.897656 0.340278 0.898438 0.337500 0.899219 0.333333 0.901563 0.315278 0.901563 0.318056 0.900781 0.326389 0.904687 0.326389 0.905469 0.327778 0.909375 0.327778 0.909375 0.320833 0.910156 0.316667 0.913281 0.309722 0.914062 0.304167 0.914062 0.295833 0.915625 0.293056 0.930469 0.293056 0.935156 0.295833 0.935937 0.298611 0.936719 0.302778 0.936719 0.306944 0.942969 0.305556 0.943750 0.297222 0.943750 0.288889 0.945312 0.286111 0.945312 0.284722 0.946094 0.283333 0.947656 0.281944 0.950000 0.280556 0.956250 0.279167 0.960156 0.273611 0.966406 0.275000 0.966406 0.288889 0.972656 0.290278 0.975781 0.290278 0.975781 0.287500 0.975781 0.280556 0.980469 0.280556 0.992188 0.283333 0.999219 0.283333 0.999219 0.220833 0.989844 0.222222 0.982031 0.223611 0.978125 0.226389 0.971875 0.227778 0.956250 0.227778 0.953906 0.225000 0.950000 0.223611 0.941406 0.223611 0.932031 0.219444 0.925781 0.218056 0.913281 0.216667 0.912500 0.200000 0.911719 0.169444 0.910156 0.168056 0.906250 0.166667 0.896094 0.159722 0.807813 0.159722
2 0.000000 0.000000 0.000000 0.359722 0.008594 0.359722 0.028125 0.358333 0.048438 0.355556 0.067969 0.356944 0.067187 0.362500 0.064062 0.384722 0.062500 0.390278 0.060937 0.401389 0.059375 0.412500 0.058594 0.419444 0.060156 0.425000 0.067187 0.443056 0.073438 0.465278 0.075000 0.465278 0.075781 0.466667 0.079687 0.468056 0.099219 0.475000 0.103906 0.476389 0.107813 0.476389 0.114062 0.475000 0.126562 0.472222 0.132812 0.470833 0.137500 0.468056 0.160938 0.454167 0.163281 0.452778 0.164844 0.451389 0.164844 0.444444 0.165625 0.443056 0.165625 0.434722 0.166406 0.426389 0.167187 0.418056 0.167969 0.415278 0.169531 0.412500 0.171875 0.409722 0.178125 0.404167 0.180469 0.401389 0.197656 0.384722 0.207813 0.376389 0.207813 0.368056 0.207031 0.306944 0.205469 0.301389 0.200781 0.294444 0.200000 0.283333 0.197656 0.276389 0.196094 0.273611 0.195312 0.270833 0.214062 0.268056 0.231250 0.268056 0.232031 0.266667 0.249219 0.266667 0.250000 0.265278 0.261719 0.265278 0.261719 0.244444 0.260937 0.241667 0.256250 0.240278 0.253906 0.238889 0.252344 0.237500 0.247656 0.229167 0.246875 0.226389 0.246094 0.222222 0.246094 0.216667 0.244531 0.215278 0.242188 0.213889 0.230469 0.206944 0.222656 0.206944 0.207031 0.208333 0.196094 0.209722 0.190625 0.212500 0.185156 0.213889 0.183594 0.212500 0.181250 0.209722 0.176563 0.204167 0.155469 0.177778 0.134375 0.152778 0.125781 0.145833 0.121875 0.141667 0.115625 0.130556 0.115625 0.129167 0.101562 0.102778 0.094531 0.088889 0.090625 0.080556 0.089844 0.076389 0.087500 0.061111 0.085938 0.058333 0.082031 0.055556 0.081250 0.037500 0.080469 0.019444 0.078906 0.018056 0.077344 0.018056 0.075781 0.016667 0.074219 0.018056 0.072656 0.020833 0.072656 0.031944 0.073438 0.033333 0.072656 0.044444 0.067187 0.034722 0.058594 0.016667 0.050781 0.001389 0.000000 0.000000
3 0.478125 0.176389 0.462500 0.177778 0.461719 0.179167 0.450000 0.179167 0.450000 0.193056 0.451562 0.193056 0.452344 0.194444 0.454688 0.194444 0.457031 0.197222 0.462500 0.198611 0.464062 0.200000 0.470313 0.211111 0.471094 0.213889 0.471094 0.219444 0.471875 0.220833 0.471875 0.225000 0.471094 0.226389 0.471094 0.231944 0.470313 0.234722 0.466406 0.241667 0.461719 0.241667 0.457813 0.234722 0.456250 0.233333 0.453125 0.233333 0.453906 0.236111 0.456250 0.238889 0.460938 0.243056 0.463281 0.243056 0.466406 0.245833 0.467187 0.252778 0.467969 0.255556 0.473438 0.255556 0.474219 0.256944 0.481250 0.256944 0.481250 0.176389 0.478125 0.176389
3 0.378906 0.161111 0.377344 0.162500 0.375000 0.165278 0.372656 0.168056 0.369531 0.172222 0.365625 0.179167 0.364844 0.181944 0.364063 0.188889 0.361719 0.193056 0.360156 0.198611 0.406250 0.198611 0.406250 0.179167 0.401562 0.177778 0.401562 0.173611 0.400000 0.165278 0.383594 0.165278 0.381250 0.162500 0.378906 0.161111
