28 0.109375 0.530556 0.107031 0.534722 0.107031 0.547222 0.106250 0.555556 0.103906 0.559722 0.103125 0.562500 0.103906 0.573611 0.103125 0.580556 0.101562 0.583333 0.101562 0.586111 0.099219 0.590278 0.099219 0.597222 0.101562 0.601389 0.105469 0.600000 0.106250 0.611111 0.107813 0.615278 0.108594 0.630556 0.106250 0.634722 0.106250 0.640278 0.116406 0.638889 0.117188 0.636111 0.117188 0.625000 0.115625 0.620833 0.114844 0.608333 0.114844 0.605556 0.117188 0.601389 0.117188 0.595833 0.117188 0.593056 0.116406 0.584722 0.118750 0.579167 0.118750 0.559722 0.117969 0.550000 0.114844 0.544444 0.114844 0.534722 0.112500 0.530556 0.109375 0.530556
28 0.144531 0.527778 0.142187 0.531944 0.142187 0.537500 0.142187 0.548611 0.139844 0.552778 0.140625 0.570833 0.139063 0.573611 0.139844 0.581944 0.137500 0.586111 0.136719 0.608333 0.136719 0.613889 0.136719 0.616667 0.136719 0.622222 0.138281 0.625000 0.136719 0.627778 0.136719 0.630556 0.135156 0.633333 0.135937 0.640278 0.142969 0.638889 0.142969 0.636111 0.144531 0.633333 0.144531 0.627778 0.142969 0.625000 0.144531 0.622222 0.145313 0.615278 0.146875 0.615278 0.148438 0.612500 0.150781 0.613889 0.150781 0.618056 0.149219 0.620833 0.149219 0.626389 0.150000 0.641667 0.163281 0.641667 0.163281 0.637500 0.164062 0.636111 0.164062 0.626389 0.165625 0.623611 0.165625 0.613889 0.167187 0.605556 0.167187 0.590278 0.168750 0.587500 0.169531 0.584722 0.169531 0.576389 0.168750 0.573611 0.165625 0.568056 0.161719 0.565278 0.161719 0.562500 0.163281 0.559722 0.163281 0.554167 0.161719 0.550000 0.159375 0.545833 0.155469 0.545833 0.153125 0.550000 0.152344 0.556944 0.150000 0.552778 0.149219 0.552778 0.148438 0.550000 0.150000 0.547222 0.149219 0.538889 0.150000 0.531944 0.147656 0.527778 0.144531 0.527778
7 0.349219 0.540278 0.346875 0.544444 0.346094 0.544444 0.342969 0.550000 0.342187 0.552778 0.340625 0.570833 0.337500 0.569444 0.335156 0.573611 0.332813 0.576389 0.329688 0.575000 0.330469 0.569444 0.320312 0.569444 0.317969 0.573611 0.317969 0.576389 0.318750 0.579167 0.316406 0.583333 0.312500 0.587500 0.312500 0.598611 0.313281 0.605556 0.314063 0.606944 0.314063 0.609722 0.315625 0.611111 0.320312 0.612500 0.325781 0.612500 0.325781 0.605556 0.324219 0.598611 0.325000 0.579167 0.328125 0.580556 0.328125 0.601389 0.328906 0.602778 0.328906 0.611111 0.330469 0.611111 0.330469 0.608333 0.332813 0.602778 0.336719 0.604167 0.339062 0.605556 0.346094 0.612500 0.349219 0.612500 0.350000 0.611111 0.353125 0.611111 0.353125 0.606944 0.353125 0.595833 0.353125 0.593056 0.352344 0.591667 0.351562 0.586111 0.351562 0.577778 0.353125 0.575000 0.355469 0.576389 0.355469 0.579167 0.354687 0.580556 0.354687 0.583333 0.356250 0.588889 0.355469 0.602778 0.356250 0.612500 0.360156 0.611111 0.362500 0.604167 0.375781 0.602778 0.375781 0.590278 0.374219 0.577778 0.375000 0.572222 0.378125 0.573611 0.378906 0.576389 0.380469 0.581944 0.379688 0.597222 0.378906 0.583333 0.378125 0.580556 0.378125 0.583333 0.378906 0.584722 0.378906 0.595833 0.379688 0.597222 0.379688 0.601389 0.382031 0.598611 0.385937 0.600000 0.392969 0.598611 0.391406 0.576389 0.392188 0.569444 0.394531 0.570833 0.395313 0.573611 0.395313 0.594444 0.396094 0.597222 0.398438 0.590278 0.399219 0.587500 0.399219 0.581944 0.398438 0.566667 0.397656 0.556944 0.392969 0.558333 0.392188 0.559722 0.390625 0.559722 0.389844 0.562500 0.389844 0.566667 0.388281 0.569444 0.385937 0.570833 0.382812 0.569444 0.384375 0.565278 0.382812 0.563889 0.380469 0.562500 0.375781 0.562500 0.375000 0.563889 0.371094 0.559722 0.371094 0.556944 0.370312 0.554167 0.361719 0.550000 0.363281 0.545833 0.361719 0.544444 0.360156 0.544444 0.356250 0.548611 0.354687 0.552778 0.353906 0.547222 0.350781 0.541667 0.349219 0.540278
19 0.492969 0.556944 0.489063 0.558333 0.483594 0.561111 0.475781 0.565278 0.442188 0.584722 0.436719 0.587500 0.433594 0.588889 0.425781 0.591667 0.410938 0.597222 0.376563 0.609722 0.220312 0.666667 0.204687 0.672222 0.195312 0.673611 0.184375 0.675000 0.162500 0.677778 0.029687 0.694444 0.018750 0.694444 0.007812 0.695833 0.007031 0.697222 0.000000 0.697222 0.000000 0.956944 0.000781 0.958333 0.000781 0.995833 0.088281 0.995833 0.089063 0.997222 0.207813 0.997222 0.210938 0.995833 0.230469 0.984722 0.236719 0.983333 0.245312 0.981944 0.263281 0.979167 0.326562 0.970833 0.344531 0.968056 0.362500 0.965278 0.388281 0.961111 0.404687 0.958333 0.510156 0.938889 0.526563 0.936111 0.550000 0.936111 0.574219 0.937500 0.692969 0.944444 0.717187 0.945833 0.729688 0.947222 0.746875 0.950000 0.773438 0.954167 0.834375 0.963889 0.946875 0.981944 0.956250 0.983333 0.964063 0.986111 0.964844 0.991667 0.971875 0.993056 0.985938 0.995833 0.992969 0.997222 0.997656 0.997222 0.997656 0.976389 0.998437 0.975000 0.999219 0.866667 0.999219 0.738889 0.997656 0.737500 0.992188 0.736111 0.989062 0.733333 0.979688 0.729167 0.964063 0.722222 0.960156 0.722222 0.950000 0.716667 0.942969 0.713889 0.903125 0.698611 0.884375 0.691667 0.881250 0.690278 0.878906 0.694444 0.878125 0.694444 0.875781 0.698611 0.874219 0.704167 0.867188 0.730556 0.865625 0.733333 0.863281 0.733333 0.856250 0.731944 0.850000 0.730556 0.847656 0.729167 0.846094 0.726389 0.841406 0.716667 0.841406 0.709722 0.842187 0.697222 0.800781 0.695833 0.782031 0.695833 0.782813 0.705556 0.782813 0.712500 0.781250 0.716667 0.778906 0.720833 0.777344 0.726389 0.775781 0.729167 0.774219 0.729167 0.764062 0.727778 0.744531 0.725000 0.735156 0.723611 0.729688 0.722222 0.723437 0.711111 0.722656 0.705556 0.721875 0.690278 0.721094 0.688889 0.721094 0.683333 0.719531 0.681944 0.717969 0.681944 0.713281 0.677778 0.700000 0.668056 0.699219 0.686111 0.689063 0.686111 0.680469 0.683333 0.680469 0.648611 0.679688 0.626389 0.678906 0.625000 0.678906 0.616667 0.678906 0.620833 0.678125 0.622222 0.678125 0.626389 0.677344 0.629167 0.676562 0.630556 0.675000 0.631944 0.671094 0.634722 0.667188 0.630556 0.666406 0.619444 0.625781 0.619444 0.625000 0.622222 0.625000 0.629167 0.623437 0.631944 0.609375 0.631944 0.604688 0.623611 0.596875 0.622222 0.596875 0.620833 0.595313 0.618056 0.595313 0.566667 0.593750 0.565278 0.588281 0.566667 0.588281 0.569444 0.587500 0.572222 0.585156 0.572222 0.585156 0.569444 0.584375 0.566667 0.578906 0.566667 0.578125 0.568056 0.576562 0.568056 0.575781 0.573611 0.569531 0.573611 0.571875 0.576389 0.572656 0.576389 0.574219 0.579167 0.575000 0.583333 0.577344 0.595833 0.577344 0.643056 0.575781 0.656944 0.570312 0.658333 0.560156 0.656944 0.560156 0.641667 0.517969 0.641667 0.510156 0.643056 0.509375 0.644444 0.502344 0.644444 0.500781 0.645833 0.500000 0.661111 0.486719 0.659722 0.485938 0.615278 0.485938 0.598611 0.486719 0.587500 0.488281 0.580556 0.492188 0.576389 0.488281 0.573611 0.485938 0.573611 0.484375 0.570833 0.485156 0.568056 0.486719 0.565278 0.494531 0.565278 0.494531 0.562500 0.493750 0.561111 0.492969 0.556944
19 0.511719 0.506944 0.511719 0.511111 0.509375 0.515278 0.509375 0.519444 0.510156 0.529167 0.510938 0.530556 0.510938 0.533333 0.528906 0.531944 0.531250 0.531944 0.549219 0.533333 0.558594 0.534722 0.560156 0.536111 0.567187 0.550000 0.582031 0.551389 0.578125 0.550000 0.571875 0.551389 0.567969 0.550000 0.565625 0.545833 0.565625 0.544444 0.563281 0.540278 0.562500 0.540278 0.560156 0.536111 0.559375 0.531944 0.542969 0.533333 0.534375 0.533333 0.532813 0.531944 0.530469 0.527778 0.529687 0.522222 0.530469 0.515278 0.525000 0.516667 0.524219 0.520833 0.520312 0.522222 0.516406 0.515278 0.515625 0.508333 0.514062 0.506944 0.511719 0.506944
2 0.514062 0.534722 0.510156 0.536111 0.506250 0.537500 0.503125 0.538889 0.495312 0.547222 0.492969 0.548611 0.492969 0.555556 0.495312 0.558333 0.496094 0.565278 0.495312 0.566667 0.494531 0.569444 0.485938 0.568056 0.485156 0.570833 0.488281 0.572222 0.490625 0.573611 0.491406 0.575000 0.492969 0.576389 0.488281 0.581944 0.488281 0.586111 0.487500 0.587500 0.486719 0.598611 0.486719 0.615278 0.487500 0.659722 0.500000 0.659722 0.500781 0.644444 0.502344 0.643056 0.508594 0.643056 0.515625 0.640278 0.560937 0.641667 0.560937 0.656944 0.570312 0.656944 0.571094 0.655556 0.575781 0.655556 0.576562 0.643056 0.576562 0.637500 0.575781 0.594444 0.575000 0.588889 0.574219 0.584722 0.573438 0.580556 0.572656 0.577778 0.570312 0.576389 0.569531 0.570833 0.575781 0.570833 0.576562 0.566667 0.578906 0.565278 0.582031 0.565278 0.582031 0.556944 0.582812 0.555556 0.582812 0.551389 0.567969 0.552778 0.566406 0.550000 0.560156 0.537500 0.558594 0.536111 0.549219 0.534722 0.514062 0.534722
20 0.913281 0.590278 0.907031 0.591667 0.894531 0.595833 0.889062 0.595833 0.888281 0.597222 0.882812 0.597222 0.882031 0.598611 0.880469 0.598611 0.880469 0.688889 0.882031 0.690278 0.885156 0.691667 0.892188 0.693056 0.892969 0.694444 0.903125 0.697222 0.914062 0.702778 0.953906 0.718056 0.964844 0.722222 0.969531 0.722222 0.975781 0.726389 0.982812 0.729167 0.993750 0.733333 0.998437 0.734722 0.998437 0.615278 0.995313 0.615278 0.994531 0.613889 0.989844 0.613889 0.984375 0.611111 0.968750 0.606944 0.947656 0.601389 0.942187 0.600000 0.940625 0.600000 0.940625 0.604167 0.941406 0.609722 0.942969 0.615278 0.946875 0.641667 0.946875 0.650000 0.943750 0.650000 0.935937 0.648611 0.928125 0.647222 0.920312 0.645833 0.915625 0.643056 0.915625 0.630556 0.917188 0.601389 0.917188 0.590278 0.913281 0.590278
20 0.475781 0.562500 0.475000 0.563889 0.461719 0.565278 0.448437 0.565278 0.447656 0.566667 0.444531 0.566667 0.443750 0.569444 0.442969 0.573611 0.441406 0.576389 0.439844 0.577778 0.433594 0.577778 0.429688 0.579167 0.421875 0.584722 0.417969 0.586111 0.413281 0.587500 0.408594 0.588889 0.399219 0.588889 0.397656 0.593056 0.396875 0.597222 0.395313 0.600000 0.386719 0.600000 0.380469 0.601389 0.377344 0.604167 0.363281 0.604167 0.360938 0.611111 0.356250 0.613889 0.351562 0.615278 0.340625 0.618056 0.335156 0.619444 0.329688 0.615278 0.325781 0.613889 0.319531 0.612500 0.300000 0.612500 0.288281 0.611111 0.275781 0.605556 0.273438 0.606944 0.269531 0.609722 0.242969 0.630556 0.240625 0.631944 0.231250 0.631944 0.210156 0.630556 0.200000 0.633333 0.174219 0.641667 0.168750 0.643056 0.145313 0.643056 0.103125 0.641667 0.075000 0.644444 0.031250 0.650000 0.017188 0.650000 0.003125 0.651389 0.002344 0.652778 0.000000 0.652778 0.000000 0.695833 0.007031 0.695833 0.017969 0.694444 0.029687 0.693056 0.062500 0.688889 0.096094 0.684722 0.117969 0.681944 0.139844 0.679167 0.150781 0.677778 0.190625 0.672222 0.200781 0.670833 0.208594 0.669444 0.220312 0.665278 0.239063 0.658333 0.250781 0.654167 0.410938 0.595833 0.421875 0.591667 0.430469 0.587500 0.460938 0.570833 0.466406 0.569444 0.475000 0.563889 0.478125 0.562500 0.475781 0.562500
2 0.517969 0.511111 0.517969 0.516667 0.521094 0.520833 0.523438 0.519444 0.523438 0.511111 0.517969 0.511111
2 0.504687 0.500000 0.503125 0.508333 0.502344 0.512500 0.500000 0.513889 0.496094 0.513889 0.495312 0.516667 0.494531 0.523611 0.495312 0.529167 0.496875 0.536111 0.507812 0.536111 0.509375 0.534722 0.510156 0.530556 0.509375 0.520833 0.508594 0.519444 0.507031 0.515278 0.509375 0.513889 0.510938 0.511111 0.510938 0.502778 0.510938 0.501389 0.504687 0.500000
2 0.420312 0.544444 0.407031 0.544444 0.401562 0.545833 0.400000 0.547222 0.398438 0.552778 0.398438 0.565278 0.399219 0.566667 0.399219 0.580556 0.400781 0.583333 0.405469 0.583333 0.406250 0.566667 0.407813 0.569444 0.407813 0.581944 0.414062 0.580556 0.417969 0.580556 0.419531 0.583333 0.421875 0.583333 0.424219 0.581944 0.427344 0.579167 0.427344 0.572222 0.428125 0.570833 0.428125 0.565278 0.427344 0.558333 0.425781 0.551389 0.424219 0.545833 0.423438 0.543056 0.420312 0.544444
2 0.617969 0.525000 0.609375 0.540278 0.607031 0.547222 0.597656 0.548611 0.594531 0.554167 0.594531 0.556944 0.595313 0.561111 0.597656 0.570833 0.596094 0.577778 0.596094 0.618056 0.597656 0.620833 0.599219 0.622222 0.604688 0.622222 0.607812 0.625000 0.607812 0.627778 0.609375 0.629167 0.610938 0.630556 0.623437 0.629167 0.623437 0.623611 0.625000 0.618056 0.667188 0.619444 0.667188 0.629167 0.671094 0.633333 0.675000 0.630556 0.676562 0.629167 0.677344 0.626389 0.678125 0.620833 0.678906 0.615278 0.679688 0.608333 0.680469 0.600000 0.681250 0.590278 0.681250 0.587500 0.680469 0.583333 0.678125 0.573611 0.678125 0.566667 0.676562 0.558333 0.674219 0.556944 0.672656 0.554167 0.671875 0.554167 0.670312 0.548611 0.668750 0.541667 0.668750 0.538889 0.667969 0.536111 0.666406 0.534722 0.664844 0.534722 0.662500 0.531944 0.660156 0.530556 0.657813 0.529167 0.652344 0.527778 0.626563 0.527778 0.621875 0.526389 0.621094 0.525000 0.617969 0.525000
2 0.488281 0.525000 0.486719 0.526389 0.485156 0.529167 0.484375 0.537500 0.479687 0.537500 0.478125 0.540278 0.477344 0.547222 0.477344 0.556944 0.485938 0.558333 0.488281 0.558333 0.489844 0.556944 0.490625 0.548611 0.490625 0.545833 0.490625 0.541667 0.495312 0.538889 0.495312 0.530556 0.493750 0.525000 0.488281 0.525000
27 0.168750 0.000000 0.176563 0.012500 0.178906 0.018056 0.180469 0.025000 0.182812 0.029167 0.184375 0.034722 0.185156 0.037500 0.186719 0.045833 0.187500 0.048611 0.192188 0.055556 0.194531 0.056944 0.197656 0.056944 0.200781 0.054167 0.208594 0.054167 0.210938 0.055556 0.213281 0.056944 0.215625 0.059722 0.217969 0.062500 0.220312 0.066667 0.221875 0.070833 0.223438 0.075000 0.225000 0.086111 0.227344 0.088889 0.229687 0.090278 0.235937 0.100000 0.239063 0.102778 0.242188 0.104167 0.244531 0.105556 0.251563 0.109722 0.253125 0.111111 0.254688 0.109722 0.257812 0.113889 0.262500 0.113889 0.265625 0.109722 0.267969 0.113889 0.271094 0.115278 0.272656 0.118056 0.277344 0.127778 0.279687 0.133333 0.281250 0.137500 0.283594 0.144444 0.288281 0.161111 0.288281 0.163889 0.289062 0.166667 0.289844 0.168056 0.292187 0.169444 0.296094 0.173611 0.298438 0.176389 0.301563 0.180556 0.306250 0.188889 0.307031 0.188889 0.310937 0.195833 0.310937 0.197222 0.315625 0.205556 0.317969 0.211111 0.319531 0.215278 0.322656 0.226389 0.325000 0.227778 0.328125 0.231944 0.335938 0.245833 0.343750 0.247222 0.346094 0.248611 0.348438 0.250000 0.351562 0.252778 0.356250 0.256944 0.361719 0.263889 0.364844 0.268056 0.371094 0.279167 0.373437 0.284722 0.375000 0.290278 0.377344 0.298611 0.378125 0.302778 0.378906 0.306944 0.379688 0.318056 0.380469 0.322222 0.383594 0.333333 0.389844 0.344444 0.392188 0.351389 0.395313 0.358333 0.396875 0.361111 0.397656 0.361111 0.399219 0.363889 0.400000 0.352778 0.414844 0.351389 0.416406 0.351389 0.417969 0.352778 0.419531 0.359722 0.418750 0.363889 0.420312 0.363889 0.421094 0.362500 0.448437 0.362500 0.453125 0.365278 0.497656 0.365278 0.499219 0.366667 0.500781 0.390278 0.502344 0.391667 0.512500 0.391667 0.514062 0.394444 0.514844 0.394444 0.514844 0.405556 0.513281 0.405556 0.514062 0.408333 0.514844 0.408333 0.517188 0.411111 0.519531 0.415278 0.521094 0.416667 0.528906 0.416667 0.529687 0.415278 0.537500 0.415278 0.538281 0.412500 0.539062 0.402778 0.536719 0.397222 0.536719 0.388889 0.537500 0.386111 0.541406 0.379167 0.542969 0.377778 0.546875 0.376389 0.553906 0.377778 0.555469 0.377778 0.575781 0.376389 0.578125 0.372222 0.579688 0.370833 0.581250 0.370833 0.582812 0.369444 0.584375 0.366667 0.585938 0.365278 0.590625 0.365278 0.594531 0.361111 0.600000 0.361111 0.603125 0.356944 0.607812 0.356944 0.610938 0.351389 0.612500 0.350000 0.615625 0.348611 0.618750 0.348611 0.621094 0.347222 0.626563 0.337500 0.632812 0.329167 0.631250 0.325000 0.631250 0.323611 0.630469 0.322222 0.627344 0.318056 0.625000 0.311111 0.622656 0.306944 0.618750 0.302778 0.612500 0.291667 0.610156 0.286111 0.608594 0.280556 0.605469 0.268056 0.602344 0.261111 0.601562 0.256944 0.600781 0.252778 0.600781 0.234722 0.601562 0.230556 0.602344 0.226389 0.605469 0.219444 0.605469 0.216667 0.607031 0.213889 0.607812 0.205556 0.608594 0.201389 0.610156 0.197222 0.611719 0.193056 0.614844 0.188889 0.615625 0.184722 0.617188 0.180556 0.618750 0.176389 0.623437 0.168056 0.625781 0.165278 0.628125 0.162500 0.630469 0.161111 0.632812 0.159722 0.660937 0.159722 0.664062 0.162500 0.665625 0.158333 0.664844 0.154167 0.665625 0.138889 0.653906 0.140278 0.650000 0.138889 0.649219 0.112500 0.650000 0.091667 0.665625 0.091667 0.664844 0.065278 0.627344 0.065278 0.627344 0.087500 0.628906 0.126389 0.628125 0.130556 0.597656 0.129167 0.596875 0.106944 0.596094 0.030556 0.596875 0.002778 0.625781 0.004167 0.626563 0.012500 0.626563 0.048611 0.627344 0.050000 0.627344 0.058333 0.664844 0.058333 0.665625 0.055556 0.666406 0.048611 0.669531 0.041667 0.670312 0.038889 0.671094 0.036111 0.671875 0.029167 0.675000 0.020833 0.681250 0.002778 0.682813 0.000000 0.168750 0.000000
29 0.182031 0.361111 0.182031 0.472222 0.201563 0.472222 0.201563 0.359722 0.182031 0.361111
29 0.596875 0.004167 0.596875 0.030556 0.597656 0.106944 0.598437 0.108333 0.598437 0.129167 0.628125 0.129167 0.628125 0.126389 0.627344 0.088889 0.626563 0.050000 0.625781 0.012500 0.625000 0.011111 0.625000 0.004167 0.596875 0.004167
30 0.833594 0.302778 0.813281 0.304167 0.812500 0.305556 0.807031 0.305556 0.807031 0.322222 0.807813 0.358333 0.808594 0.359722 0.808594 0.362500 0.814063 0.362500 0.814844 0.354167 0.824219 0.352778 0.835938 0.354167 0.835938 0.361111 0.841406 0.361111 0.841406 0.345833 0.840625 0.344444 0.840625 0.327778 0.839844 0.326389 0.839844 0.309722 0.839063 0.308333 0.839063 0.302778 0.833594 0.302778
30 0.824219 0.354167 0.823438 0.355556 0.814844 0.355556 0.814844 0.383333 0.826562 0.384722 0.827344 0.405556 0.827344 0.425000 0.835938 0.425000 0.836719 0.426389 0.850000 0.426389 0.850000 0.422222 0.849219 0.404167 0.848437 0.387500 0.846875 0.384722 0.838281 0.384722 0.836719 0.381944 0.835938 0.377778 0.835156 0.365278 0.835156 0.354167 0.824219 0.354167
30 0.670312 0.091667 0.669531 0.093056 0.650000 0.093056 0.650000 0.112500 0.650781 0.138889 0.653906 0.138889 0.665625 0.137500 0.677344 0.136111 0.678125 0.134722 0.684375 0.134722 0.685937 0.130556 0.688281 0.122222 0.695312 0.100000 0.697656 0.091667 0.670312 0.091667
24 0.910156 0.275000 0.910156 0.281944 0.910937 0.283333 0.910937 0.325000 0.911719 0.326389 0.911719 0.368056 0.913281 0.411111 0.914844 0.538889 0.915625 0.540278 0.915625 0.581944 0.916406 0.583333 0.917188 0.588889 0.917969 0.601389 0.917188 0.643056 0.922656 0.643056 0.930469 0.641667 0.931250 0.640278 0.935156 0.640278 0.935156 0.626389 0.934375 0.608333 0.932813 0.569444 0.927344 0.437500 0.925000 0.381944 0.924219 0.362500 0.923438 0.356944 0.921094 0.343056 0.914844 0.301389 0.912500 0.286111 0.910937 0.280556 0.910156 0.275000
2 0.837500 0.441667 0.826562 0.444444 0.784375 0.443056 0.764062 0.443056 0.763281 0.444444 0.750781 0.444444 0.750000 0.455556 0.748437 0.455556 0.744531 0.459722 0.735156 0.465278 0.728125 0.468056 0.718750 0.473611 0.715625 0.476389 0.715625 0.477778 0.714063 0.480556 0.705469 0.504167 0.703125 0.511111 0.700000 0.522222 0.696094 0.537500 0.688281 0.568056 0.685937 0.577778 0.684375 0.584722 0.682813 0.591667 0.680469 0.602778 0.679688 0.609722 0.679688 0.625000 0.681250 0.648611 0.681250 0.681944 0.682813 0.683333 0.689063 0.684722 0.696875 0.684722 0.698438 0.683333 0.698438 0.680556 0.699219 0.679167 0.700000 0.666667 0.702344 0.669444 0.707812 0.672222 0.719531 0.680556 0.721094 0.681944 0.722656 0.690278 0.722656 0.697222 0.723437 0.705556 0.728906 0.716667 0.728906 0.718056 0.730469 0.720833 0.737500 0.722222 0.746875 0.723611 0.765625 0.726389 0.775781 0.725000 0.779687 0.716667 0.780469 0.713889 0.781250 0.708333 0.782031 0.694444 0.783594 0.693056 0.840625 0.694444 0.842969 0.697222 0.842187 0.709722 0.842187 0.716667 0.848437 0.727778 0.850000 0.729167 0.856250 0.730556 0.865625 0.729167 0.865625 0.727778 0.868750 0.720833 0.871094 0.713889 0.872656 0.708333 0.874219 0.700000 0.878906 0.693056 0.880469 0.690278 0.879687 0.584722 0.876563 0.565278 0.875000 0.545833 0.872656 0.529167 0.868750 0.502778 0.867969 0.498611 0.865625 0.488889 0.860938 0.469444 0.859375 0.463889 0.857812 0.456944 0.856250 0.455556 0.854688 0.455556 0.853125 0.454167 0.851562 0.452778 0.846875 0.444444 0.845313 0.443056 0.842969 0.441667 0.837500 0.441667
25 0.428906 0.411111 0.426563 0.412500 0.424219 0.413889 0.420312 0.419444 0.418750 0.420833 0.414062 0.420833 0.411719 0.422222 0.409375 0.423611 0.407031 0.426389 0.404687 0.429167 0.403125 0.431944 0.401562 0.436111 0.400000 0.440278 0.399219 0.444444 0.398438 0.451389 0.397656 0.454167 0.394531 0.461111 0.393750 0.465278 0.392969 0.469444 0.392969 0.483333 0.395313 0.493056 0.395313 0.506944 0.396094 0.511111 0.396875 0.515278 0.398438 0.519444 0.400000 0.523611 0.401562 0.526389 0.403906 0.529167 0.406250 0.531944 0.408594 0.533333 0.410938 0.534722 0.419531 0.534722 0.422656 0.537500 0.430469 0.537500 0.432812 0.536111 0.435156 0.534722 0.437500 0.531944 0.439844 0.529167 0.441406 0.526389 0.442969 0.522222 0.444531 0.518056 0.444531 0.515278 0.445312 0.512500 0.446094 0.511111 0.447656 0.509722 0.449219 0.509722 0.451562 0.506944 0.453906 0.504167 0.455469 0.501389 0.456250 0.498611 0.457031 0.501389 0.458594 0.504167 0.460938 0.506944 0.463281 0.509722 0.465625 0.511111 0.467969 0.512500 0.478125 0.512500 0.481250 0.515278 0.489063 0.515278 0.491406 0.513889 0.493750 0.512500 0.496094 0.509722 0.498437 0.506944 0.500000 0.504167 0.501563 0.500000 0.503125 0.495833 0.503906 0.491667 0.504687 0.487500 0.504687 0.473611 0.503906 0.469444 0.503125 0.465278 0.501563 0.461111 0.500000 0.456944 0.498437 0.454167 0.497656 0.454167 0.496875 0.452778 0.496094 0.450000 0.496094 0.447222 0.494531 0.443056 0.492969 0.438889 0.491406 0.436111 0.489063 0.433333 0.486719 0.430556 0.484375 0.429167 0.482031 0.427778 0.473438 0.429167 0.471875 0.429167 0.470313 0.426389 0.467969 0.425000 0.465625 0.423611 0.457813 0.423611 0.455469 0.425000 0.453125 0.426389 0.451562 0.429167 0.449219 0.427778 0.449219 0.426389 0.447656 0.422222 0.446094 0.419444 0.443750 0.416667 0.441406 0.413889 0.439063 0.412500 0.436719 0.411111 0.428906 0.411111
25 0.836719 0.372222 0.836719 0.377778 0.837500 0.379167 0.838281 0.383333 0.838281 0.380556 0.837500 0.379167 0.837500 0.376389 0.836719 0.375000 0.836719 0.372222
25 0.200781 0.055556 0.198437 0.056944 0.196094 0.058333 0.193750 0.061111 0.191406 0.063889 0.189844 0.066667 0.188281 0.070833 0.186719 0.075000 0.185938 0.079167 0.185156 0.083333 0.185156 0.097222 0.185938 0.101389 0.186719 0.105556 0.188281 0.108333 0.189062 0.111111 0.186719 0.113889 0.181250 0.118056 0.177344 0.122222 0.175000 0.125000 0.171875 0.129167 0.166406 0.137500 0.163281 0.143056 0.158594 0.152778 0.156250 0.159722 0.153906 0.163889 0.149219 0.163889 0.146875 0.165278 0.144531 0.166667 0.142187 0.169444 0.139844 0.172222 0.138281 0.175000 0.136719 0.179167 0.135156 0.183333 0.134375 0.187500 0.133594 0.191667 0.133594 0.205556 0.134375 0.209722 0.135156 0.213889 0.136719 0.216667 0.137500 0.219444 0.135937 0.222222 0.132031 0.226389 0.126562 0.234722 0.123438 0.240278 0.118750 0.250000 0.116406 0.255556 0.114844 0.259722 0.112500 0.266667 0.107813 0.283333 0.104688 0.300000 0.103906 0.305556 0.103125 0.312500 0.102344 0.323611 0.102344 0.348611 0.103125 0.359722 0.103906 0.366667 0.104688 0.372222 0.107813 0.388889 0.112500 0.405556 0.114844 0.412500 0.116406 0.416667 0.118750 0.422222 0.123438 0.431944 0.126562 0.437500 0.132812 0.445833 0.133594 0.458333 0.134375 0.462500 0.135156 0.466667 0.136719 0.470833 0.138281 0.475000 0.139844 0.477778 0.142187 0.480556 0.144531 0.483333 0.146875 0.484722 0.149219 0.486111 0.157031 0.486111 0.159375 0.484722 0.161719 0.483333 0.164062 0.480556 0.168750 0.473611 0.172656 0.473611 0.187500 0.475000 0.188281 0.473611 0.193750 0.473611 0.181250 0.472222 0.181250 0.361111 0.182812 0.358333 0.202344 0.359722 0.202344 0.469444 0.203906 0.468056 0.210156 0.465278 0.221094 0.454167 0.224219 0.451389 0.225000 0.463889 0.225781 0.468056 0.226562 0.472222 0.228125 0.476389 0.229687 0.480556 0.231250 0.483333 0.233594 0.486111 0.235937 0.488889 0.238281 0.490278 0.240625 0.491667 0.248438 0.491667 0.250781 0.490278 0.253125 0.488889 0.255469 0.486111 0.257812 0.483333 0.259375 0.480556 0.262500 0.472222 0.262500 0.470833 0.271875 0.469444 0.274219 0.468056 0.276562 0.466667 0.278906 0.463889 0.281250 0.461111 0.282813 0.458333 0.282813 0.456944 0.285156 0.455556 0.293750 0.456944 0.296094 0.455556 0.298438 0.454167 0.300781 0.451389 0.303125 0.448611 0.304688 0.445833 0.306250 0.441667 0.307812 0.437500 0.309375 0.429167 0.312500 0.429167 0.314844 0.427778 0.317188 0.426389 0.318750 0.423611 0.320312 0.423611 0.322656 0.425000 0.325781 0.427778 0.333594 0.427778 0.335938 0.426389 0.338281 0.425000 0.340625 0.422222 0.342969 0.419444 0.344531 0.416667 0.346094 0.412500 0.347656 0.408333 0.348438 0.404167 0.349219 0.400000 0.349219 0.386111 0.346875 0.376389 0.350000 0.369444 0.350781 0.365278 0.351562 0.361111 0.351562 0.347222 0.355469 0.338889 0.357031 0.334722 0.357812 0.330556 0.358594 0.326389 0.358594 0.312500 0.357812 0.308333 0.357031 0.304167 0.355469 0.301389 0.354687 0.297222 0.357031 0.293056 0.357812 0.290278 0.357812 0.281944 0.357031 0.279167 0.353906 0.273611 0.352344 0.272222 0.347656 0.272222 0.346094 0.273611 0.342969 0.279167 0.342187 0.283333 0.339062 0.284722 0.337500 0.283333 0.333594 0.277778 0.332031 0.277778 0.330469 0.275000 0.330469 0.268056 0.329688 0.261111 0.328906 0.255556 0.325781 0.238889 0.321094 0.222222 0.318750 0.215278 0.317188 0.211111 0.314844 0.205556 0.310156 0.195833 0.307031 0.190278 0.301563 0.181944 0.298438 0.177778 0.296094 0.175000 0.289844 0.169444 0.288281 0.168056 0.287500 0.166667 0.285156 0.158333 0.282813 0.152778 0.278125 0.143056 0.275000 0.137500 0.269531 0.129167 0.266406 0.125000 0.264062 0.122222 0.260156 0.118056 0.250781 0.109722 0.241406 0.104167 0.238281 0.102778 0.234375 0.101389 0.228906 0.101389 0.223438 0.098611 0.224219 0.083333 0.223438 0.079167 0.222656 0.075000 0.221094 0.070833 0.219531 0.066667 0.217969 0.063889 0.215625 0.061111 0.213281 0.058333 0.210938 0.056944 0.208594 0.055556 0.200781 0.055556
25 0.683594 0.000000 0.682031 0.002778 0.680469 0.006944 0.672656 0.029167 0.671875 0.036111 0.671094 0.038889 0.670312 0.041667 0.667188 0.048611 0.666406 0.052778 0.665625 0.056944 0.665625 0.088889 0.666406 0.091667 0.669531 0.091667 0.698438 0.091667 0.697656 0.094444 0.696094 0.100000 0.691406 0.113889 0.686719 0.130556 0.685156 0.133333 0.685156 0.134722 0.677344 0.137500 0.666406 0.137500 0.665625 0.140278 0.665625 0.154167 0.666406 0.158333 0.667188 0.161111 0.665625 0.163889 0.664062 0.163889 0.660937 0.161111 0.632812 0.161111 0.630469 0.162500 0.628125 0.163889 0.625781 0.166667 0.623437 0.169444 0.619531 0.176389 0.617969 0.180556 0.616406 0.184722 0.616406 0.187500 0.614844 0.190278 0.614062 0.190278 0.612500 0.193056 0.610938 0.197222 0.609375 0.201389 0.608594 0.205556 0.607812 0.213889 0.606250 0.216667 0.606250 0.219444 0.603125 0.226389 0.602344 0.230556 0.601562 0.234722 0.601562 0.252778 0.602344 0.256944 0.603125 0.261111 0.604688 0.265278 0.606250 0.269444 0.607812 0.272222 0.608594 0.272222 0.611719 0.276389 0.614062 0.280556 0.615625 0.286111 0.618750 0.291667 0.620313 0.295833 0.622656 0.304167 0.625781 0.312500 0.628125 0.316667 0.628125 0.318056 0.629687 0.320833 0.630469 0.320833 0.632031 0.323611 0.635938 0.331944 0.637500 0.337500 0.639062 0.340278 0.642188 0.343056 0.643750 0.345833 0.645312 0.351389 0.648438 0.356944 0.649219 0.363889 0.652344 0.372222 0.655469 0.377778 0.658594 0.380556 0.660156 0.383333 0.661719 0.388889 0.663281 0.391667 0.667188 0.397222 0.667188 0.400000 0.668750 0.404167 0.670312 0.408333 0.673438 0.413889 0.675781 0.419444 0.675781 0.420833 0.677344 0.423611 0.679688 0.426389 0.682031 0.429167 0.685937 0.430556 0.687500 0.433333 0.689844 0.434722 0.692187 0.436111 0.782813 0.436111 0.785937 0.438889 0.789062 0.438889 0.794531 0.443056 0.822656 0.443056 0.825000 0.441667 0.827344 0.438889 0.829688 0.436111 0.831250 0.433333 0.832812 0.429167 0.833594 0.426389 0.826562 0.425000 0.825781 0.404167 0.825781 0.384722 0.814063 0.383333 0.814063 0.363889 0.807813 0.362500 0.807031 0.358333 0.806250 0.322222 0.807031 0.304167 0.813281 0.302778 0.833594 0.301389 0.839844 0.302778 0.840625 0.309722 0.840625 0.326389 0.841406 0.327778 0.841406 0.333333 0.853906 0.333333 0.856250 0.331944 0.858594 0.330556 0.863281 0.325000 0.872656 0.313889 0.874219 0.313889 0.875781 0.311111 0.877344 0.309722 0.881250 0.308333 0.883594 0.305556 0.885938 0.302778 0.887500 0.300000 0.887500 0.298611 0.889062 0.295833 0.889844 0.295833 0.891406 0.293056 0.892969 0.288889 0.892969 0.287500 0.893750 0.286111 0.894531 0.286111 0.896875 0.283333 0.903125 0.272222 0.904687 0.266667 0.906250 0.263889 0.907031 0.263889 0.908594 0.261111 0.910156 0.256944 0.911719 0.252778 0.912500 0.245833 0.914062 0.243056 0.914844 0.243056 0.916406 0.240278 0.916406 0.238889 0.918750 0.237500 0.921094 0.234722 0.923438 0.231944 0.925000 0.229167 0.925000 0.227778 0.927344 0.223611 0.928906 0.226389 0.933594 0.231944 0.935937 0.233333 0.938281 0.234722 0.946094 0.236111 0.946094 0.309722 0.946875 0.313889 0.947656 0.318056 0.949219 0.322222 0.950781 0.326389 0.952344 0.329167 0.954688 0.331944 0.957031 0.334722 0.959375 0.336111 0.961719 0.337500 0.970313 0.337500 0.973437 0.334722 0.977344 0.340278 0.979688 0.341667 0.982031 0.343056 0.989844 0.343056 0.992188 0.341667 0.994531 0.340278 0.999219 0.334722 0.999219 0.000000 0.683594 0.000000
21 0.148438 0.613889 0.146875 0.616667 0.145313 0.616667 0.145313 0.622222 0.143750 0.625000 0.145313 0.627778 0.145313 0.633333 0.143750 0.636111 0.142969 0.640278 0.145313 0.641667 0.149219 0.641667 0.148438 0.626389 0.148438 0.620833 0.150000 0.618056 0.150000 0.613889 0.148438 0.613889
21 0.400000 0.583333 0.400000 0.587500 0.405469 0.587500 0.405469 0.584722 0.400000 0.583333
21 0.414062 0.581944 0.408594 0.583333 0.408594 0.587500 0.413281 0.586111 0.418750 0.583333 0.414062 0.581944
21 0.937500 0.416667 0.935937 0.418056 0.933594 0.422222 0.932813 0.425000 0.932813 0.461111 0.934375 0.465278 0.935156 0.469444 0.935156 0.472222 0.934375 0.481944 0.935156 0.484722 0.936719 0.487500 0.936719 0.511111 0.935156 0.515278 0.935156 0.550000 0.936719 0.554167 0.937500 0.579167 0.937500 0.581944 0.936719 0.591667 0.937500 0.594444 0.939844 0.601389 0.940625 0.598611 0.942187 0.598611 0.947656 0.600000 0.953125 0.602778 0.955469 0.601389 0.957031 0.595833 0.960156 0.601389 0.964063 0.605556 0.969531 0.606944 0.975000 0.608333 0.977344 0.604167 0.978125 0.601389 0.978125 0.593056 0.977344 0.590278 0.974219 0.584722 0.965625 0.570833 0.964844 0.563889 0.964063 0.556944 0.964063 0.554167 0.965625 0.550000 0.965625 0.538889 0.964844 0.536111 0.960938 0.529167 0.960156 0.526389 0.959375 0.520833 0.959375 0.513889 0.958594 0.511111 0.956250 0.505556 0.952344 0.498611 0.952344 0.463889 0.950000 0.456944 0.950000 0.438889 0.948438 0.434722 0.948438 0.426389 0.947656 0.423611 0.944531 0.418056 0.942969 0.416667 0.937500 0.416667
21 0.902344 0.281944 0.900781 0.283333 0.897656 0.288889 0.896875 0.291667 0.896094 0.295833 0.895312 0.293056 0.892188 0.291667 0.885938 0.304167 0.883594 0.306944 0.881250 0.309722 0.877344 0.311111 0.875781 0.312500 0.874219 0.315278 0.872656 0.315278 0.866406 0.322222 0.858594 0.331944 0.857031 0.331944 0.854688 0.336111 0.853906 0.338889 0.853125 0.341667 0.852344 0.348611 0.850781 0.362500 0.850000 0.381944 0.850781 0.422222 0.850781 0.426389 0.847656 0.433333 0.846875 0.436111 0.846875 0.443056 0.851562 0.451389 0.853125 0.452778 0.854688 0.454167 0.859375 0.456944 0.859375 0.461111 0.861719 0.472222 0.863281 0.477778 0.864062 0.481944 0.867188 0.487500 0.869531 0.488889 0.871875 0.493056 0.871875 0.523611 0.872656 0.527778 0.875000 0.533333 0.875000 0.540278 0.875781 0.543056 0.878125 0.547222 0.878906 0.558333 0.878906 0.577778 0.880469 0.584722 0.880469 0.597222 0.882031 0.597222 0.888281 0.595833 0.900781 0.593056 0.907031 0.590278 0.912500 0.590278 0.913281 0.588889 0.914844 0.588889 0.914844 0.586111 0.914062 0.584722 0.914062 0.581944 0.914844 0.540278 0.914062 0.497222 0.913281 0.495833 0.913281 0.454167 0.912500 0.411111 0.910937 0.406944 0.910156 0.381944 0.910156 0.368056 0.910937 0.348611 0.910937 0.326389 0.910156 0.286111 0.908594 0.283333 0.907031 0.281944 0.902344 0.281944
21 0.945312 0.277778 0.944531 0.280556 0.943750 0.281944 0.943750 0.306944 0.945312 0.320833 0.946094 0.327778 0.946875 0.331944 0.948438 0.336111 0.951562 0.341667 0.951562 0.351389 0.952344 0.356944 0.953125 0.361111 0.954688 0.365278 0.954688 0.369444 0.955469 0.372222 0.957812 0.376389 0.958594 0.383333 0.958594 0.390278 0.959375 0.397222 0.960156 0.400000 0.961719 0.402778 0.962500 0.408333 0.963281 0.415278 0.963281 0.418056 0.962500 0.436111 0.963281 0.444444 0.964063 0.447222 0.965625 0.450000 0.966406 0.452778 0.967187 0.455556 0.967187 0.469444 0.967969 0.472222 0.971094 0.479167 0.975000 0.486111 0.975781 0.488889 0.976562 0.491667 0.976562 0.498611 0.977344 0.501389 0.983594 0.512500 0.988281 0.522222 0.989062 0.536111 0.989844 0.538889 0.991406 0.541667 0.992969 0.548611 0.994531 0.558333 0.997656 0.568056 0.999219 0.576389 0.999219 0.455556 0.998437 0.444444 0.996875 0.440278 0.996875 0.437500 0.999219 0.433333 0.999219 0.336111 0.994531 0.341667 0.992188 0.343056 0.989844 0.344444 0.982031 0.344444 0.979688 0.343056 0.977344 0.341667 0.973437 0.336111 0.970313 0.338889 0.961719 0.338889 0.959375 0.337500 0.957031 0.336111 0.954688 0.333333 0.952344 0.330556 0.950000 0.326389 0.948438 0.322222 0.946875 0.318056 0.946094 0.313889 0.945312 0.309722 0.945312 0.277778
21 0.225000 0.087500 0.224219 0.098611 0.228125 0.098611 0.228906 0.100000 0.234375 0.100000 0.235156 0.101389 0.236719 0.101389 0.232813 0.095833 0.229687 0.091667 0.227344 0.090278 0.225000 0.087500
21 0.149219 0.000000 0.151562 0.002778 0.156250 0.004167 0.160938 0.006944 0.165625 0.011111 0.168750 0.013889 0.171875 0.018056 0.178906 0.030556 0.181250 0.036111 0.183594 0.045833 0.184375 0.048611 0.185156 0.050000 0.187500 0.051389 0.189062 0.054167 0.190625 0.055556 0.192188 0.056944 0.193750 0.056944 0.195312 0.058333 0.193750 0.059722 0.191406 0.062500 0.189062 0.066667 0.187500 0.070833 0.185938 0.075000 0.185156 0.079167 0.184375 0.083333 0.184375 0.097222 0.185156 0.101389 0.185938 0.105556 0.187500 0.108333 0.188281 0.111111 0.181250 0.116667 0.177344 0.120833 0.175000 0.123611 0.171875 0.127778 0.167187 0.136111 0.166406 0.136111 0.162500 0.143056 0.162500 0.144444 0.157812 0.152778 0.155469 0.158333 0.155469 0.159722 0.153906 0.162500 0.149219 0.162500 0.146875 0.163889 0.144531 0.165278 0.142187 0.168056 0.139844 0.170833 0.137500 0.175000 0.135937 0.179167 0.134375 0.183333 0.133594 0.187500 0.132812 0.191667 0.132812 0.205556 0.133594 0.209722 0.134375 0.213889 0.135937 0.216667 0.136719 0.219444 0.132031 0.225000 0.127344 0.233333 0.126562 0.233333 0.122656 0.240278 0.122656 0.241667 0.117969 0.250000 0.115625 0.255556 0.114062 0.259722 0.111719 0.266667 0.107031 0.283333 0.103906 0.300000 0.103125 0.305556 0.102344 0.312500 0.101562 0.323611 0.101562 0.348611 0.102344 0.359722 0.088281 0.368056 0.085938 0.366667 0.083594 0.363889 0.082031 0.365278 0.082812 0.370833 0.088281 0.372222 0.088281 0.368056 0.102344 0.359722 0.103125 0.366667 0.103906 0.372222 0.107031 0.388889 0.111719 0.405556 0.114062 0.412500 0.115625 0.416667 0.117969 0.422222 0.122656 0.430556 0.122656 0.431944 0.126562 0.438889 0.132812 0.447222 0.132812 0.458333 0.133594 0.462500 0.134375 0.466667 0.135937 0.470833 0.137500 0.475000 0.139844 0.479167 0.142187 0.481944 0.144531 0.484722 0.146875 0.486111 0.149219 0.487500 0.157031 0.487500 0.159375 0.486111 0.161719 0.484722 0.164062 0.481944 0.168750 0.475000 0.172656 0.475000 0.187500 0.476389 0.194531 0.473611 0.202344 0.472222 0.203125 0.470833 0.203906 0.469444 0.206250 0.468056 0.210156 0.466667 0.216406 0.461111 0.221094 0.455556 0.222656 0.454167 0.224219 0.452778 0.224219 0.463889 0.225000 0.468056 0.225781 0.472222 0.227344 0.476389 0.228906 0.480556 0.231250 0.484722 0.233594 0.487500 0.235937 0.490278 0.238281 0.491667 0.240625 0.493056 0.248438 0.493056 0.250781 0.491667 0.253125 0.490278 0.255469 0.487500 0.257812 0.484722 0.260156 0.480556 0.261719 0.475000 0.263281 0.470833 0.271875 0.470833 0.274219 0.469444 0.276562 0.468056 0.278906 0.465278 0.281250 0.462500 0.283594 0.456944 0.285156 0.456944 0.293750 0.458333 0.296094 0.456944 0.298438 0.455556 0.300781 0.452778 0.303125 0.450000 0.305469 0.445833 0.307031 0.441667 0.308594 0.437500 0.309375 0.433333 0.309375 0.430556 0.312500 0.430556 0.314844 0.429167 0.317188 0.427778 0.318750 0.425000 0.320312 0.425000 0.325781 0.429167 0.333594 0.429167 0.335938 0.427778 0.338281 0.426389 0.340625 0.423611 0.342969 0.420833 0.345313 0.416667 0.346875 0.412500 0.348438 0.408333 0.349219 0.404167 0.350000 0.400000 0.350000 0.386111 0.348438 0.380556 0.347656 0.376389 0.350781 0.369444 0.351562 0.365278 0.352344 0.361111 0.352344 0.347222 0.356250 0.338889 0.357812 0.334722 0.358594 0.330556 0.359375 0.326389 0.359375 0.312500 0.358594 0.308333 0.357812 0.304167 0.356250 0.301389 0.355469 0.298611 0.357812 0.293056 0.358594 0.290278 0.358594 0.281944 0.357812 0.279167 0.353906 0.272222 0.352344 0.270833 0.347656 0.270833 0.346094 0.272222 0.342187 0.279167 0.341406 0.283333 0.339062 0.283333 0.337500 0.281944 0.333594 0.276389 0.332031 0.276389 0.331250 0.268056 0.330469 0.261111 0.329688 0.255556 0.326562 0.238889 0.324219 0.230556 0.323437 0.227778 0.325000 0.229167 0.328125 0.233333 0.335938 0.247222 0.337500 0.248611 0.339844 0.250000 0.342187 0.251389 0.344531 0.251389 0.346875 0.252778 0.349219 0.254167 0.358594 0.262500 0.361719 0.265278 0.364844 0.269444 0.370312 0.279167 0.372656 0.284722 0.375000 0.293056 0.376563 0.298611 0.377344 0.302778 0.378125 0.306944 0.378906 0.318056 0.379688 0.322222 0.382031 0.330556 0.383594 0.336111 0.390625 0.348611 0.392188 0.354167 0.399219 0.368056 0.400000 0.356944 0.401562 0.354167 0.403125 0.354167 0.414844 0.352778 0.416406 0.352778 0.417969 0.355556 0.418750 0.359722 0.417969 0.363889 0.420312 0.365278 0.448437 0.363889 0.453125 0.366667 0.493750 0.366667 0.495312 0.368056 0.498437 0.373611 0.499219 0.376389 0.498437 0.386111 0.500781 0.391667 0.503125 0.394444 0.507031 0.394444 0.508594 0.395833 0.511719 0.401389 0.512500 0.404167 0.512500 0.412500 0.514062 0.415278 0.517188 0.415278 0.519531 0.418056 0.535156 0.418056 0.542188 0.416667 0.545312 0.411111 0.546094 0.408333 0.542969 0.406944 0.541406 0.405556 0.538281 0.400000 0.537500 0.397222 0.537500 0.388889 0.538281 0.386111 0.541406 0.380556 0.542969 0.379167 0.546875 0.377778 0.553906 0.379167 0.555469 0.379167 0.575781 0.377778 0.578125 0.373611 0.579688 0.372222 0.581250 0.372222 0.582812 0.370833 0.584375 0.368056 0.585938 0.366667 0.590625 0.366667 0.594531 0.362500 0.600000 0.362500 0.603125 0.358333 0.607812 0.358333 0.610938 0.352778 0.612500 0.351389 0.615625 0.350000 0.618750 0.350000 0.621094 0.348611 0.626563 0.338889 0.632031 0.330556 0.633594 0.329167 0.635156 0.331944 0.636719 0.337500 0.639062 0.341667 0.641406 0.344444 0.642188 0.344444 0.642969 0.345833 0.642969 0.347222 0.644531 0.351389 0.647656 0.356944 0.648438 0.363889 0.650000 0.368056 0.651563 0.372222 0.655469 0.379167 0.657813 0.381944 0.658594 0.381944 0.659375 0.383333 0.659375 0.384722 0.660937 0.388889 0.663281 0.393056 0.664062 0.393056 0.666406 0.397222 0.666406 0.400000 0.667969 0.404167 0.669531 0.408333 0.672656 0.415278 0.675000 0.420833 0.677344 0.425000 0.679688 0.427778 0.682031 0.430556 0.685937 0.431944 0.687500 0.434722 0.691406 0.436111 0.692969 0.437500 0.690625 0.445833 0.690625 0.450000 0.692969 0.456944 0.693750 0.461111 0.694531 0.465278 0.695312 0.472222 0.695312 0.491667 0.694531 0.498611 0.693750 0.502778 0.692969 0.506944 0.690625 0.515278 0.689063 0.520833 0.686719 0.526389 0.681250 0.536111 0.678125 0.540278 0.673438 0.544444 0.671875 0.545833 0.670312 0.544444 0.669531 0.541667 0.669531 0.538889 0.668750 0.536111 0.667969 0.534722 0.666406 0.533333 0.662500 0.530556 0.660156 0.529167 0.657813 0.527778 0.652344 0.526389 0.626563 0.526389 0.621875 0.525000 0.621094 0.523611 0.617969 0.523611 0.608594 0.541667 0.606250 0.541667 0.603125 0.538889 0.595313 0.537500 0.592187 0.536111 0.584375 0.531944 0.582031 0.530556 0.579688 0.529167 0.575781 0.525000 0.570312 0.525000 0.566406 0.523611 0.564844 0.522222 0.559375 0.513889 0.551562 0.501389 0.544531 0.487500 0.542969 0.484722 0.540625 0.484722 0.539062 0.481944 0.528906 0.481944 0.525781 0.484722 0.519531 0.486111 0.508594 0.486111 0.507031 0.488889 0.502344 0.498611 0.503906 0.495833 0.504687 0.491667 0.505469 0.487500 0.505469 0.473611 0.504687 0.469444 0.503906 0.465278 0.502344 0.461111 0.500781 0.456944 0.497656 0.452778 0.496875 0.450000 0.496875 0.447222 0.495312 0.443056 0.493750 0.438889 0.491406 0.434722 0.489063 0.431944 0.486719 0.429167 0.484375 0.427778 0.482031 0.426389 0.473438 0.427778 0.471875 0.427778 0.470313 0.425000 0.467969 0.423611 0.465625 0.422222 0.457813 0.422222 0.455469 0.423611 0.453125 0.425000 0.451562 0.427778 0.450000 0.427778 0.448437 0.422222 0.446094 0.418056 0.443750 0.415278 0.441406 0.412500 0.439063 0.411111 0.436719 0.409722 0.428906 0.409722 0.426563 0.411111 0.424219 0.412500 0.420312 0.418056 0.418750 0.419444 0.414062 0.419444 0.411719 0.420833 0.409375 0.422222 0.407031 0.425000 0.404687 0.427778 0.402344 0.431944 0.400781 0.436111 0.399219 0.440278 0.398438 0.444444 0.397656 0.451389 0.396875 0.454167 0.393750 0.461111 0.392969 0.465278 0.392188 0.469444 0.392188 0.483333 0.394531 0.493056 0.394531 0.506944 0.395313 0.511111 0.396094 0.515278 0.397656 0.519444 0.399219 0.523611 0.401562 0.527778 0.403906 0.530556 0.406250 0.533333 0.408594 0.534722 0.410938 0.536111 0.419531 0.536111 0.422656 0.538889 0.430469 0.538889 0.432812 0.537500 0.435156 0.536111 0.437500 0.533333 0.439844 0.530556 0.442188 0.526389 0.443750 0.522222 0.445312 0.518056 0.445312 0.515278 0.446094 0.512500 0.447656 0.511111 0.449219 0.511111 0.451562 0.508333 0.453906 0.505556 0.456250 0.500000 0.458594 0.505556 0.460938 0.508333 0.463281 0.511111 0.465625 0.512500 0.467969 0.513889 0.478125 0.513889 0.480469 0.515278 0.475781 0.531944 0.473438 0.537500 0.467969 0.547222 0.464844 0.551389 0.460156 0.555556 0.457031 0.558333 0.450000 0.562500 0.445312 0.565278 0.442188 0.565278 0.435937 0.570833 0.433594 0.575000 0.431250 0.577778 0.429688 0.577778 0.428125 0.579167 0.428906 0.570833 0.428906 0.565278 0.428125 0.558333 0.426563 0.551389 0.424219 0.543056 0.422656 0.540278 0.420312 0.543056 0.407031 0.543056 0.401562 0.544444 0.400000 0.545833 0.398438 0.548611 0.397656 0.555556 0.396094 0.556944 0.392969 0.556944 0.389844 0.559722 0.389062 0.562500 0.389062 0.566667 0.385937 0.569444 0.383594 0.569444 0.385156 0.566667 0.384375 0.563889 0.382812 0.562500 0.380469 0.561111 0.375781 0.561111 0.375000 0.562500 0.371094 0.562500 0.371875 0.556944 0.371094 0.554167 0.369531 0.551389 0.362500 0.551389 0.364063 0.545833 0.362500 0.544444 0.361719 0.543056 0.360156 0.543056 0.357031 0.545833 0.355469 0.547222 0.354687 0.551389 0.354687 0.547222 0.350781 0.540278 0.349219 0.538889 0.346875 0.543056 0.346094 0.543056 0.342187 0.550000 0.341406 0.552778 0.341406 0.569444 0.337500 0.568056 0.335156 0.572222 0.332813 0.575000 0.329688 0.576389 0.330469 0.572222 0.320312 0.568056 0.317188 0.573611 0.317188 0.576389 0.316406 0.581944 0.315625 0.581944 0.312500 0.586111 0.312500 0.600000 0.312500 0.605556 0.295312 0.605556 0.291406 0.609722 0.288281 0.609722 0.279687 0.605556 0.275781 0.604167 0.273438 0.605556 0.269531 0.608333 0.248438 0.625000 0.242969 0.629167 0.240625 0.630556 0.231250 0.630556 0.210156 0.629167 0.194531 0.634722 0.184375 0.637500 0.176563 0.637500 0.172656 0.636111 0.167969 0.633333 0.164844 0.631944 0.164844 0.626389 0.166406 0.623611 0.166406 0.613889 0.167969 0.605556 0.167969 0.590278 0.169531 0.587500 0.170313 0.584722 0.170313 0.576389 0.169531 0.573611 0.165625 0.566667 0.162500 0.565278 0.162500 0.562500 0.164062 0.559722 0.164062 0.554167 0.162500 0.550000 0.159375 0.544444 0.155469 0.544444 0.152344 0.550000 0.152344 0.555556 0.149219 0.551389 0.150781 0.547222 0.150000 0.538889 0.150781 0.531944 0.147656 0.526389 0.144531 0.526389 0.141406 0.531944 0.141406 0.537500 0.141406 0.548611 0.139063 0.552778 0.139844 0.569444 0.138281 0.573611 0.139063 0.581944 0.136719 0.586111 0.135937 0.608333 0.135937 0.613889 0.135937 0.616667 0.135937 0.622222 0.137500 0.625000 0.135937 0.627778 0.135937 0.630556 0.134375 0.633333 0.135156 0.640278 0.116406 0.640278 0.117969 0.636111 0.117969 0.625000 0.116406 0.620833 0.115625 0.608333 0.115625 0.605556 0.117969 0.601389 0.117969 0.595833 0.117969 0.593056 0.117188 0.586111 0.119531 0.579167 0.119531 0.559722 0.118750 0.550000 0.115625 0.544444 0.115625 0.534722 0.112500 0.529167 0.109375 0.529167 0.106250 0.534722 0.106250 0.547222 0.105469 0.555556 0.103125 0.559722 0.102344 0.562500 0.103125 0.572222 0.102344 0.580556 0.100781 0.583333 0.100781 0.586111 0.098437 0.590278 0.098437 0.597222 0.101562 0.602778 0.105469 0.601389 0.105469 0.611111 0.107031 0.615278 0.107813 0.629167 0.105469 0.634722 0.105469 0.640278 0.103125 0.640278 0.102344 0.641667 0.089063 0.641667 0.088281 0.643056 0.074219 0.644444 0.031250 0.648611 0.016406 0.650000 0.002344 0.651389 0.000000 0.651389 0.000000 0.000000 0.149219 0.000000
23 0.325000 0.580556 0.325000 0.598611 0.326562 0.605556 0.326562 0.613889 0.328125 0.613889 0.328125 0.602778 0.327344 0.580556 0.325000 0.580556
23 0.352344 0.577778 0.352344 0.586111 0.353125 0.591667 0.353906 0.593056 0.353906 0.595833 0.353125 0.605556 0.353906 0.606944 0.353906 0.612500 0.355469 0.612500 0.354687 0.601389 0.355469 0.588889 0.353906 0.583333 0.353906 0.580556 0.354687 0.579167 0.354687 0.576389 0.352344 0.577778
23 0.377344 0.573611 0.377344 0.576389 0.378906 0.577778 0.378906 0.580556 0.379688 0.581944 0.379688 0.595833 0.378906 0.597222 0.378906 0.597222 0.379688 0.583333 0.378906 0.581944 0.378125 0.579167 0.377344 0.583333 0.378906 0.597222 0.378906 0.597222 0.378906 0.601389 0.376563 0.602778 0.376563 0.590278 0.375000 0.577778 0.375000 0.573611 0.377344 0.573611
23 0.392188 0.570833 0.392188 0.576389 0.393750 0.598611 0.395313 0.598611 0.395313 0.595833 0.394531 0.573611 0.393750 0.570833 0.392188 0.570833
23 0.406250 0.568056 0.406250 0.587500 0.407813 0.587500 0.407813 0.583333 0.406250 0.568056
