27 0.249219 0.000000 0.249219 0.015278 0.250000 0.050000 0.250781 0.086111 0.252344 0.155556 0.253125 0.156944 0.253125 0.190278 0.253906 0.191667 0.253906 0.216667 0.264844 0.216667 0.265625 0.215278 0.275781 0.215278 0.276562 0.208333 0.286719 0.209722 0.286719 0.222222 0.301563 0.222222 0.341406 0.222222 0.348438 0.222222 0.349219 0.211111 0.357031 0.212500 0.357031 0.226389 0.360156 0.226389 0.360938 0.220833 0.382031 0.222222 0.382031 0.231944 0.393750 0.230556 0.404687 0.231944 0.405469 0.251389 0.406250 0.248611 0.416406 0.248611 0.419531 0.250000 0.421094 0.252778 0.421875 0.258333 0.438281 0.259722 0.438281 0.269444 0.439063 0.272222 0.442969 0.273611 0.444531 0.273611 0.450000 0.266667 0.459375 0.261111 0.463281 0.262500 0.466406 0.265278 0.467969 0.266667 0.468750 0.268056 0.471094 0.273611 0.472656 0.275000 0.474219 0.275000 0.475781 0.276389 0.477344 0.277778 0.480469 0.284722 0.482031 0.287500 0.484375 0.286111 0.485156 0.283333 0.485938 0.280556 0.485938 0.276389 0.486719 0.272222 0.487500 0.269444 0.493750 0.268056 0.496094 0.270833 0.494531 0.269444 0.492969 0.266667 0.493750 0.259722 0.498437 0.259722 0.499219 0.256944 0.499219 0.254167 0.500781 0.247222 0.502344 0.244444 0.503906 0.243056 0.506250 0.243056 0.507812 0.247222 0.512500 0.248611 0.514844 0.245833 0.517188 0.241667 0.519531 0.241667 0.533594 0.244444 0.535937 0.244444 0.535937 0.231944 0.535937 0.202778 0.540625 0.195833 0.544531 0.190278 0.555469 0.176389 0.558594 0.170833 0.559375 0.166667 0.560156 0.154167 0.561719 0.147222 0.565625 0.145833 0.567187 0.144444 0.567187 0.140278 0.567969 0.137500 0.557813 0.136111 0.557813 0.129167 0.558594 0.118056 0.559375 0.106944 0.560156 0.104167 0.561719 0.100000 0.563281 0.097222 0.565625 0.095833 0.568750 0.095833 0.569531 0.094444 0.571875 0.094444 0.571875 0.070833 0.572656 0.068056 0.574219 0.063889 0.575781 0.059722 0.584375 0.037500 0.585938 0.033333 0.587500 0.030556 0.589063 0.029167 0.594531 0.029167 0.596875 0.027778 0.598437 0.025000 0.601562 0.018056 0.605469 0.009722 0.609375 0.000000 0.249219 0.000000
21 0.996875 0.236111 0.983594 0.237500 0.992969 0.238889 0.999219 0.238889 0.999219 0.236111 0.996875 0.236111
21 0.828125 0.000000 0.828125 0.044444 0.827344 0.045833 0.826562 0.137500 0.826562 0.206944 0.828906 0.211111 0.829688 0.219444 0.828906 0.223611 0.821875 0.225000 0.825000 0.223611 0.825000 0.250000 0.825781 0.259722 0.825781 0.262500 0.824219 0.298611 0.824219 0.309722 0.829688 0.309722 0.830469 0.311111 0.841406 0.312500 0.836719 0.320833 0.836719 0.326389 0.839063 0.326389 0.839063 0.322222 0.839844 0.320833 0.840625 0.313889 0.844531 0.309722 0.859375 0.288889 0.864844 0.281944 0.867188 0.279167 0.869531 0.276389 0.878125 0.268056 0.888281 0.258333 0.890625 0.256944 0.892969 0.255556 0.910937 0.247222 0.923438 0.237500 0.925781 0.236111 0.930469 0.234722 0.937500 0.233333 0.952344 0.234722 0.962500 0.234722 0.964844 0.233333 0.967187 0.230556 0.969531 0.229167 0.982812 0.227778 0.992969 0.229167 0.999219 0.229167 0.999219 0.179167 0.996094 0.179167 0.992188 0.177778 0.987500 0.176389 0.985156 0.173611 0.980469 0.168056 0.978125 0.165278 0.976562 0.162500 0.975781 0.156944 0.975000 0.148611 0.967969 0.148611 0.963281 0.151389 0.961719 0.152778 0.955469 0.150000 0.953906 0.151389 0.951562 0.145833 0.950000 0.141667 0.950000 0.137500 0.950781 0.134722 0.953125 0.130556 0.956250 0.133333 0.958594 0.133333 0.964063 0.130556 0.978906 0.130556 0.978125 0.120833 0.975781 0.119444 0.974219 0.116667 0.973437 0.113889 0.972656 0.108333 0.972656 0.104167 0.973437 0.094444 0.972656 0.091667 0.971094 0.091667 0.970313 0.090278 0.965625 0.090278 0.960938 0.087500 0.960156 0.083333 0.960938 0.077778 0.961719 0.077778 0.963281 0.075000 0.964844 0.073611 0.976562 0.073611 0.978906 0.070833 0.983594 0.062500 0.984375 0.059722 0.985156 0.056944 0.986719 0.050000 0.989062 0.038889 0.989844 0.034722 0.987500 0.030556 0.985156 0.023611 0.982031 0.018056 0.979688 0.015278 0.969531 0.004167 0.965625 0.000000 0.828125 0.000000
21 0.610156 0.000000 0.606250 0.008333 0.599219 0.023611 0.599219 0.025000 0.596875 0.029167 0.594531 0.030556 0.589063 0.030556 0.587500 0.031944 0.586719 0.033333 0.586719 0.034722 0.576562 0.059722 0.575000 0.063889 0.573438 0.068056 0.572656 0.070833 0.571875 0.095833 0.568750 0.097222 0.565625 0.097222 0.562500 0.100000 0.562500 0.101389 0.560937 0.104167 0.560156 0.106944 0.559375 0.118056 0.558594 0.129167 0.558594 0.136111 0.568750 0.138889 0.567187 0.145833 0.565625 0.147222 0.563281 0.148611 0.561719 0.148611 0.561719 0.152778 0.560937 0.154167 0.560156 0.166667 0.559375 0.170833 0.555469 0.177778 0.544531 0.191667 0.540625 0.197222 0.535937 0.204167 0.536719 0.231944 0.535937 0.245833 0.533594 0.245833 0.519531 0.243056 0.517188 0.243056 0.514062 0.247222 0.513281 0.250000 0.514844 0.254167 0.517188 0.258333 0.517188 0.269444 0.518750 0.275000 0.521094 0.273611 0.523438 0.270833 0.525781 0.269444 0.526563 0.266667 0.526563 0.265278 0.528906 0.259722 0.529687 0.255556 0.532813 0.254167 0.536719 0.254167 0.540625 0.255556 0.542188 0.258333 0.543750 0.262500 0.544531 0.265278 0.544531 0.280556 0.546094 0.287500 0.546094 0.293056 0.544531 0.297222 0.540625 0.304167 0.537500 0.305556 0.535937 0.311111 0.532813 0.315278 0.532813 0.327778 0.535156 0.327778 0.539844 0.330556 0.542188 0.329167 0.546094 0.330556 0.555469 0.312500 0.584375 0.311111 0.584375 0.240278 0.582812 0.140278 0.583594 0.115278 0.585156 0.118056 0.585938 0.118056 0.587500 0.120833 0.587500 0.273611 0.588281 0.275000 0.588281 0.311111 0.590625 0.312500 0.592969 0.318056 0.595313 0.323611 0.596094 0.326389 0.596875 0.329167 0.597656 0.333333 0.597656 0.336111 0.603125 0.336111 0.604688 0.334722 0.606250 0.327778 0.608594 0.322222 0.610938 0.322222 0.612500 0.322222 0.614062 0.319444 0.614062 0.318056 0.616406 0.312500 0.619531 0.306944 0.620313 0.306944 0.624219 0.300000 0.625781 0.298611 0.630469 0.297222 0.634375 0.297222 0.636719 0.298611 0.639062 0.301389 0.653125 0.302778 0.656250 0.302778 0.657813 0.301389 0.659375 0.298611 0.679688 0.300000 0.680469 0.306944 0.687500 0.308333 0.702344 0.309722 0.710156 0.309722 0.710156 0.305556 0.708594 0.291667 0.705469 0.293056 0.700781 0.297222 0.697656 0.298611 0.694531 0.300000 0.687500 0.300000 0.685156 0.298611 0.679688 0.294444 0.678125 0.293056 0.676562 0.291667 0.669531 0.279167 0.667188 0.273611 0.667188 0.270833 0.671094 0.263889 0.675000 0.262500 0.680469 0.262500 0.681250 0.243056 0.683594 0.243056 0.683594 0.240278 0.684375 0.238889 0.684375 0.236111 0.682031 0.233333 0.672656 0.231944 0.667969 0.220833 0.667188 0.218056 0.666406 0.213889 0.665625 0.206944 0.667188 0.204167 0.669531 0.201389 0.671094 0.200000 0.675000 0.204167 0.678125 0.211111 0.680469 0.209722 0.682031 0.208333 0.682031 0.205556 0.680469 0.204167 0.676562 0.201389 0.675000 0.200000 0.674219 0.197222 0.675000 0.188889 0.676562 0.186111 0.679688 0.184722 0.679688 0.183333 0.681250 0.180556 0.681250 0.176389 0.680469 0.173611 0.678125 0.168056 0.689844 0.166667 0.690625 0.163889 0.690625 0.154167 0.692969 0.145833 0.693750 0.143056 0.696094 0.141667 0.703125 0.143056 0.706250 0.141667 0.710938 0.137500 0.714063 0.137500 0.717969 0.140278 0.725781 0.140278 0.728906 0.141667 0.730469 0.143056 0.731250 0.144444 0.732812 0.151389 0.731250 0.155556 0.731250 0.161111 0.732031 0.162500 0.732031 0.165278 0.733594 0.165278 0.739062 0.162500 0.742969 0.163889 0.748437 0.166667 0.751563 0.169444 0.753125 0.172222 0.753906 0.175000 0.754687 0.177778 0.754687 0.186111 0.753125 0.188889 0.750781 0.191667 0.747656 0.194444 0.743750 0.201389 0.739844 0.201389 0.737500 0.200000 0.738281 0.202778 0.739844 0.205556 0.743750 0.220833 0.744531 0.223611 0.745313 0.225000 0.748437 0.229167 0.751563 0.231944 0.754687 0.237500 0.754687 0.252778 0.752344 0.258333 0.750000 0.262500 0.748437 0.262500 0.747656 0.261111 0.742188 0.259722 0.739844 0.256944 0.737500 0.255556 0.733594 0.255556 0.732812 0.256944 0.728906 0.255556 0.728906 0.247222 0.723437 0.237500 0.721875 0.240278 0.721094 0.248611 0.721094 0.261111 0.720313 0.273611 0.717969 0.280556 0.716406 0.283333 0.715625 0.283333 0.713281 0.287500 0.713281 0.304167 0.714063 0.305556 0.714063 0.311111 0.715625 0.312500 0.719531 0.313889 0.723437 0.313889 0.727344 0.315278 0.729688 0.316667 0.732031 0.319444 0.735156 0.319444 0.739062 0.315278 0.743750 0.309722 0.745313 0.308333 0.747656 0.306944 0.750000 0.305556 0.753125 0.304167 0.780469 0.302778 0.801562 0.302778 0.814063 0.308333 0.817969 0.309722 0.817969 0.279167 0.818750 0.276389 0.819531 0.273611 0.821094 0.270833 0.817969 0.276389 0.817969 0.277778 0.811719 0.288889 0.806250 0.297222 0.805469 0.297222 0.802344 0.302778 0.799219 0.297222 0.798438 0.297222 0.793750 0.290278 0.789844 0.283333 0.789062 0.279167 0.787500 0.270833 0.785156 0.256944 0.784375 0.251389 0.783594 0.243056 0.782813 0.233333 0.782031 0.222222 0.782031 0.211111 0.783594 0.206944 0.791406 0.186111 0.804688 0.163889 0.809375 0.165278 0.813281 0.170833 0.816406 0.176389 0.817187 0.176389 0.820312 0.181944 0.819531 0.143056 0.820312 0.090278 0.821875 0.037500 0.821875 0.000000 0.610156 0.000000
21 0.248438 0.000000 0.248438 0.015278 0.249219 0.016667 0.250000 0.051389 0.250000 0.086111 0.251563 0.155556 0.252344 0.190278 0.253125 0.216667 0.264844 0.218056 0.275781 0.216667 0.276562 0.209722 0.285938 0.209722 0.285938 0.222222 0.301563 0.223611 0.341406 0.223611 0.338281 0.226389 0.328906 0.226389 0.325781 0.227778 0.326562 0.233333 0.339844 0.240278 0.340625 0.241667 0.344531 0.243056 0.346875 0.243056 0.344531 0.238889 0.344531 0.237500 0.338281 0.226389 0.341406 0.223611 0.348438 0.223611 0.349219 0.212500 0.356250 0.212500 0.356250 0.226389 0.360156 0.227778 0.359375 0.230556 0.356250 0.231944 0.356250 0.240278 0.354687 0.243056 0.353906 0.243056 0.352344 0.245833 0.353906 0.248611 0.357031 0.251389 0.357031 0.268056 0.357812 0.269444 0.357812 0.287500 0.358594 0.308333 0.359375 0.313889 0.360156 0.316667 0.361719 0.319444 0.362500 0.305556 0.361719 0.277778 0.360156 0.255556 0.360156 0.243056 0.364063 0.243056 0.364063 0.247222 0.362500 0.252778 0.368750 0.254167 0.370312 0.251389 0.372656 0.252778 0.373437 0.258333 0.375000 0.261111 0.380469 0.261111 0.381250 0.256944 0.383594 0.256944 0.383594 0.259722 0.386719 0.261111 0.386719 0.256944 0.385937 0.250000 0.385156 0.245833 0.383594 0.243056 0.383594 0.241667 0.382812 0.240278 0.381250 0.238889 0.379688 0.237500 0.377344 0.236111 0.374219 0.234722 0.371094 0.233333 0.364844 0.233333 0.362500 0.234722 0.360156 0.238889 0.359375 0.230556 0.360156 0.227778 0.360938 0.222222 0.381250 0.222222 0.381250 0.231944 0.393750 0.231944 0.403906 0.231944 0.403906 0.251389 0.406250 0.251389 0.416406 0.250000 0.419531 0.251389 0.420312 0.256944 0.421875 0.259722 0.437500 0.259722 0.438281 0.270833 0.435156 0.270833 0.434375 0.269444 0.430469 0.268056 0.428906 0.268056 0.424219 0.269444 0.422656 0.272222 0.421875 0.276389 0.421094 0.288889 0.421094 0.295833 0.421875 0.298611 0.422656 0.301389 0.426563 0.306944 0.424219 0.311111 0.418750 0.312500 0.417187 0.312500 0.417187 0.273611 0.414844 0.272222 0.414062 0.283333 0.414844 0.313889 0.411719 0.313889 0.410938 0.316667 0.405469 0.319444 0.389062 0.319444 0.385156 0.320833 0.382812 0.322222 0.381250 0.325000 0.377344 0.325000 0.375000 0.329167 0.376563 0.336111 0.373437 0.338889 0.367969 0.341667 0.364844 0.343056 0.361719 0.344444 0.355469 0.344444 0.355469 0.341667 0.354687 0.340278 0.354687 0.336111 0.353906 0.333333 0.353125 0.330556 0.350000 0.323611 0.350000 0.322222 0.330469 0.319444 0.306250 0.319444 0.302344 0.318056 0.298438 0.315278 0.291406 0.313889 0.278906 0.313889 0.271875 0.315278 0.269531 0.316667 0.267969 0.319444 0.264062 0.320833 0.258594 0.322222 0.249219 0.322222 0.242969 0.323611 0.241406 0.325000 0.237500 0.329167 0.235156 0.331944 0.232813 0.334722 0.228906 0.341667 0.225781 0.344444 0.223438 0.348611 0.225000 0.351389 0.221875 0.356944 0.218750 0.363889 0.218750 0.366667 0.214844 0.366667 0.214062 0.368056 0.208594 0.369444 0.203125 0.370833 0.191406 0.373611 0.179688 0.376389 0.173437 0.377778 0.173437 0.362500 0.172656 0.361111 0.171875 0.331944 0.171875 0.302778 0.171094 0.273611 0.170313 0.244444 0.169531 0.225000 0.164062 0.223611 0.161719 0.225000 0.160938 0.243056 0.161719 0.277778 0.164062 0.347222 0.164062 0.379167 0.162500 0.380556 0.157031 0.380556 0.145313 0.383333 0.133594 0.387500 0.127344 0.388889 0.121875 0.390278 0.118750 0.390278 0.118750 0.384722 0.117969 0.383333 0.117969 0.358333 0.117188 0.356944 0.115625 0.279167 0.114844 0.254167 0.114062 0.227778 0.113281 0.206944 0.110937 0.205556 0.103906 0.206944 0.103125 0.229167 0.103906 0.263889 0.106250 0.334722 0.107031 0.370833 0.107031 0.393056 0.105469 0.393056 0.104688 0.394444 0.099219 0.394444 0.087500 0.397222 0.075781 0.401389 0.069531 0.402778 0.064062 0.404167 0.063281 0.400000 0.061719 0.390278 0.060937 0.387500 0.058594 0.383333 0.057813 0.366667 0.057031 0.345833 0.054688 0.283333 0.048438 0.113889 0.046094 0.051389 0.045312 0.029167 0.044531 0.008333 0.044531 0.000000 0.248438 0.000000
21 0.000000 0.000000 0.000781 0.268056 0.002344 0.269444 0.003906 0.269444 0.009375 0.275000 0.010937 0.275000 0.017969 0.280556 0.022656 0.284722 0.025000 0.287500 0.028906 0.293056 0.032813 0.300000 0.033594 0.306944 0.034375 0.312500 0.035156 0.319444 0.035156 0.322222 0.034375 0.325000 0.032813 0.329167 0.030469 0.333333 0.028906 0.337500 0.028906 0.356944 0.028125 0.366667 0.026562 0.372222 0.025000 0.375000 0.019531 0.376389 0.000000 0.376389 0.000000 0.416667 0.003906 0.416667 0.010937 0.415278 0.032813 0.409722 0.039062 0.409722 0.040625 0.406944 0.040625 0.393056 0.042188 0.383333 0.043750 0.383333 0.043750 0.362500 0.042188 0.338889 0.040625 0.270833 0.035937 0.134722 0.033594 0.066667 0.031250 0.020833 0.031250 0.000000 0.000000 0.000000
30 0.528906 0.284722 0.528125 0.295833 0.535156 0.295833 0.535156 0.287500 0.534375 0.284722 0.533594 0.283333 0.532813 0.283333 0.528906 0.284722
25 0.000000 0.268056 0.000000 0.375000 0.019531 0.375000 0.025781 0.372222 0.026562 0.369444 0.027344 0.366667 0.028125 0.356944 0.028125 0.337500 0.029687 0.333333 0.032031 0.329167 0.033594 0.325000 0.034375 0.322222 0.034375 0.319444 0.033594 0.312500 0.032813 0.306944 0.032031 0.300000 0.028906 0.294444 0.025000 0.288889 0.022656 0.286111 0.017969 0.281944 0.003906 0.270833 0.000000 0.268056
25 0.532031 0.256944 0.532813 0.281944 0.533594 0.281944 0.535156 0.284722 0.535937 0.287500 0.535156 0.297222 0.532813 0.297222 0.532813 0.313889 0.535156 0.311111 0.536719 0.306944 0.536719 0.305556 0.540625 0.302778 0.543750 0.297222 0.545312 0.293056 0.545312 0.287500 0.543750 0.280556 0.543750 0.265278 0.542969 0.262500 0.541406 0.259722 0.541406 0.258333 0.536719 0.255556 0.532031 0.256944
25 0.503906 0.244444 0.502344 0.245833 0.501563 0.250000 0.500000 0.256944 0.499219 0.259722 0.493750 0.261111 0.494531 0.268056 0.488281 0.269444 0.487500 0.272222 0.486719 0.276389 0.486719 0.280556 0.485938 0.283333 0.485156 0.286111 0.482812 0.290278 0.479687 0.284722 0.479687 0.283333 0.477344 0.279167 0.475781 0.277778 0.474219 0.276389 0.472656 0.276389 0.471094 0.275000 0.467969 0.268056 0.465625 0.266667 0.463281 0.263889 0.459375 0.262500 0.457813 0.261111 0.456250 0.262500 0.450000 0.268056 0.444531 0.275000 0.442969 0.275000 0.438281 0.272222 0.434375 0.270833 0.430469 0.269444 0.428906 0.269444 0.423438 0.272222 0.422656 0.276389 0.421875 0.288889 0.421875 0.295833 0.422656 0.298611 0.423438 0.301389 0.425781 0.305556 0.427344 0.305556 0.428906 0.302778 0.435937 0.301389 0.442969 0.300000 0.451562 0.298611 0.463281 0.298611 0.471094 0.301389 0.481250 0.301389 0.482812 0.304167 0.485938 0.304167 0.493750 0.302778 0.497656 0.309722 0.500781 0.318056 0.503125 0.318056 0.507812 0.316667 0.509375 0.315278 0.512500 0.309722 0.514062 0.309722 0.513281 0.286111 0.515625 0.269444 0.515625 0.298611 0.516406 0.300000 0.516406 0.309722 0.517969 0.309722 0.518750 0.311111 0.521875 0.311111 0.528125 0.316667 0.529687 0.316667 0.529687 0.297222 0.527344 0.295833 0.528906 0.283333 0.528906 0.261111 0.527344 0.265278 0.526563 0.269444 0.525000 0.272222 0.517969 0.275000 0.517188 0.272222 0.516406 0.269444 0.516406 0.258333 0.514062 0.254167 0.514062 0.252778 0.512500 0.250000 0.510938 0.248611 0.507031 0.247222 0.507031 0.245833 0.503906 0.244444
25 0.356250 0.241667 0.354687 0.244444 0.353125 0.245833 0.357031 0.250000 0.356250 0.241667
25 0.364844 0.234722 0.362500 0.236111 0.360156 0.241667 0.364844 0.243056 0.364844 0.247222 0.363281 0.252778 0.368750 0.252778 0.370312 0.250000 0.372656 0.251389 0.374219 0.254167 0.375000 0.259722 0.380469 0.259722 0.381250 0.255556 0.384375 0.256944 0.384375 0.259722 0.386719 0.259722 0.385937 0.256944 0.385156 0.250000 0.384375 0.245833 0.382812 0.241667 0.381250 0.240278 0.379688 0.238889 0.377344 0.237500 0.374219 0.236111 0.371094 0.234722 0.364844 0.234722
25 0.328906 0.227778 0.328125 0.229167 0.325781 0.229167 0.326562 0.231944 0.328906 0.233333 0.333594 0.236111 0.342187 0.240278 0.344531 0.241667 0.346094 0.243056 0.343750 0.238889 0.343750 0.237500 0.338281 0.227778 0.328906 0.227778
25 0.792188 0.186111 0.787500 0.198611 0.787500 0.204167 0.787500 0.206944 0.785937 0.209722 0.782813 0.211111 0.782813 0.222222 0.783594 0.233333 0.784375 0.243056 0.785156 0.251389 0.785937 0.256944 0.788281 0.270833 0.789844 0.279167 0.790625 0.283333 0.793750 0.288889 0.794531 0.288889 0.798438 0.295833 0.799219 0.295833 0.802344 0.301389 0.805469 0.295833 0.806250 0.295833 0.811719 0.287500 0.817187 0.277778 0.821875 0.268056 0.822656 0.265278 0.822656 0.259722 0.819531 0.258333 0.820312 0.245833 0.820312 0.240278 0.819531 0.238889 0.819531 0.231944 0.820312 0.226389 0.821094 0.223611 0.828906 0.222222 0.828906 0.219444 0.828125 0.211111 0.825781 0.206944 0.821875 0.205556 0.820312 0.202778 0.820312 0.183333 0.817187 0.177778 0.813281 0.172222 0.809375 0.166667 0.804688 0.165278 0.792188 0.186111
25 0.710938 0.138889 0.706250 0.143056 0.703125 0.144444 0.696094 0.143056 0.694531 0.143056 0.693750 0.145833 0.691406 0.154167 0.691406 0.163889 0.690625 0.166667 0.678906 0.168056 0.681250 0.173611 0.682031 0.176389 0.682031 0.180556 0.680469 0.184722 0.678906 0.187500 0.675781 0.188889 0.675000 0.198611 0.676562 0.200000 0.680469 0.202778 0.682031 0.204167 0.682031 0.209722 0.680469 0.211111 0.678125 0.212500 0.675000 0.205556 0.671094 0.201389 0.669531 0.202778 0.666406 0.206944 0.667188 0.213889 0.667969 0.218056 0.668750 0.220833 0.671094 0.226389 0.673438 0.231944 0.682031 0.231944 0.683594 0.234722 0.684375 0.234722 0.685156 0.238889 0.683594 0.244444 0.681250 0.244444 0.680469 0.263889 0.675000 0.263889 0.671094 0.265278 0.667969 0.270833 0.667969 0.273611 0.670312 0.279167 0.676562 0.290278 0.678125 0.291667 0.679688 0.293056 0.685156 0.297222 0.687500 0.298611 0.694531 0.298611 0.697656 0.297222 0.700781 0.295833 0.705469 0.291667 0.708594 0.290278 0.709375 0.293056 0.710156 0.294444 0.710156 0.304167 0.711719 0.311111 0.713281 0.311111 0.713281 0.305556 0.712500 0.287500 0.716406 0.281944 0.717187 0.280556 0.719531 0.273611 0.720313 0.261111 0.720313 0.248611 0.721094 0.240278 0.723437 0.236111 0.725000 0.238889 0.728906 0.245833 0.729688 0.255556 0.732812 0.255556 0.733594 0.254167 0.737500 0.254167 0.739844 0.255556 0.742188 0.258333 0.747656 0.259722 0.748437 0.261111 0.750000 0.261111 0.751563 0.258333 0.751563 0.256944 0.753906 0.252778 0.753906 0.237500 0.751563 0.233333 0.748437 0.230556 0.746094 0.226389 0.745313 0.226389 0.743750 0.223611 0.742188 0.218056 0.737500 0.202778 0.736719 0.200000 0.738281 0.197222 0.739844 0.200000 0.743750 0.200000 0.747656 0.193056 0.752344 0.187500 0.753125 0.187500 0.753906 0.177778 0.753125 0.175000 0.752344 0.172222 0.751563 0.170833 0.750000 0.169444 0.748437 0.168056 0.742969 0.165278 0.738281 0.163889 0.733594 0.166667 0.731250 0.165278 0.730469 0.161111 0.730469 0.155556 0.732031 0.150000 0.730469 0.144444 0.728906 0.143056 0.725781 0.141667 0.717969 0.141667 0.714063 0.138889 0.710938 0.138889
25 0.966406 0.000000 0.969531 0.002778 0.973437 0.008333 0.979688 0.013889 0.982031 0.016667 0.985938 0.023611 0.988281 0.030556 0.990625 0.034722 0.989844 0.038889 0.987500 0.050000 0.985938 0.056944 0.985156 0.059722 0.984375 0.062500 0.978906 0.072222 0.976562 0.075000 0.964844 0.075000 0.963281 0.076389 0.960938 0.079167 0.960938 0.083333 0.961719 0.084722 0.961719 0.087500 0.964844 0.087500 0.965625 0.088889 0.970313 0.088889 0.973437 0.091667 0.974219 0.094444 0.973437 0.104167 0.973437 0.108333 0.974219 0.113889 0.975000 0.116667 0.975781 0.118056 0.978125 0.119444 0.979688 0.122222 0.978906 0.131944 0.964063 0.131944 0.958594 0.134722 0.956250 0.134722 0.953125 0.131944 0.951562 0.134722 0.950781 0.137500 0.950781 0.141667 0.953906 0.150000 0.955469 0.148611 0.963281 0.150000 0.967969 0.147222 0.975000 0.147222 0.976562 0.150000 0.976562 0.156944 0.978125 0.163889 0.978906 0.163889 0.985156 0.172222 0.987500 0.175000 0.992188 0.176389 0.996094 0.177778 0.999219 0.177778 0.999219 0.000000 0.966406 0.000000
19 0.540625 0.330556 0.541406 0.337500 0.532813 0.336111 0.531250 0.336111 0.530469 0.343056 0.524219 0.343056 0.522656 0.338889 0.519531 0.338889 0.507031 0.340278 0.507031 0.356944 0.505469 0.376389 0.495312 0.376389 0.495312 0.401389 0.494531 0.413889 0.493750 0.416667 0.492969 0.418056 0.491406 0.419444 0.488281 0.420833 0.450000 0.420833 0.410938 0.418056 0.410156 0.402778 0.409375 0.372222 0.409375 0.363889 0.410938 0.351389 0.411719 0.345833 0.412500 0.343056 0.405469 0.344444 0.399219 0.347222 0.392188 0.348611 0.382812 0.348611 0.378125 0.338889 0.375781 0.338889 0.371094 0.340278 0.358594 0.347222 0.357812 0.348611 0.356250 0.348611 0.357031 0.361111 0.356250 0.365278 0.354687 0.366667 0.349219 0.366667 0.343750 0.368056 0.335156 0.372222 0.329688 0.370833 0.328125 0.370833 0.328125 0.373611 0.326562 0.376389 0.321094 0.376389 0.317969 0.377778 0.312500 0.381944 0.302344 0.381944 0.296875 0.380556 0.294531 0.376389 0.295312 0.379167 0.295312 0.381944 0.294531 0.384722 0.293750 0.386111 0.292187 0.387500 0.288281 0.388889 0.285938 0.386111 0.278906 0.386111 0.276562 0.391667 0.275000 0.393056 0.273438 0.394444 0.269531 0.394444 0.267188 0.388889 0.265625 0.388889 0.254688 0.390278 0.243750 0.391667 0.232031 0.394444 0.232031 0.397222 0.230469 0.400000 0.224219 0.400000 0.221875 0.395833 0.221875 0.394444 0.218750 0.388889 0.218750 0.368056 0.214844 0.368056 0.214062 0.369444 0.196875 0.373611 0.179688 0.377778 0.173437 0.379167 0.172656 0.391667 0.167187 0.393056 0.164844 0.391667 0.163281 0.380556 0.157031 0.381944 0.145313 0.384722 0.133594 0.388889 0.128125 0.388889 0.122656 0.390278 0.121875 0.391667 0.118750 0.391667 0.117969 0.405556 0.107031 0.404167 0.107031 0.394444 0.105469 0.394444 0.099219 0.395833 0.087500 0.398611 0.075781 0.402778 0.070312 0.402778 0.064062 0.406944 0.064844 0.416667 0.065625 0.425000 0.066406 0.426389 0.066406 0.431944 0.064844 0.434722 0.063281 0.436111 0.061719 0.437500 0.057813 0.440278 0.041406 0.438889 0.040625 0.430556 0.040625 0.416667 0.039844 0.415278 0.039844 0.411111 0.035937 0.411111 0.029687 0.412500 0.017969 0.416667 0.006250 0.419444 0.000000 0.420833 0.000000 0.440278 0.001563 0.479167 0.004687 0.556944 0.010937 0.711111 0.012500 0.730556 0.013281 0.768056 0.014063 0.769444 0.014063 0.787500 0.014844 0.788889 0.014844 0.797222 0.016406 0.797222 0.021875 0.795833 0.032031 0.793056 0.087500 0.777778 0.117188 0.769444 0.122656 0.768056 0.128125 0.765278 0.139063 0.759722 0.178125 0.738889 0.182031 0.737500 0.187500 0.736111 0.203125 0.731944 0.219531 0.727778 0.231250 0.726389 0.250781 0.725000 0.289062 0.722222 0.385156 0.715278 0.404687 0.713889 0.428125 0.712500 0.477344 0.709722 0.625781 0.701389 0.674219 0.700000 0.731250 0.698611 0.793750 0.698611 0.807031 0.701389 0.832812 0.706944 0.879687 0.718056 0.892969 0.720833 0.900000 0.722222 0.907031 0.723611 0.938281 0.729167 0.978125 0.736111 0.986719 0.737500 0.994531 0.738889 0.999219 0.738889 0.999219 0.537500 0.995313 0.538889 0.987500 0.541667 0.971094 0.547222 0.939063 0.559722 0.934375 0.559722 0.927344 0.558333 0.920312 0.556944 0.914062 0.555556 0.912500 0.554167 0.908594 0.548611 0.904687 0.544444 0.902344 0.543056 0.896875 0.540278 0.885156 0.534722 0.862500 0.523611 0.803125 0.495833 0.796094 0.491667 0.784375 0.484722 0.750000 0.463889 0.748437 0.462500 0.746094 0.459722 0.744531 0.456944 0.743750 0.454167 0.742969 0.451389 0.742188 0.444444 0.742188 0.437500 0.740625 0.436111 0.736719 0.436111 0.735938 0.434722 0.731250 0.433333 0.718750 0.433333 0.719531 0.437500 0.718750 0.444444 0.717187 0.447222 0.714063 0.447222 0.707812 0.445833 0.706250 0.444444 0.699219 0.431944 0.700000 0.429167 0.692187 0.429167 0.691406 0.427778 0.675781 0.427778 0.672656 0.426389 0.667188 0.423611 0.664062 0.422222 0.660937 0.416667 0.659375 0.412500 0.659375 0.405556 0.657813 0.404167 0.651563 0.402778 0.649219 0.402778 0.649219 0.405556 0.647656 0.411111 0.646094 0.411111 0.643750 0.413889 0.642188 0.413889 0.641406 0.412500 0.639062 0.412500 0.635938 0.409722 0.636719 0.397222 0.619531 0.397222 0.617188 0.393056 0.616406 0.388889 0.616406 0.381944 0.614062 0.381944 0.613281 0.384722 0.612500 0.388889 0.609375 0.391667 0.606250 0.391667 0.604688 0.390278 0.603125 0.387500 0.603125 0.380556 0.601562 0.375000 0.601562 0.356944 0.603125 0.343056 0.603906 0.341667 0.603906 0.336111 0.597656 0.337500 0.597656 0.340278 0.599219 0.355556 0.598437 0.366667 0.596875 0.368056 0.588281 0.368056 0.586719 0.365278 0.586719 0.363889 0.585938 0.362500 0.584375 0.361111 0.575000 0.361111 0.569531 0.362500 0.567187 0.366667 0.563281 0.366667 0.559375 0.365278 0.555469 0.361111 0.552344 0.361111 0.550000 0.359722 0.546875 0.356944 0.546875 0.344444 0.546094 0.343056 0.546094 0.331944 0.542969 0.331944 0.542188 0.330556 0.540625 0.330556
24 0.530469 0.297222 0.530469 0.325000 0.531250 0.326389 0.532031 0.331944 0.532031 0.297222 0.530469 0.297222
24 0.414844 0.273611 0.414844 0.283333 0.415625 0.313889 0.416406 0.273611 0.414844 0.273611
24 0.514062 0.286111 0.514844 0.287500 0.515625 0.309722 0.515625 0.300000 0.514844 0.298611 0.514844 0.269444 0.514062 0.286111
24 0.529687 0.256944 0.529687 0.283333 0.531250 0.280556 0.531250 0.256944 0.529687 0.256944
24 0.357031 0.231944 0.357031 0.247222 0.357812 0.268056 0.358594 0.287500 0.359375 0.308333 0.360156 0.313889 0.360938 0.315278 0.361719 0.318056 0.361719 0.305556 0.360938 0.304167 0.360938 0.277778 0.360156 0.256944 0.359375 0.237500 0.358594 0.236111 0.358594 0.230556 0.357031 0.231944
24 0.825000 0.225000 0.821094 0.226389 0.820312 0.247222 0.820312 0.258333 0.823438 0.259722 0.823438 0.265278 0.822656 0.268056 0.821875 0.270833 0.820312 0.273611 0.819531 0.276389 0.818750 0.279167 0.818750 0.309722 0.823438 0.309722 0.823438 0.298611 0.824219 0.297222 0.824219 0.250000 0.825000 0.248611 0.825000 0.225000
24 0.164062 0.225000 0.163281 0.226389 0.161719 0.226389 0.161719 0.243056 0.162500 0.277778 0.163281 0.312500 0.164844 0.347222 0.164844 0.380556 0.165625 0.381944 0.165625 0.391667 0.167187 0.391667 0.172656 0.390278 0.172656 0.362500 0.171094 0.331944 0.171094 0.302778 0.170313 0.273611 0.169531 0.272222 0.169531 0.244444 0.168750 0.243056 0.168750 0.225000 0.164062 0.225000
24 0.110937 0.206944 0.103906 0.208333 0.103906 0.229167 0.104688 0.263889 0.107031 0.334722 0.107031 0.369444 0.107813 0.370833 0.107813 0.404167 0.117969 0.404167 0.117969 0.384722 0.117188 0.358333 0.114844 0.279167 0.113281 0.252778 0.113281 0.227778 0.112500 0.226389 0.112500 0.206944 0.110937 0.206944
24 0.583594 0.116667 0.583594 0.140278 0.584375 0.141667 0.584375 0.238889 0.585156 0.240278 0.585156 0.311111 0.587500 0.311111 0.587500 0.275000 0.585938 0.119444 0.585156 0.119444 0.583594 0.116667
24 0.822656 0.000000 0.822656 0.037500 0.821875 0.038889 0.821094 0.090278 0.820312 0.143056 0.820312 0.180556 0.821875 0.204167 0.823438 0.204167 0.824219 0.205556 0.825781 0.205556 0.825781 0.137500 0.826562 0.136111 0.827344 0.044444 0.827344 0.000000 0.822656 0.000000
24 0.032031 0.000000 0.032031 0.020833 0.032813 0.043056 0.034375 0.066667 0.041406 0.270833 0.042969 0.338889 0.044531 0.362500 0.043750 0.384722 0.042188 0.384722 0.042188 0.391667 0.041406 0.393056 0.040625 0.408333 0.040625 0.415278 0.041406 0.430556 0.042188 0.431944 0.042188 0.438889 0.057813 0.438889 0.061719 0.436111 0.063281 0.434722 0.064844 0.433333 0.065625 0.426389 0.064844 0.425000 0.064062 0.416667 0.064062 0.408333 0.063281 0.401389 0.062500 0.397222 0.060937 0.390278 0.060156 0.387500 0.057813 0.383333 0.057031 0.366667 0.056250 0.345833 0.053906 0.283333 0.050000 0.156944 0.045312 0.051389 0.045312 0.030556 0.044531 0.009722 0.043750 0.008333 0.043750 0.000000 0.032031 0.000000
2 0.278906 0.315278 0.271875 0.316667 0.269531 0.318056 0.267969 0.320833 0.264062 0.322222 0.258594 0.323611 0.249219 0.323611 0.242969 0.325000 0.241406 0.326389 0.237500 0.330556 0.235156 0.333333 0.232813 0.336111 0.228906 0.343056 0.225781 0.345833 0.224219 0.348611 0.225781 0.351389 0.222656 0.356944 0.219531 0.363889 0.219531 0.388889 0.222656 0.395833 0.224219 0.398611 0.231250 0.397222 0.231250 0.394444 0.232813 0.391667 0.242969 0.391667 0.254688 0.388889 0.265625 0.387500 0.267969 0.388889 0.269531 0.393056 0.273438 0.393056 0.276562 0.390278 0.278125 0.387500 0.278125 0.386111 0.285938 0.384722 0.288281 0.387500 0.292187 0.386111 0.293750 0.384722 0.294531 0.381944 0.294531 0.379167 0.296094 0.376389 0.296875 0.379167 0.302344 0.380556 0.312500 0.380556 0.317969 0.376389 0.321094 0.375000 0.327344 0.373611 0.328125 0.369444 0.329688 0.369444 0.335156 0.370833 0.343750 0.366667 0.349219 0.365278 0.354687 0.365278 0.356250 0.363889 0.356250 0.361111 0.355469 0.347222 0.354687 0.341667 0.353906 0.336111 0.353125 0.333333 0.352344 0.330556 0.349219 0.322222 0.331250 0.322222 0.330469 0.320833 0.306250 0.320833 0.302344 0.319444 0.298438 0.316667 0.291406 0.315278 0.278906 0.315278
2 0.556250 0.312500 0.546875 0.330556 0.546875 0.343056 0.547656 0.344444 0.547656 0.356944 0.549219 0.356944 0.552344 0.359722 0.555469 0.359722 0.559375 0.363889 0.563281 0.365278 0.567187 0.365278 0.569531 0.361111 0.575000 0.359722 0.584375 0.359722 0.585938 0.361111 0.587500 0.363889 0.587500 0.365278 0.596875 0.366667 0.598437 0.365278 0.598437 0.355556 0.597656 0.341667 0.596875 0.333333 0.596094 0.329167 0.595313 0.326389 0.594531 0.323611 0.592187 0.318056 0.589844 0.312500 0.556250 0.312500
2 0.451562 0.300000 0.442969 0.301389 0.435937 0.302778 0.428906 0.304167 0.424219 0.312500 0.419531 0.312500 0.415625 0.315278 0.411719 0.315278 0.407813 0.318056 0.405469 0.320833 0.389062 0.320833 0.385156 0.322222 0.382812 0.323611 0.381250 0.326389 0.377344 0.326389 0.376563 0.331944 0.376563 0.334722 0.378906 0.340278 0.382812 0.347222 0.392188 0.347222 0.399219 0.345833 0.405469 0.343056 0.413281 0.344444 0.412500 0.350000 0.410156 0.363889 0.410156 0.372222 0.410938 0.402778 0.411719 0.404167 0.411719 0.418056 0.449219 0.418056 0.450000 0.419444 0.488281 0.419444 0.491406 0.418056 0.492969 0.416667 0.493750 0.413889 0.494531 0.401389 0.495312 0.375000 0.505469 0.375000 0.505469 0.358333 0.507031 0.338889 0.519531 0.337500 0.523438 0.338889 0.523438 0.340278 0.530469 0.341667 0.530469 0.326389 0.529687 0.323611 0.528906 0.320833 0.527344 0.316667 0.525781 0.315278 0.524219 0.315278 0.521875 0.312500 0.517969 0.311111 0.512500 0.311111 0.508594 0.318056 0.503125 0.319444 0.500000 0.318056 0.496875 0.309722 0.493750 0.304167 0.485938 0.305556 0.482812 0.305556 0.481250 0.302778 0.471094 0.302778 0.463281 0.300000 0.451562 0.300000
2 0.992188 0.229167 0.992969 0.230556 0.999219 0.230556 0.999219 0.234722 0.996875 0.234722 0.996094 0.236111 0.982812 0.237500 0.992188 0.238889 0.992969 0.240278 0.999219 0.240278 0.999219 0.536111 0.994531 0.538889 0.975000 0.545833 0.971094 0.545833 0.946875 0.555556 0.939063 0.558333 0.934375 0.558333 0.927344 0.556944 0.920312 0.555556 0.914062 0.554167 0.912500 0.552778 0.908594 0.547222 0.904687 0.543056 0.902344 0.541667 0.896875 0.538889 0.828906 0.506944 0.811719 0.498611 0.803125 0.494444 0.791406 0.487500 0.784375 0.483333 0.764062 0.470833 0.754687 0.465278 0.750000 0.462500 0.748437 0.461111 0.746875 0.458333 0.746094 0.458333 0.745313 0.456944 0.744531 0.454167 0.743750 0.451389 0.742969 0.444444 0.742188 0.436111 0.740625 0.434722 0.736719 0.434722 0.731250 0.431944 0.717969 0.433333 0.718750 0.437500 0.717969 0.444444 0.714063 0.445833 0.707812 0.444444 0.706250 0.443056 0.700000 0.431944 0.700781 0.429167 0.691406 0.426389 0.675781 0.426389 0.672656 0.425000 0.667188 0.422222 0.664062 0.420833 0.661719 0.416667 0.660156 0.412500 0.659375 0.404167 0.657813 0.402778 0.651563 0.401389 0.649219 0.401389 0.647656 0.406944 0.647656 0.409722 0.643750 0.412500 0.642188 0.412500 0.641406 0.411111 0.639062 0.411111 0.638281 0.409722 0.636719 0.409722 0.637500 0.397222 0.619531 0.395833 0.617969 0.393056 0.617188 0.388889 0.617188 0.381944 0.613281 0.381944 0.612500 0.386111 0.611719 0.388889 0.610156 0.388889 0.609375 0.390278 0.606250 0.390278 0.604688 0.388889 0.603906 0.380556 0.602344 0.375000 0.602344 0.356944 0.603906 0.343056 0.604688 0.336111 0.607031 0.327778 0.609375 0.322222 0.612500 0.323611 0.614844 0.319444 0.617188 0.312500 0.619531 0.308333 0.624219 0.301389 0.625781 0.300000 0.630469 0.298611 0.634375 0.298611 0.636719 0.300000 0.639062 0.302778 0.653125 0.304167 0.656250 0.304167 0.657813 0.302778 0.659375 0.300000 0.678906 0.300000 0.678906 0.305556 0.680469 0.308333 0.687500 0.309722 0.701562 0.309722 0.710938 0.311111 0.723437 0.315278 0.727344 0.316667 0.729688 0.318056 0.732031 0.320833 0.735156 0.320833 0.743750 0.311111 0.745313 0.309722 0.747656 0.308333 0.750000 0.306944 0.753125 0.305556 0.780469 0.304167 0.801562 0.304167 0.817969 0.311111 0.829688 0.311111 0.830469 0.312500 0.839844 0.313889 0.839844 0.313889 0.835938 0.320833 0.836719 0.327778 0.837500 0.327778 0.840625 0.320833 0.839844 0.313889 0.839844 0.313889 0.843750 0.311111 0.859375 0.290278 0.864844 0.283333 0.867188 0.280556 0.869531 0.277778 0.878125 0.269444 0.882812 0.265278 0.888281 0.259722 0.890625 0.258333 0.892969 0.256944 0.903125 0.252778 0.910937 0.248611 0.923438 0.238889 0.925781 0.237500 0.930469 0.236111 0.937500 0.234722 0.952344 0.236111 0.962500 0.236111 0.964844 0.234722 0.967187 0.231944 0.969531 0.230556 0.982812 0.229167 0.992188 0.229167
