25 0.713281 0.509722 0.711719 0.511111 0.712500 0.513889 0.713281 0.518056 0.712500 0.526389 0.710156 0.527778 0.707031 0.529167 0.703906 0.529167 0.703125 0.526389 0.700781 0.525000 0.702344 0.527778 0.703906 0.533333 0.706250 0.537500 0.707812 0.541667 0.708594 0.544444 0.704688 0.547222 0.696094 0.547222 0.710156 0.547222 0.724219 0.545833 0.733594 0.544444 0.743750 0.541667 0.743750 0.540278 0.745313 0.536111 0.743750 0.534722 0.741406 0.534722 0.739844 0.533333 0.738281 0.530556 0.738281 0.527778 0.737500 0.525000 0.735156 0.520833 0.727344 0.508333 0.713281 0.509722
25 0.901563 0.451389 0.900781 0.452778 0.897656 0.452778 0.891406 0.455556 0.888281 0.456944 0.886719 0.458333 0.886719 0.483333 0.887500 0.518056 0.888281 0.519444 0.888281 0.523611 0.889844 0.522222 0.891406 0.519444 0.892969 0.518056 0.902344 0.518056 0.904687 0.512500 0.905469 0.509722 0.905469 0.505556 0.904687 0.497222 0.903125 0.486111 0.903906 0.454167 0.903906 0.451389 0.901563 0.451389
25 0.810937 0.440278 0.802344 0.455556 0.800781 0.462500 0.799219 0.463889 0.795312 0.465278 0.788281 0.469444 0.786719 0.470833 0.784375 0.473611 0.782031 0.477778 0.781250 0.477778 0.779687 0.480556 0.779687 0.498611 0.783594 0.512500 0.785937 0.516667 0.786719 0.516667 0.788281 0.519444 0.786719 0.520833 0.785937 0.522222 0.782031 0.522222 0.777344 0.525000 0.810937 0.525000 0.845313 0.527778 0.878125 0.526389 0.876563 0.525000 0.876563 0.490278 0.875000 0.469444 0.875000 0.465278 0.875781 0.450000 0.874219 0.444444 0.874219 0.441667 0.867969 0.440278 0.864062 0.440278 0.861719 0.444444 0.859375 0.445833 0.856250 0.448611 0.854688 0.447222 0.850781 0.440278 0.810937 0.440278
25 0.967187 0.426389 0.965625 0.427778 0.964063 0.429167 0.962500 0.431944 0.961719 0.431944 0.960938 0.433333 0.960156 0.436111 0.959375 0.438889 0.958594 0.443056 0.958594 0.445833 0.959375 0.447222 0.959375 0.451389 0.960156 0.454167 0.966406 0.455556 0.972656 0.454167 0.985156 0.451389 0.991406 0.450000 0.995313 0.447222 0.996094 0.441667 0.996094 0.434722 0.992188 0.427778 0.983594 0.427778 0.981250 0.430556 0.978906 0.431944 0.975000 0.431944 0.972656 0.430556 0.968750 0.426389 0.967187 0.426389
25 0.303125 0.412500 0.306250 0.413889 0.309375 0.415278 0.312500 0.416667 0.313281 0.426389 0.316406 0.431944 0.318750 0.434722 0.321094 0.436111 0.322656 0.436111 0.325781 0.433333 0.328125 0.429167 0.330469 0.426389 0.332813 0.426389 0.333594 0.425000 0.335156 0.425000 0.337500 0.429167 0.340625 0.430556 0.342187 0.429167 0.343750 0.429167 0.346094 0.426389 0.347656 0.426389 0.348438 0.422222 0.350000 0.419444 0.353125 0.418056 0.355469 0.418056 0.357031 0.423611 0.356250 0.433333 0.357812 0.437500 0.360156 0.438889 0.361719 0.440278 0.361719 0.448611 0.360938 0.451389 0.358594 0.452778 0.358594 0.458333 0.360156 0.455556 0.361719 0.455556 0.363281 0.458333 0.371094 0.458333 0.375781 0.455556 0.380469 0.456944 0.381250 0.455556 0.385937 0.455556 0.385937 0.450000 0.387500 0.448611 0.389844 0.448611 0.392969 0.445833 0.394531 0.445833 0.396094 0.450000 0.396875 0.445833 0.399219 0.447222 0.400781 0.451389 0.400781 0.452778 0.404687 0.451389 0.407813 0.451389 0.409375 0.455556 0.410938 0.456944 0.414844 0.452778 0.414844 0.452778 0.414062 0.463889 0.415625 0.473611 0.417187 0.470833 0.416406 0.454167 0.414844 0.452778 0.414844 0.452778 0.418750 0.458333 0.423438 0.459722 0.425781 0.461111 0.427344 0.462500 0.428906 0.465278 0.429688 0.473611 0.430469 0.476389 0.431250 0.477778 0.433594 0.479167 0.432812 0.486111 0.434375 0.490278 0.438281 0.491667 0.439844 0.498611 0.441406 0.501389 0.442969 0.501389 0.445312 0.497222 0.448437 0.497222 0.446875 0.504167 0.446094 0.506944 0.424219 0.508333 0.423438 0.505556 0.401562 0.506944 0.400781 0.509722 0.398438 0.519444 0.396875 0.522222 0.391406 0.522222 0.391406 0.519444 0.389062 0.518056 0.387500 0.512500 0.387500 0.506944 0.386719 0.504167 0.383594 0.498611 0.367188 0.500000 0.360938 0.500000 0.354687 0.494444 0.352344 0.493056 0.343750 0.504167 0.342187 0.505556 0.338281 0.506944 0.336719 0.509722 0.333594 0.516667 0.328906 0.522222 0.327344 0.523611 0.317969 0.520833 0.314063 0.518056 0.301563 0.515278 0.297656 0.513889 0.293750 0.512500 0.292969 0.511111 0.290625 0.511111 0.290625 0.502778 0.291406 0.447222 0.292187 0.445833 0.292187 0.429167 0.296094 0.429167 0.297656 0.426389 0.297656 0.419444 0.300000 0.415278 0.303125 0.412500
25 0.228125 0.384722 0.228125 0.387500 0.226562 0.388889 0.226562 0.466667 0.231250 0.466667 0.267188 0.463889 0.277344 0.465278 0.277344 0.506944 0.280469 0.506944 0.281250 0.508333 0.285156 0.509722 0.285156 0.472222 0.285938 0.470833 0.285938 0.426389 0.281250 0.426389 0.280469 0.425000 0.271875 0.425000 0.271094 0.431944 0.269531 0.433333 0.267969 0.433333 0.264844 0.430556 0.260937 0.430556 0.258594 0.433333 0.257031 0.430556 0.257031 0.426389 0.253125 0.426389 0.253125 0.420833 0.251563 0.420833 0.250781 0.419444 0.245312 0.419444 0.247656 0.413889 0.247656 0.409722 0.246094 0.402778 0.244531 0.401389 0.242188 0.401389 0.240625 0.405556 0.237500 0.404167 0.235937 0.401389 0.237500 0.397222 0.237500 0.393056 0.236719 0.390278 0.234375 0.386111 0.231250 0.384722 0.228125 0.384722
25 0.145313 0.291667 0.146875 0.293056 0.148438 0.295833 0.149219 0.298611 0.148438 0.301389 0.153125 0.306944 0.160156 0.306944 0.161719 0.304167 0.162500 0.304167 0.163281 0.302778 0.164062 0.298611 0.167187 0.297222 0.168750 0.298611 0.170313 0.301389 0.172656 0.301389 0.173437 0.300000 0.176563 0.300000 0.179688 0.305556 0.183594 0.308333 0.185938 0.308333 0.186719 0.312500 0.188281 0.315278 0.191406 0.315278 0.196875 0.313889 0.196875 0.319444 0.199219 0.323611 0.202344 0.327778 0.204687 0.329167 0.206250 0.331944 0.207031 0.331944 0.207813 0.333333 0.208594 0.336111 0.209375 0.343056 0.210156 0.345833 0.208594 0.345833 0.206250 0.350000 0.205469 0.352778 0.204687 0.356944 0.205469 0.362500 0.208594 0.365278 0.210938 0.365278 0.212500 0.366667 0.211719 0.375000 0.209375 0.381944 0.207813 0.384722 0.205469 0.386111 0.207813 0.387500 0.209375 0.391667 0.209375 0.381944 0.211719 0.375000 0.216406 0.379167 0.218750 0.383333 0.220312 0.381944 0.221094 0.379167 0.222656 0.379167 0.224219 0.380556 0.221875 0.380556 0.221094 0.466667 0.212500 0.466667 0.211719 0.468056 0.192188 0.468056 0.185938 0.465278 0.179688 0.461111 0.176563 0.461111 0.164844 0.455556 0.161719 0.454167 0.160938 0.452778 0.159375 0.452778 0.159375 0.440278 0.158594 0.433333 0.155469 0.430556 0.146094 0.429167 0.137500 0.427778 0.091406 0.420833 0.073438 0.418056 0.063281 0.418056 0.062500 0.419444 0.050781 0.420833 0.039844 0.422222 0.036719 0.415278 0.026562 0.393056 0.024219 0.386111 0.021875 0.381944 0.030469 0.380556 0.032813 0.386111 0.034375 0.390278 0.035156 0.393056 0.036719 0.401389 0.038281 0.393056 0.039062 0.388889 0.041406 0.381944 0.042188 0.380556 0.045312 0.376389 0.047656 0.375000 0.049219 0.372222 0.050781 0.370833 0.052344 0.372222 0.054688 0.376389 0.056250 0.377778 0.060937 0.377778 0.064062 0.372222 0.066406 0.369444 0.067969 0.369444 0.071094 0.375000 0.071875 0.375000 0.073438 0.377778 0.079687 0.372222 0.083594 0.365278 0.082031 0.362500 0.078906 0.359722 0.076563 0.356944 0.075000 0.354167 0.073438 0.350000 0.072656 0.345833 0.072656 0.343056 0.077344 0.331944 0.080469 0.325000 0.082031 0.326389 0.084375 0.327778 0.086719 0.327778 0.089063 0.326389 0.091406 0.325000 0.095312 0.318056 0.097656 0.315278 0.101562 0.311111 0.103125 0.309722 0.107031 0.309722 0.113281 0.313889 0.117188 0.313889 0.119531 0.309722 0.129688 0.300000 0.131250 0.298611 0.132812 0.297222 0.139063 0.298611 0.142969 0.293056 0.145313 0.291667
25 0.685937 0.238889 0.685937 0.247222 0.686719 0.262500 0.687500 0.263889 0.687500 0.277778 0.691406 0.337500 0.692187 0.366667 0.692969 0.368056 0.692969 0.380556 0.695312 0.379167 0.696094 0.377778 0.696875 0.377778 0.701562 0.373611 0.704688 0.373611 0.707812 0.375000 0.713281 0.380556 0.732031 0.379167 0.732031 0.377778 0.732812 0.375000 0.731250 0.370833 0.728906 0.366667 0.728906 0.363889 0.729688 0.361111 0.731250 0.358333 0.733594 0.355556 0.736719 0.352778 0.741406 0.348611 0.757031 0.347222 0.757812 0.340278 0.758594 0.337500 0.756250 0.334722 0.753906 0.333333 0.752344 0.330556 0.750781 0.329167 0.747656 0.330556 0.744531 0.331944 0.743750 0.333333 0.741406 0.331944 0.741406 0.316667 0.736719 0.318056 0.732031 0.319444 0.727344 0.320833 0.725781 0.323611 0.725000 0.315278 0.723437 0.313889 0.721094 0.312500 0.718750 0.309722 0.715625 0.311111 0.714844 0.313889 0.714844 0.318056 0.714063 0.320833 0.707812 0.320833 0.708594 0.304167 0.710156 0.302778 0.712500 0.301389 0.715625 0.297222 0.717969 0.295833 0.719531 0.294444 0.721094 0.288889 0.721875 0.283333 0.721875 0.279167 0.717969 0.273611 0.704688 0.255556 0.700000 0.247222 0.696875 0.243056 0.689063 0.243056 0.685937 0.238889
25 0.589844 0.215278 0.589063 0.218056 0.589063 0.225000 0.588281 0.229167 0.585938 0.237500 0.580469 0.245833 0.577344 0.244444 0.571875 0.241667 0.565625 0.238889 0.560937 0.241667 0.560937 0.254167 0.562500 0.252778 0.564844 0.251389 0.566406 0.250000 0.569531 0.254167 0.573438 0.254167 0.575000 0.256944 0.575000 0.258333 0.576562 0.261111 0.578125 0.262500 0.582812 0.265278 0.582812 0.268056 0.581250 0.270833 0.576562 0.270833 0.576562 0.275000 0.582812 0.286111 0.583594 0.288889 0.582812 0.293056 0.581250 0.293056 0.579688 0.294444 0.578125 0.291667 0.571094 0.291667 0.569531 0.297222 0.569531 0.300000 0.571094 0.304167 0.573438 0.309722 0.578906 0.319444 0.574219 0.320833 0.573438 0.326389 0.572656 0.327778 0.568750 0.331944 0.567969 0.340278 0.568750 0.343056 0.571094 0.348611 0.574219 0.347222 0.577344 0.344444 0.582031 0.343056 0.585938 0.343056 0.587500 0.344444 0.590625 0.348611 0.593750 0.350000 0.596875 0.350000 0.599219 0.351389 0.603125 0.358333 0.603906 0.362500 0.607031 0.365278 0.610156 0.363889 0.612500 0.366667 0.614844 0.370833 0.620313 0.376389 0.623437 0.381944 0.624219 0.384722 0.625781 0.393056 0.627344 0.391667 0.630469 0.388889 0.632031 0.388889 0.633594 0.390278 0.636719 0.394444 0.639062 0.395833 0.642969 0.393056 0.648438 0.393056 0.649219 0.395833 0.649219 0.398611 0.655469 0.420833 0.647656 0.420833 0.646875 0.416667 0.646875 0.413889 0.639844 0.413889 0.639844 0.438889 0.641406 0.450000 0.642188 0.450000 0.643750 0.452778 0.646875 0.455556 0.649219 0.458333 0.653125 0.458333 0.655469 0.462500 0.656250 0.459722 0.657031 0.455556 0.659375 0.450000 0.660156 0.452778 0.660937 0.454167 0.660937 0.462500 0.661719 0.463889 0.661719 0.472222 0.662500 0.475000 0.667188 0.473611 0.667188 0.450000 0.664844 0.438889 0.664844 0.422222 0.665625 0.404167 0.666406 0.390278 0.671094 0.381944 0.678125 0.380556 0.678125 0.377778 0.679688 0.375000 0.685937 0.375000 0.685937 0.358333 0.685156 0.340278 0.680469 0.248611 0.680469 0.231944 0.678906 0.230556 0.677344 0.229167 0.672656 0.229167 0.666406 0.237500 0.658594 0.236111 0.655469 0.234722 0.651563 0.229167 0.650781 0.227778 0.650781 0.226389 0.648438 0.219444 0.646875 0.219444 0.646094 0.220833 0.642969 0.222222 0.639844 0.222222 0.630469 0.227778 0.628906 0.229167 0.624219 0.227778 0.618750 0.225000 0.613281 0.225000 0.608594 0.223611 0.606250 0.220833 0.603906 0.219444 0.596094 0.219444 0.592969 0.216667 0.589844 0.215278
24 0.414844 0.454167 0.414844 0.463889 0.415625 0.465278 0.415625 0.472222 0.416406 0.455556 0.414844 0.454167
24 0.375000 0.412500 0.375000 0.416667 0.374219 0.418056 0.374219 0.455556 0.375781 0.454167 0.376563 0.427778 0.376563 0.412500 0.375000 0.412500
24 0.525781 0.411111 0.525781 0.441667 0.526563 0.486111 0.528906 0.490278 0.528906 0.473611 0.528125 0.472222 0.528125 0.411111 0.525781 0.411111
24 0.221875 0.381944 0.221875 0.468056 0.224219 0.468056 0.225781 0.466667 0.225000 0.381944 0.221875 0.381944
24 0.346875 0.373611 0.346875 0.387500 0.346094 0.388889 0.345313 0.406944 0.344531 0.425000 0.347656 0.425000 0.347656 0.420833 0.348438 0.419444 0.348438 0.400000 0.350000 0.379167 0.350000 0.375000 0.348438 0.375000 0.346875 0.373611
24 0.546875 0.369444 0.546875 0.373611 0.548438 0.413889 0.548438 0.459722 0.549219 0.461111 0.549219 0.506944 0.550000 0.508333 0.550000 0.530556 0.551562 0.530556 0.551562 0.513889 0.550781 0.456944 0.550000 0.398611 0.549219 0.397222 0.549219 0.369444 0.546875 0.369444
24 0.939063 0.331944 0.939063 0.356944 0.939844 0.394444 0.940625 0.395833 0.940625 0.431944 0.941406 0.433333 0.941406 0.461111 0.942969 0.459722 0.942969 0.405556 0.942187 0.331944 0.939063 0.331944
24 0.882812 0.312500 0.878125 0.313889 0.877344 0.315278 0.874219 0.315278 0.874219 0.344444 0.875000 0.393056 0.876563 0.441667 0.876563 0.488889 0.877344 0.490278 0.877344 0.525000 0.879687 0.525000 0.880469 0.526389 0.887500 0.526389 0.886719 0.484722 0.885938 0.443056 0.885156 0.402778 0.884375 0.398611 0.882031 0.394444 0.882031 0.390278 0.882812 0.384722 0.884375 0.381944 0.884375 0.376389 0.882812 0.373611 0.882812 0.370833 0.884375 0.368056 0.882812 0.365278 0.882812 0.362500 0.883594 0.320833 0.882812 0.319444 0.882812 0.312500
24 0.288281 0.312500 0.288281 0.326389 0.287500 0.327778 0.286719 0.395833 0.285938 0.472222 0.285156 0.550000 0.285156 0.554167 0.289844 0.554167 0.289844 0.502778 0.290625 0.501389 0.291406 0.445833 0.292187 0.337500 0.292187 0.312500 0.288281 0.312500
24 0.922656 0.309722 0.922656 0.318056 0.924219 0.323611 0.924219 0.326389 0.923438 0.336111 0.923438 0.352778 0.925000 0.358333 0.925781 0.377778 0.925781 0.397222 0.925000 0.423611 0.925781 0.459722 0.926562 0.461111 0.926562 0.468056 0.929688 0.462500 0.934375 0.462500 0.935156 0.461111 0.936719 0.461111 0.936719 0.456944 0.935937 0.430556 0.933594 0.379167 0.933594 0.354167 0.932813 0.329167 0.932031 0.327778 0.932031 0.309722 0.922656 0.309722
24 0.979688 0.244444 0.979688 0.280556 0.982031 0.380556 0.982812 0.381944 0.982812 0.413889 0.983594 0.415278 0.983594 0.426389 0.985156 0.426389 0.985156 0.409722 0.983594 0.379167 0.982812 0.284722 0.983594 0.245833 0.985156 0.255556 0.986719 0.273611 0.987500 0.309722 0.988281 0.379167 0.989062 0.413889 0.989844 0.415278 0.989844 0.426389 0.992188 0.426389 0.992188 0.418056 0.991406 0.383333 0.990625 0.350000 0.989844 0.316667 0.988281 0.283333 0.988281 0.251389 0.987500 0.250000 0.987500 0.244444 0.979688 0.244444
24 0.960938 0.243056 0.960938 0.251389 0.961719 0.283333 0.964844 0.372222 0.964844 0.401389 0.965625 0.402778 0.965625 0.426389 0.967187 0.425000 0.967187 0.395833 0.966406 0.359722 0.964844 0.322222 0.964844 0.243056 0.960938 0.243056
24 0.955469 0.243056 0.955469 0.290278 0.957031 0.358333 0.957812 0.391667 0.958594 0.393056 0.958594 0.425000 0.959375 0.426389 0.959375 0.437500 0.960156 0.434722 0.960156 0.384722 0.958594 0.320833 0.958594 0.258333 0.957812 0.256944 0.957812 0.243056 0.955469 0.243056
24 0.947656 0.243056 0.947656 0.252778 0.948438 0.277778 0.950781 0.326389 0.951562 0.358333 0.951562 0.413889 0.952344 0.415278 0.952344 0.456944 0.954688 0.456944 0.954688 0.443056 0.953906 0.380556 0.953125 0.330556 0.952344 0.295833 0.951562 0.294444 0.951562 0.261111 0.950781 0.259722 0.950781 0.243056 0.947656 0.243056
24 0.887500 0.219444 0.887500 0.227778 0.886719 0.229167 0.886719 0.240278 0.889844 0.240278 0.889844 0.234722 0.890625 0.233333 0.890625 0.226389 0.891406 0.225000 0.891406 0.219444 0.887500 0.219444
24 0.676562 0.097222 0.675781 0.098611 0.674219 0.098611 0.674219 0.105556 0.675000 0.120833 0.676562 0.154167 0.678906 0.202778 0.679688 0.218056 0.681250 0.231944 0.682031 0.250000 0.683594 0.286111 0.686719 0.358333 0.686719 0.377778 0.688281 0.413889 0.690625 0.468056 0.691406 0.486111 0.692187 0.493056 0.692969 0.495833 0.693750 0.498611 0.699219 0.516667 0.700000 0.519444 0.700000 0.513889 0.699219 0.512500 0.699219 0.497222 0.696875 0.465278 0.695312 0.418056 0.694531 0.402778 0.693750 0.387500 0.692187 0.380556 0.691406 0.366667 0.689844 0.336111 0.689063 0.322222 0.686719 0.277778 0.685937 0.262500 0.685156 0.247222 0.685156 0.238889 0.685937 0.222222 0.685156 0.204167 0.682031 0.131944 0.681250 0.113889 0.680469 0.112500 0.680469 0.097222 0.676562 0.097222
24 0.000000 0.027778 0.000000 0.250000 0.001563 0.305556 0.002344 0.333333 0.003125 0.341667 0.003906 0.344444 0.005469 0.348611 0.011719 0.362500 0.013281 0.368056 0.014844 0.370833 0.014844 0.359722 0.014063 0.358333 0.014063 0.341667 0.013281 0.340278 0.013281 0.323611 0.010937 0.270833 0.008594 0.218056 0.005469 0.165278 0.002344 0.077778 0.000781 0.059722 0.000781 0.043056 0.000000 0.041667 0.000000 0.027778
19 0.393750 0.536111 0.392969 0.537500 0.387500 0.538889 0.386719 0.545833 0.385156 0.545833 0.384375 0.551389 0.382031 0.555556 0.379688 0.555556 0.376563 0.550000 0.376563 0.547222 0.375000 0.547222 0.372656 0.550000 0.370312 0.550000 0.369531 0.548611 0.367969 0.548611 0.365625 0.550000 0.365625 0.555556 0.360938 0.556944 0.350000 0.556944 0.348438 0.554167 0.338281 0.554167 0.335938 0.558333 0.331250 0.559722 0.329688 0.558333 0.326562 0.551389 0.321094 0.552778 0.311719 0.556944 0.307031 0.558333 0.285938 0.558333 0.285156 0.559722 0.271875 0.559722 0.271094 0.562500 0.269531 0.562500 0.268750 0.577778 0.264062 0.579167 0.256250 0.577778 0.255469 0.573611 0.253906 0.565278 0.251563 0.566667 0.250000 0.568056 0.249219 0.570833 0.248438 0.573611 0.248438 0.576389 0.247656 0.579167 0.246875 0.581944 0.240625 0.584722 0.228906 0.587500 0.223438 0.587500 0.222656 0.588889 0.221094 0.588889 0.221094 0.601389 0.217188 0.606944 0.212500 0.605556 0.210156 0.602778 0.208594 0.600000 0.207813 0.597222 0.207813 0.591667 0.203906 0.593056 0.203125 0.594444 0.200781 0.594444 0.200000 0.597222 0.196875 0.598611 0.187500 0.598611 0.185938 0.600000 0.185156 0.602778 0.185156 0.605556 0.184375 0.608333 0.183594 0.611111 0.180469 0.613889 0.178125 0.615278 0.168750 0.615278 0.163281 0.613889 0.160938 0.609722 0.160938 0.605556 0.147656 0.605556 0.142187 0.608333 0.141406 0.615278 0.140625 0.618056 0.138281 0.622222 0.135937 0.623611 0.133594 0.625000 0.125000 0.625000 0.121875 0.623611 0.120313 0.622222 0.116406 0.616667 0.114844 0.609722 0.114844 0.602778 0.111719 0.604167 0.111719 0.605556 0.110156 0.608333 0.107813 0.611111 0.106250 0.611111 0.097656 0.609722 0.094531 0.611111 0.092188 0.612500 0.090625 0.615278 0.085156 0.626389 0.071875 0.625000 0.068750 0.626389 0.067969 0.630556 0.067187 0.630556 0.065625 0.633333 0.064062 0.634722 0.061719 0.636111 0.059375 0.637500 0.052344 0.637500 0.046094 0.640278 0.039844 0.640278 0.037500 0.638889 0.034375 0.633333 0.028906 0.633333 0.022656 0.636111 0.017188 0.636111 0.016406 0.637500 0.012500 0.637500 0.011719 0.643056 0.008594 0.644444 0.003906 0.645833 0.002344 0.644444 0.000000 0.640278 0.000781 0.750000 0.003906 0.751389 0.007031 0.752778 0.017188 0.756944 0.037500 0.765278 0.047656 0.768056 0.088281 0.784722 0.107813 0.793056 0.202344 0.833333 0.205469 0.834722 0.210938 0.837500 0.225781 0.845833 0.238281 0.852778 0.265625 0.869444 0.292969 0.884722 0.305469 0.891667 0.310937 0.894444 0.316406 0.894444 0.339844 0.893056 0.410938 0.887500 0.510156 0.887500 0.535937 0.888889 0.561719 0.890278 0.580469 0.891667 0.592187 0.893056 0.603906 0.894444 0.673438 0.902778 0.685156 0.904167 0.693750 0.906944 0.711719 0.912500 0.742969 0.922222 0.756250 0.926389 0.766406 0.930556 0.786719 0.938889 0.824219 0.954167 0.854688 0.966667 0.873437 0.975000 0.905469 0.991667 0.917188 0.997222 0.920312 0.998611 0.999219 0.998611 0.999219 0.737500 0.997656 0.736111 0.993750 0.736111 0.992969 0.734722 0.989062 0.734722 0.984375 0.733333 0.981250 0.731944 0.977344 0.726389 0.975781 0.723611 0.971094 0.713889 0.969531 0.709722 0.967969 0.704167 0.965625 0.695833 0.964844 0.690278 0.964844 0.673611 0.965625 0.669444 0.966406 0.666667 0.960938 0.668056 0.957031 0.666667 0.946875 0.661111 0.943750 0.661111 0.942969 0.665278 0.939063 0.665278 0.935937 0.663889 0.932813 0.662500 0.931250 0.661111 0.927344 0.655556 0.887500 0.655556 0.887500 0.658333 0.886719 0.659722 0.886719 0.666667 0.885938 0.670833 0.881250 0.679167 0.879687 0.680556 0.876563 0.681944 0.873437 0.683333 0.864844 0.683333 0.860156 0.681944 0.857031 0.679167 0.854688 0.673611 0.853125 0.668056 0.850000 0.656944 0.849219 0.652778 0.849219 0.627778 0.846094 0.627778 0.845313 0.626389 0.835156 0.625000 0.819531 0.620833 0.778125 0.609722 0.752344 0.602778 0.747656 0.601389 0.742188 0.600000 0.739062 0.598611 0.733594 0.588889 0.731250 0.586111 0.727344 0.584722 0.721875 0.583333 0.716406 0.581944 0.698438 0.577778 0.692969 0.576389 0.689063 0.577778 0.689063 0.579167 0.688281 0.580556 0.685156 0.584722 0.683594 0.586111 0.681250 0.587500 0.677344 0.588889 0.653125 0.587500 0.653125 0.583333 0.652344 0.586111 0.651563 0.587500 0.650781 0.594444 0.650000 0.604167 0.579688 0.602778 0.578906 0.600000 0.578125 0.594444 0.578125 0.588889 0.577344 0.587500 0.577344 0.584722 0.574219 0.584722 0.573438 0.594444 0.569531 0.594444 0.568750 0.593056 0.563281 0.591667 0.562500 0.588889 0.561719 0.566667 0.562500 0.536111 0.538281 0.536111 0.538281 0.550000 0.539062 0.552778 0.541406 0.556944 0.541406 0.577778 0.542969 0.587500 0.543750 0.604167 0.543750 0.626389 0.542969 0.641667 0.541406 0.644444 0.456250 0.644444 0.454688 0.641667 0.453906 0.641667 0.453125 0.637500 0.439063 0.637500 0.436719 0.633333 0.436719 0.588889 0.414062 0.588889 0.408594 0.587500 0.404687 0.584722 0.404687 0.568056 0.403906 0.566667 0.403906 0.558333 0.396875 0.556944 0.397656 0.540278 0.397656 0.536111 0.393750 0.536111
29 0.570312 0.423611 0.559375 0.425000 0.559375 0.444444 0.568750 0.443056 0.569531 0.440278 0.569531 0.429167 0.570312 0.427778 0.570312 0.423611
29 0.498437 0.405556 0.491406 0.408333 0.491406 0.426389 0.496875 0.427778 0.499219 0.427778 0.501563 0.426389 0.504687 0.425000 0.504687 0.405556 0.498437 0.405556
29 0.314063 0.404167 0.314063 0.426389 0.329688 0.426389 0.329688 0.422222 0.328906 0.404167 0.314063 0.404167
30 0.378906 0.445833 0.378125 0.447222 0.376563 0.447222 0.376563 0.455556 0.380469 0.455556 0.381250 0.454167 0.385937 0.454167 0.385156 0.445833 0.378906 0.445833
30 0.367188 0.447222 0.367188 0.456944 0.371094 0.456944 0.371875 0.455556 0.373437 0.455556 0.372656 0.445833 0.367188 0.447222
27 0.352344 0.494444 0.350781 0.497222 0.350000 0.497222 0.348438 0.500000 0.350000 0.501389 0.360156 0.500000 0.358594 0.498611 0.357031 0.498611 0.354687 0.495833 0.352344 0.494444
27 0.314844 0.427778 0.316406 0.430556 0.317188 0.430556 0.318750 0.433333 0.321094 0.434722 0.322656 0.434722 0.324219 0.433333 0.325781 0.431944 0.328906 0.427778 0.314844 0.427778
27 0.917188 0.319444 0.918750 0.320833 0.917969 0.338889 0.919531 0.352778 0.921875 0.354167 0.923438 0.351389 0.922656 0.336111 0.923438 0.326389 0.923438 0.323611 0.922656 0.322222 0.922656 0.319444 0.917188 0.319444
27 0.889062 0.319444 0.888281 0.320833 0.884375 0.320833 0.884375 0.341667 0.885938 0.341667 0.887500 0.343056 0.887500 0.330556 0.888281 0.327778 0.892188 0.319444 0.889062 0.319444
27 0.983594 0.247222 0.983594 0.284722 0.984375 0.286111 0.984375 0.363889 0.987500 0.363889 0.987500 0.344444 0.986719 0.309722 0.985938 0.273611 0.984375 0.263889 0.984375 0.255556 0.983594 0.254167 0.983594 0.247222
27 0.999219 0.000000 0.999219 0.365278 0.996875 0.365278 0.995313 0.362500 0.993750 0.361111 0.991406 0.362500 0.991406 0.350000 0.990625 0.348611 0.990625 0.316667 0.989844 0.284722 0.989062 0.251389 0.988281 0.244444 0.979688 0.243056 0.978906 0.280556 0.980469 0.315278 0.981250 0.348611 0.981250 0.363889 0.978125 0.368056 0.975781 0.368056 0.969531 0.365278 0.968750 0.363889 0.967187 0.363889 0.967187 0.359722 0.966406 0.358333 0.965625 0.322222 0.965625 0.243056 0.960938 0.241667 0.960156 0.251389 0.960938 0.283333 0.961719 0.312500 0.962500 0.313889 0.962500 0.341667 0.963281 0.343056 0.963281 0.362500 0.963281 0.355556 0.960156 0.354167 0.960156 0.322222 0.959375 0.320833 0.959375 0.258333 0.958594 0.243056 0.955469 0.241667 0.954688 0.290278 0.955469 0.323611 0.956250 0.325000 0.956250 0.354167 0.953906 0.352778 0.953906 0.330556 0.953125 0.329167 0.953125 0.295833 0.952344 0.261111 0.951562 0.243056 0.947656 0.241667 0.946875 0.252778 0.947656 0.277778 0.950000 0.326389 0.950000 0.352778 0.948438 0.356944 0.948438 0.363889 0.944531 0.366667 0.942969 0.368056 0.942969 0.331944 0.939063 0.330556 0.939063 0.358333 0.939063 0.365278 0.936719 0.365278 0.935937 0.363889 0.934375 0.363889 0.934375 0.354167 0.933594 0.352778 0.933594 0.329167 0.932813 0.309722 0.922656 0.308333 0.921875 0.311111 0.912500 0.309722 0.910937 0.309722 0.899219 0.308333 0.895312 0.308333 0.889844 0.311111 0.885156 0.312500 0.883594 0.309722 0.882031 0.309722 0.880469 0.312500 0.874219 0.313889 0.873437 0.341667 0.870313 0.341667 0.870313 0.309722 0.867969 0.308333 0.865625 0.304167 0.867188 0.306944 0.868750 0.308333 0.886719 0.308333 0.889844 0.305556 0.894531 0.304167 0.918750 0.304167 0.934375 0.302778 0.935937 0.301389 0.939063 0.295833 0.939844 0.293056 0.939844 0.284722 0.939063 0.251389 0.938281 0.248611 0.935156 0.243056 0.933594 0.241667 0.905469 0.241667 0.891406 0.233333 0.891406 0.226389 0.892188 0.225000 0.892188 0.219444 0.887500 0.218056 0.885938 0.229167 0.885938 0.240278 0.889844 0.241667 0.891406 0.233333 0.905469 0.241667 0.868750 0.243056 0.867188 0.244444 0.864062 0.250000 0.863281 0.252778 0.864062 0.272222 0.864062 0.275000 0.864062 0.287500 0.863281 0.290278 0.863281 0.293056 0.861719 0.295833 0.860938 0.295833 0.859375 0.298611 0.846094 0.297222 0.832031 0.295833 0.831250 0.294444 0.825000 0.294444 0.824219 0.290278 0.823438 0.290278 0.818750 0.283333 0.811719 0.275000 0.810156 0.273611 0.807813 0.273611 0.800000 0.280556 0.794531 0.280556 0.793750 0.286111 0.792188 0.288889 0.781250 0.288889 0.769531 0.286111 0.758594 0.286111 0.757812 0.284722 0.753125 0.284722 0.753125 0.279167 0.746094 0.277778 0.739062 0.279167 0.736719 0.280556 0.735938 0.286111 0.732031 0.288889 0.727344 0.281944 0.721875 0.275000 0.719531 0.272222 0.716406 0.270833 0.713281 0.266667 0.704688 0.254167 0.700000 0.245833 0.696875 0.241667 0.689063 0.241667 0.686719 0.237500 0.685937 0.220833 0.683594 0.150000 0.682031 0.113889 0.681250 0.097222 0.676562 0.095833 0.674219 0.097222 0.673438 0.105556 0.674219 0.120833 0.677344 0.170833 0.678125 0.202778 0.678906 0.218056 0.679688 0.219444 0.679688 0.230556 0.677344 0.227778 0.672656 0.227778 0.668750 0.233333 0.666406 0.236111 0.658594 0.234722 0.655469 0.233333 0.651563 0.227778 0.650000 0.223611 0.649219 0.219444 0.646875 0.218056 0.646094 0.219444 0.642969 0.220833 0.639844 0.220833 0.634375 0.225000 0.630469 0.226389 0.624219 0.226389 0.618750 0.223611 0.613281 0.223611 0.608594 0.222222 0.606250 0.219444 0.603906 0.218056 0.596094 0.218056 0.592969 0.215278 0.589844 0.213889 0.589063 0.216667 0.588281 0.218056 0.588281 0.225000 0.587500 0.229167 0.585156 0.237500 0.581250 0.244444 0.577344 0.243056 0.571875 0.240278 0.567187 0.236111 0.565625 0.237500 0.561719 0.238889 0.560156 0.241667 0.560937 0.255556 0.564844 0.252778 0.569531 0.255556 0.574219 0.256944 0.576562 0.262500 0.578125 0.263889 0.580469 0.265278 0.582031 0.265278 0.582031 0.268056 0.576562 0.269444 0.575781 0.275000 0.582031 0.286111 0.582812 0.288889 0.582812 0.291667 0.580469 0.293056 0.578125 0.290278 0.570312 0.291667 0.569531 0.294444 0.568750 0.297222 0.568750 0.300000 0.570312 0.304167 0.572656 0.309722 0.578125 0.319444 0.574219 0.319444 0.573438 0.323611 0.572656 0.326389 0.569531 0.330556 0.568750 0.330556 0.567187 0.333333 0.567969 0.341667 0.567969 0.345833 0.566406 0.348611 0.565625 0.352778 0.563281 0.352778 0.562500 0.401389 0.553125 0.412500 0.550781 0.413889 0.550781 0.398611 0.550000 0.397222 0.550000 0.369444 0.546875 0.368056 0.546094 0.373611 0.547656 0.413889 0.546875 0.419444 0.546094 0.419444 0.542188 0.425000 0.539844 0.426389 0.538281 0.429167 0.537500 0.429167 0.536719 0.463889 0.534375 0.463889 0.533594 0.461111 0.528906 0.461111 0.528906 0.411111 0.525781 0.409722 0.525781 0.443056 0.525781 0.461111 0.520312 0.462500 0.519531 0.458333 0.517188 0.452778 0.515625 0.455556 0.514844 0.459722 0.510938 0.466667 0.510938 0.463889 0.510156 0.459722 0.508594 0.455556 0.508594 0.451389 0.509375 0.443056 0.496094 0.440278 0.496875 0.429167 0.499219 0.429167 0.502344 0.426389 0.504687 0.426389 0.505469 0.405556 0.498437 0.404167 0.492188 0.405556 0.490625 0.408333 0.490625 0.426389 0.496875 0.429167 0.496094 0.440278 0.459375 0.440278 0.458594 0.444444 0.459375 0.452778 0.455469 0.452778 0.454688 0.476389 0.451562 0.487500 0.450000 0.493056 0.449219 0.495833 0.445312 0.495833 0.442969 0.500000 0.440625 0.498611 0.439844 0.495833 0.439844 0.493056 0.438281 0.490278 0.434375 0.488889 0.433594 0.477778 0.431250 0.476389 0.430469 0.473611 0.429688 0.465278 0.427344 0.461111 0.425781 0.459722 0.423438 0.458333 0.418750 0.456944 0.415625 0.451389 0.410938 0.455556 0.409375 0.454167 0.408594 0.452778 0.408594 0.451389 0.404687 0.450000 0.401562 0.452778 0.400000 0.447222 0.399219 0.445833 0.396875 0.444444 0.396875 0.433333 0.394531 0.444444 0.392969 0.444444 0.389844 0.447222 0.385937 0.448611 0.385937 0.445833 0.378125 0.445833 0.376563 0.445833 0.377344 0.427778 0.377344 0.412500 0.375000 0.411111 0.373437 0.418056 0.373437 0.445833 0.371875 0.444444 0.367188 0.445833 0.366406 0.456944 0.363281 0.456944 0.361719 0.454167 0.360156 0.454167 0.358594 0.456944 0.358594 0.454167 0.360938 0.452778 0.361719 0.451389 0.362500 0.448611 0.361719 0.438889 0.360156 0.437500 0.359375 0.437500 0.357812 0.436111 0.357812 0.423611 0.357031 0.420833 0.356250 0.418056 0.353125 0.416667 0.350000 0.418056 0.348438 0.420833 0.349219 0.400000 0.350781 0.379167 0.350781 0.375000 0.348438 0.373611 0.345313 0.388889 0.344531 0.406944 0.343750 0.425000 0.345313 0.426389 0.342187 0.427778 0.337500 0.427778 0.335156 0.423611 0.333594 0.423611 0.330469 0.425000 0.330469 0.422222 0.329688 0.420833 0.329688 0.404167 0.314063 0.402778 0.313281 0.416667 0.310156 0.415278 0.306250 0.412500 0.303125 0.411111 0.300000 0.413889 0.296875 0.419444 0.296875 0.426389 0.292187 0.427778 0.292969 0.337500 0.292969 0.312500 0.288281 0.311111 0.286719 0.327778 0.286719 0.394444 0.285938 0.395833 0.285938 0.425000 0.281250 0.425000 0.271875 0.423611 0.271094 0.430556 0.269531 0.431944 0.267969 0.431944 0.264844 0.429167 0.260937 0.429167 0.258594 0.431944 0.257812 0.426389 0.253906 0.426389 0.253906 0.420833 0.250781 0.418056 0.247656 0.418056 0.246094 0.419444 0.247656 0.416667 0.248438 0.413889 0.248438 0.409722 0.247656 0.404167 0.246094 0.401389 0.244531 0.400000 0.242188 0.400000 0.240625 0.404167 0.236719 0.401389 0.238281 0.397222 0.238281 0.393056 0.237500 0.390278 0.234375 0.384722 0.231250 0.383333 0.228125 0.383333 0.227344 0.387500 0.226562 0.383333 0.224219 0.379167 0.222656 0.377778 0.221094 0.377778 0.219531 0.381944 0.216406 0.377778 0.214062 0.376389 0.212500 0.376389 0.210156 0.380556 0.209375 0.383333 0.209375 0.390278 0.208594 0.387500 0.206250 0.386111 0.207813 0.386111 0.210156 0.381944 0.212500 0.376389 0.213281 0.373611 0.212500 0.365278 0.210938 0.363889 0.208594 0.363889 0.207813 0.362500 0.206250 0.362500 0.205469 0.356944 0.206250 0.352778 0.207031 0.350000 0.208594 0.347222 0.210156 0.347222 0.210156 0.343056 0.209375 0.336111 0.208594 0.333333 0.207031 0.330556 0.204687 0.327778 0.202344 0.326389 0.200000 0.322222 0.199219 0.322222 0.197656 0.319444 0.197656 0.313889 0.191406 0.313889 0.188281 0.313889 0.187500 0.309722 0.185938 0.306944 0.183594 0.306944 0.179688 0.304167 0.176563 0.298611 0.173437 0.298611 0.172656 0.300000 0.170313 0.300000 0.168750 0.297222 0.167187 0.295833 0.164844 0.295833 0.163281 0.298611 0.162500 0.302778 0.160156 0.305556 0.153125 0.305556 0.150781 0.302778 0.149219 0.301389 0.150000 0.298611 0.149219 0.295833 0.146875 0.291667 0.145313 0.290278 0.142969 0.291667 0.139844 0.297222 0.132812 0.295833 0.131250 0.297222 0.129688 0.298611 0.122656 0.305556 0.119531 0.308333 0.117188 0.312500 0.113281 0.312500 0.107031 0.308333 0.103125 0.308333 0.101562 0.309722 0.097656 0.313889 0.095312 0.316667 0.091406 0.323611 0.089063 0.325000 0.086719 0.326389 0.084375 0.326389 0.082031 0.325000 0.079687 0.325000 0.076563 0.331944 0.074219 0.337500 0.071875 0.343056 0.071875 0.345833 0.072656 0.350000 0.074219 0.354167 0.076563 0.358333 0.079687 0.361111 0.082812 0.365278 0.079687 0.370833 0.075000 0.375000 0.073438 0.376389 0.071875 0.373611 0.071094 0.373611 0.067969 0.368056 0.066406 0.368056 0.064062 0.370833 0.060937 0.376389 0.056250 0.376389 0.054688 0.375000 0.052344 0.370833 0.050781 0.369444 0.049219 0.370833 0.047656 0.373611 0.045312 0.375000 0.042969 0.379167 0.042188 0.379167 0.040625 0.381944 0.038281 0.388889 0.037500 0.395833 0.036719 0.397222 0.036719 0.400000 0.036719 0.397222 0.035937 0.395833 0.035937 0.393056 0.035156 0.390278 0.033594 0.386111 0.031250 0.380556 0.023438 0.379167 0.022656 0.380556 0.021094 0.381944 0.023438 0.386111 0.025781 0.393056 0.032813 0.406944 0.035937 0.413889 0.039062 0.422222 0.037500 0.422222 0.035937 0.425000 0.035937 0.429167 0.035156 0.430556 0.035156 0.433333 0.032031 0.433333 0.025000 0.431944 0.020313 0.430556 0.016406 0.429167 0.013281 0.427778 0.010156 0.426389 0.003125 0.422222 0.000781 0.420833 0.000000 0.251389 0.000000 0.277778 0.000781 0.279167 0.000781 0.305556 0.001563 0.333333 0.002344 0.341667 0.003125 0.344444 0.004687 0.348611 0.012500 0.368056 0.014844 0.372222 0.015625 0.359722 0.014844 0.341667 0.014063 0.340278 0.014063 0.323611 0.011719 0.270833 0.009375 0.218056 0.005469 0.130556 0.003125 0.077778 0.001563 0.043056 0.000000 0.026389 0.000000 0.000000 0.999219 0.000000
3 0.367969 0.500000 0.360156 0.501389 0.351562 0.502778 0.347656 0.504167 0.343750 0.505556 0.340625 0.506944 0.337500 0.509722 0.337500 0.511111 0.332813 0.522222 0.332813 0.523611 0.332031 0.525000 0.330469 0.526389 0.325781 0.530556 0.326562 0.547222 0.327344 0.552778 0.329688 0.556944 0.332031 0.558333 0.335938 0.556944 0.338281 0.552778 0.348438 0.552778 0.350000 0.555556 0.360938 0.555556 0.361719 0.554167 0.365625 0.554167 0.364844 0.550000 0.367188 0.548611 0.367969 0.547222 0.369531 0.547222 0.370312 0.548611 0.372656 0.548611 0.375000 0.545833 0.377344 0.547222 0.377344 0.550000 0.379688 0.554167 0.382031 0.554167 0.383594 0.551389 0.385156 0.544444 0.386719 0.544444 0.386719 0.538889 0.389844 0.533333 0.390625 0.526389 0.390625 0.519444 0.389062 0.519444 0.387500 0.516667 0.386719 0.512500 0.386719 0.506944 0.385937 0.504167 0.383594 0.500000 0.367969 0.500000
3 0.644531 0.476389 0.645312 0.480556 0.650000 0.495833 0.650000 0.523611 0.653125 0.530556 0.653125 0.581944 0.653906 0.583333 0.653906 0.587500 0.677344 0.587500 0.681250 0.586111 0.683594 0.584722 0.685156 0.583333 0.688281 0.579167 0.689063 0.576389 0.689844 0.573611 0.689844 0.568056 0.690625 0.565278 0.691406 0.562500 0.694531 0.555556 0.696094 0.550000 0.695312 0.547222 0.696875 0.545833 0.697656 0.540278 0.698438 0.536111 0.699219 0.530556 0.699219 0.518056 0.697656 0.512500 0.694531 0.501389 0.691406 0.491667 0.669531 0.493056 0.668750 0.479167 0.667969 0.476389 0.644531 0.476389
3 0.459375 0.441667 0.459375 0.444444 0.459375 0.454167 0.455469 0.454167 0.455469 0.475000 0.462500 0.475000 0.478125 0.473611 0.494531 0.470833 0.509375 0.470833 0.510156 0.468056 0.510156 0.463889 0.509375 0.459722 0.507812 0.455556 0.507812 0.451389 0.508594 0.443056 0.496875 0.443056 0.496094 0.441667 0.459375 0.441667
3 0.063281 0.419444 0.062500 0.420833 0.051562 0.420833 0.040625 0.422222 0.036719 0.425000 0.036719 0.429167 0.035156 0.434722 0.032813 0.451389 0.021094 0.536111 0.020313 0.541667 0.019531 0.544444 0.018750 0.547222 0.010937 0.572222 0.009375 0.576389 0.007812 0.579167 0.006250 0.580556 0.003906 0.580556 0.000000 0.583333 0.000000 0.638889 0.002344 0.643056 0.004687 0.644444 0.008594 0.643056 0.009375 0.641667 0.011719 0.641667 0.012500 0.636111 0.017188 0.634722 0.028906 0.631944 0.034375 0.631944 0.037500 0.637500 0.039844 0.638889 0.046094 0.638889 0.052344 0.636111 0.059375 0.636111 0.061719 0.634722 0.064062 0.633333 0.065625 0.631944 0.067969 0.626389 0.069531 0.623611 0.071875 0.623611 0.085156 0.625000 0.089844 0.615278 0.092188 0.611111 0.094531 0.609722 0.097656 0.608333 0.106250 0.609722 0.107813 0.609722 0.109375 0.606944 0.110156 0.606944 0.110937 0.604167 0.112500 0.601389 0.115625 0.602778 0.115625 0.609722 0.116406 0.611111 0.116406 0.615278 0.120313 0.620833 0.121875 0.622222 0.125000 0.623611 0.133594 0.623611 0.138281 0.620833 0.139844 0.618056 0.140625 0.615278 0.141406 0.608333 0.142969 0.605556 0.147656 0.604167 0.161719 0.605556 0.161719 0.609722 0.163281 0.612500 0.168750 0.613889 0.178125 0.613889 0.182812 0.611111 0.183594 0.608333 0.184375 0.605556 0.184375 0.602778 0.185156 0.600000 0.185938 0.598611 0.187500 0.597222 0.196875 0.597222 0.197656 0.595833 0.200000 0.595833 0.200781 0.593056 0.203906 0.591667 0.207813 0.590278 0.208594 0.597222 0.209375 0.600000 0.210156 0.601389 0.210938 0.601389 0.212500 0.604167 0.217969 0.605556 0.220312 0.601389 0.221094 0.587500 0.223438 0.586111 0.229687 0.584722 0.235156 0.583333 0.240625 0.583333 0.241406 0.581944 0.246094 0.581944 0.246875 0.579167 0.247656 0.576389 0.247656 0.573611 0.248438 0.570833 0.249219 0.568056 0.250000 0.566667 0.251563 0.565278 0.253906 0.563889 0.255469 0.566667 0.257031 0.575000 0.257031 0.577778 0.264062 0.577778 0.264844 0.576389 0.268750 0.576389 0.269531 0.561111 0.271094 0.561111 0.271094 0.558333 0.273438 0.552778 0.277344 0.538889 0.277344 0.509722 0.276562 0.465278 0.267188 0.465278 0.232031 0.466667 0.224219 0.469444 0.221875 0.469444 0.212500 0.468056 0.192188 0.469444 0.192188 0.475000 0.190625 0.476389 0.189844 0.501389 0.185156 0.502778 0.184375 0.508333 0.181250 0.509722 0.170313 0.511111 0.162500 0.509722 0.161719 0.506944 0.161719 0.494444 0.160156 0.466667 0.158594 0.452778 0.158594 0.440278 0.157812 0.438889 0.157812 0.433333 0.156250 0.433333 0.155469 0.431944 0.146875 0.431944 0.137500 0.429167 0.073438 0.419444 0.063281 0.419444
2 0.510156 0.470833 0.494531 0.472222 0.479687 0.473611 0.467187 0.475000 0.454688 0.477778 0.453906 0.480556 0.452344 0.486111 0.446875 0.506944 0.445312 0.509722 0.424219 0.509722 0.423438 0.506944 0.402344 0.506944 0.401562 0.509722 0.398438 0.520833 0.397656 0.541667 0.397656 0.556944 0.404687 0.558333 0.405469 0.568056 0.405469 0.584722 0.407813 0.584722 0.408594 0.586111 0.414062 0.587500 0.437500 0.588889 0.437500 0.633333 0.439063 0.636111 0.453906 0.637500 0.453906 0.640278 0.456250 0.643056 0.542188 0.641667 0.542969 0.626389 0.542969 0.604167 0.542188 0.587500 0.540625 0.577778 0.540625 0.556944 0.538281 0.552778 0.537500 0.550000 0.537500 0.530556 0.539844 0.526389 0.539844 0.519444 0.539062 0.516667 0.536719 0.509722 0.535156 0.505556 0.532813 0.500000 0.524219 0.483333 0.521875 0.479167 0.521094 0.479167 0.517969 0.473611 0.515625 0.470833 0.510156 0.470833
2 0.623437 0.465278 0.592969 0.466667 0.588281 0.468056 0.585938 0.469444 0.582812 0.472222 0.581250 0.475000 0.581250 0.476389 0.578906 0.480556 0.577344 0.486111 0.572656 0.495833 0.571094 0.500000 0.570312 0.505556 0.568750 0.520833 0.567187 0.523611 0.561719 0.523611 0.561719 0.525000 0.560937 0.530556 0.563281 0.531944 0.564063 0.534722 0.562500 0.537500 0.562500 0.566667 0.563281 0.588889 0.564063 0.591667 0.568750 0.591667 0.569531 0.593056 0.573438 0.593056 0.574219 0.583333 0.578125 0.584722 0.578906 0.588889 0.578906 0.594444 0.579688 0.600000 0.580469 0.602778 0.650000 0.602778 0.650000 0.594444 0.650781 0.587500 0.652344 0.583333 0.652344 0.530556 0.649219 0.523611 0.649219 0.495833 0.647656 0.490278 0.643750 0.477778 0.643750 0.469444 0.641406 0.465278 0.623437 0.465278
2 0.996094 0.447222 0.994531 0.450000 0.991406 0.451389 0.985156 0.452778 0.966406 0.456944 0.957031 0.456944 0.941406 0.462500 0.935937 0.462500 0.930469 0.463889 0.928906 0.465278 0.906250 0.505556 0.906250 0.509722 0.905469 0.512500 0.903125 0.518056 0.892969 0.519444 0.891406 0.520833 0.889062 0.523611 0.888281 0.526389 0.888281 0.529167 0.887500 0.531944 0.885938 0.534722 0.885938 0.536111 0.885156 0.537500 0.883594 0.538889 0.874219 0.547222 0.864062 0.552778 0.861719 0.554167 0.859375 0.556944 0.856250 0.561111 0.853906 0.565278 0.853125 0.569444 0.853125 0.573611 0.852344 0.576389 0.851562 0.579167 0.847656 0.588889 0.846094 0.595833 0.846875 0.608333 0.847656 0.619444 0.850000 0.626389 0.850000 0.652778 0.850781 0.656944 0.855469 0.673611 0.857812 0.679167 0.859375 0.679167 0.860156 0.680556 0.864844 0.681944 0.873437 0.681944 0.876563 0.680556 0.879687 0.679167 0.881250 0.677778 0.885156 0.670833 0.885938 0.666667 0.885938 0.659722 0.887500 0.654167 0.927344 0.654167 0.931250 0.659722 0.932813 0.661111 0.935937 0.662500 0.939063 0.663889 0.942969 0.663889 0.943750 0.659722 0.946875 0.659722 0.957031 0.665278 0.960938 0.666667 0.966406 0.665278 0.966406 0.669444 0.965625 0.673611 0.965625 0.690278 0.966406 0.695833 0.967969 0.701389 0.970313 0.709722 0.971875 0.713889 0.976562 0.723611 0.977344 0.725000 0.981250 0.730556 0.984375 0.731944 0.989062 0.733333 0.993750 0.734722 0.999219 0.736111 0.999219 0.447222 0.996094 0.447222
20 0.556250 0.520833 0.555469 0.522222 0.552344 0.522222 0.551562 0.531944 0.549219 0.530556 0.549219 0.522222 0.540625 0.522222 0.540625 0.526389 0.538281 0.530556 0.538281 0.534722 0.563281 0.533333 0.560937 0.531944 0.559375 0.527778 0.560937 0.523611 0.562500 0.520833 0.567969 0.520833 0.556250 0.520833
20 0.767188 0.512500 0.746094 0.513889 0.745313 0.515278 0.732031 0.515278 0.734375 0.519444 0.736719 0.520833 0.737500 0.522222 0.738281 0.525000 0.739844 0.531944 0.741406 0.533333 0.746094 0.534722 0.746875 0.540278 0.750781 0.541667 0.753125 0.547222 0.753906 0.561111 0.753125 0.568056 0.746875 0.569444 0.735156 0.570833 0.724219 0.570833 0.723437 0.569444 0.710938 0.568056 0.699219 0.566667 0.690625 0.568056 0.691406 0.575000 0.698438 0.576389 0.720313 0.579167 0.727344 0.580556 0.730469 0.581944 0.739062 0.597222 0.742188 0.598611 0.747656 0.600000 0.752344 0.601389 0.778125 0.608333 0.819531 0.619444 0.835156 0.623611 0.840625 0.625000 0.845313 0.625000 0.846094 0.626389 0.849219 0.626389 0.848437 0.623611 0.846875 0.619444 0.846094 0.608333 0.845313 0.594444 0.846875 0.588889 0.850781 0.579167 0.851562 0.576389 0.852344 0.573611 0.852344 0.569444 0.853125 0.565278 0.856250 0.559722 0.860156 0.555556 0.854688 0.555556 0.853906 0.554167 0.833594 0.552778 0.813281 0.552778 0.792188 0.551389 0.773438 0.550000 0.761719 0.548611 0.759375 0.547222 0.757031 0.545833 0.755469 0.544444 0.753906 0.527778 0.752344 0.525000 0.755469 0.520833 0.758594 0.519444 0.767188 0.518056 0.775000 0.518056 0.774219 0.513889 0.772656 0.513889 0.771875 0.512500 0.767188 0.512500
20 0.702344 0.512500 0.702344 0.513889 0.700781 0.516667 0.700781 0.520833 0.701562 0.523611 0.702344 0.525000 0.703906 0.527778 0.707031 0.527778 0.710156 0.526389 0.710938 0.525000 0.712500 0.525000 0.712500 0.518056 0.711719 0.513889 0.710938 0.511111 0.702344 0.512500
21 0.517188 0.454167 0.515625 0.459722 0.510938 0.468056 0.512500 0.469444 0.515625 0.469444 0.517969 0.472222 0.521875 0.477778 0.525000 0.483333 0.525000 0.484722 0.527344 0.488889 0.525781 0.486111 0.525781 0.462500 0.519531 0.462500 0.518750 0.458333 0.517188 0.454167
21 0.547656 0.419444 0.546094 0.420833 0.542188 0.426389 0.539844 0.427778 0.537500 0.430556 0.536719 0.465278 0.534375 0.465278 0.533594 0.462500 0.528906 0.462500 0.528906 0.472222 0.528906 0.491667 0.533594 0.500000 0.535937 0.505556 0.538281 0.513889 0.539062 0.515278 0.542188 0.519444 0.543750 0.520833 0.549219 0.520833 0.549219 0.508333 0.548438 0.461111 0.547656 0.459722 0.547656 0.419444
21 0.678906 0.377778 0.678906 0.380556 0.677344 0.383333 0.671094 0.383333 0.667188 0.390278 0.666406 0.404167 0.665625 0.422222 0.665625 0.438889 0.667969 0.450000 0.667188 0.475000 0.669531 0.479167 0.669531 0.491667 0.691406 0.490278 0.691406 0.487500 0.690625 0.469444 0.687500 0.397222 0.686719 0.395833 0.686719 0.379167 0.685937 0.376389 0.678906 0.377778
21 0.984375 0.365278 0.984375 0.379167 0.985156 0.408333 0.985938 0.409722 0.985938 0.426389 0.989062 0.426389 0.989062 0.415278 0.988281 0.380556 0.987500 0.379167 0.987500 0.365278 0.984375 0.365278
21 0.967187 0.365278 0.967187 0.394444 0.967969 0.395833 0.967969 0.425000 0.969531 0.426389 0.972656 0.429167 0.975000 0.430556 0.978906 0.430556 0.981250 0.429167 0.982812 0.427778 0.982812 0.415278 0.982031 0.381944 0.981250 0.380556 0.981250 0.365278 0.978125 0.369444 0.975781 0.369444 0.972656 0.368056 0.969531 0.366667 0.968750 0.365278 0.967187 0.365278
21 0.934375 0.365278 0.934375 0.379167 0.935156 0.404167 0.936719 0.430556 0.936719 0.455556 0.937500 0.456944 0.937500 0.461111 0.940625 0.461111 0.940625 0.433333 0.939844 0.395833 0.939063 0.394444 0.939063 0.366667 0.936719 0.366667 0.935937 0.365278 0.934375 0.365278
21 0.991406 0.363889 0.991406 0.381944 0.992188 0.416667 0.992969 0.427778 0.996875 0.434722 0.996094 0.443056 0.996094 0.445833 0.999219 0.445833 0.999219 0.366667 0.996875 0.366667 0.995313 0.363889 0.993750 0.362500 0.991406 0.363889
21 0.960156 0.355556 0.960156 0.383333 0.960938 0.431944 0.962500 0.430556 0.964844 0.427778 0.964844 0.402778 0.964063 0.372222 0.962500 0.362500 0.962500 0.355556 0.960156 0.355556
21 0.953906 0.354167 0.953906 0.379167 0.954688 0.441667 0.955469 0.443056 0.955469 0.456944 0.960156 0.455556 0.958594 0.451389 0.958594 0.447222 0.957812 0.445833 0.957812 0.443056 0.958594 0.426389 0.957812 0.393056 0.957031 0.359722 0.955469 0.354167 0.953906 0.354167
21 0.950000 0.354167 0.949219 0.356944 0.948438 0.365278 0.946875 0.365278 0.945312 0.366667 0.943750 0.368056 0.942969 0.404167 0.943750 0.458333 0.950000 0.458333 0.951562 0.456944 0.951562 0.415278 0.950781 0.358333 0.950000 0.356944 0.950000 0.354167
21 0.569531 0.347222 0.571094 0.350000 0.574219 0.348611 0.577344 0.345833 0.582031 0.344444 0.585938 0.344444 0.587500 0.345833 0.590625 0.350000 0.593750 0.351389 0.596875 0.351389 0.599219 0.352778 0.602344 0.358333 0.603125 0.362500 0.604688 0.365278 0.607031 0.366667 0.609375 0.365278 0.612500 0.368056 0.614844 0.372222 0.620313 0.377778 0.622656 0.381944 0.623437 0.384722 0.624219 0.391667 0.625781 0.394444 0.630469 0.390278 0.632031 0.390278 0.636719 0.395833 0.638281 0.397222 0.642969 0.394444 0.647656 0.393056 0.648438 0.395833 0.653906 0.418056 0.654687 0.420833 0.648438 0.420833 0.648438 0.418056 0.647656 0.413889 0.639844 0.412500 0.639062 0.438889 0.639844 0.448611 0.641406 0.451389 0.643750 0.454167 0.646875 0.456944 0.649219 0.459722 0.653125 0.459722 0.655469 0.463889 0.657813 0.455556 0.659375 0.451389 0.660156 0.454167 0.660156 0.462500 0.660937 0.463889 0.661719 0.475000 0.644531 0.475000 0.644531 0.469444 0.641406 0.463889 0.623437 0.463889 0.592969 0.465278 0.588281 0.466667 0.585938 0.468056 0.584375 0.469444 0.582812 0.470833 0.580469 0.475000 0.578125 0.480556 0.571875 0.495833 0.570312 0.500000 0.569531 0.505556 0.569531 0.509722 0.568750 0.515278 0.567969 0.516667 0.567969 0.519444 0.555469 0.520833 0.552344 0.520833 0.552344 0.513889 0.551562 0.512500 0.550781 0.455556 0.550781 0.415278 0.557813 0.408333 0.559375 0.423611 0.558594 0.444444 0.567969 0.445833 0.569531 0.443056 0.570312 0.440278 0.571094 0.427778 0.570312 0.422222 0.559375 0.423611 0.557813 0.408333 0.561719 0.402778 0.562500 0.402778 0.563281 0.354167 0.566406 0.352778 0.567187 0.348611 0.568750 0.344444 0.569531 0.347222
21 0.884375 0.343056 0.883594 0.362500 0.883594 0.365278 0.885156 0.368056 0.883594 0.370833 0.883594 0.373611 0.885156 0.376389 0.885156 0.381944 0.883594 0.384722 0.882812 0.390278 0.882812 0.394444 0.885156 0.398611 0.885938 0.402778 0.885938 0.441667 0.886719 0.443056 0.886719 0.456944 0.891406 0.454167 0.897656 0.451389 0.900781 0.451389 0.901563 0.450000 0.904687 0.451389 0.904687 0.454167 0.903906 0.486111 0.904687 0.495833 0.905469 0.497222 0.905469 0.501389 0.907031 0.498611 0.907813 0.498611 0.911719 0.493056 0.915625 0.487500 0.925781 0.469444 0.925781 0.461111 0.924219 0.423611 0.925000 0.397222 0.925000 0.377778 0.924219 0.358333 0.922656 0.355556 0.921094 0.354167 0.919531 0.354167 0.917969 0.356944 0.917969 0.359722 0.919531 0.362500 0.920312 0.381944 0.917969 0.386111 0.917969 0.388889 0.920312 0.394444 0.918750 0.397222 0.909375 0.395833 0.908594 0.391667 0.900000 0.391667 0.898438 0.394444 0.898438 0.395833 0.896875 0.398611 0.895312 0.398611 0.892969 0.398611 0.889062 0.390278 0.888281 0.384722 0.887500 0.379167 0.887500 0.375000 0.888281 0.373611 0.888281 0.370833 0.887500 0.369444 0.887500 0.366667 0.888281 0.365278 0.888281 0.362500 0.887500 0.344444 0.885938 0.343056 0.884375 0.343056
21 0.717187 0.272222 0.721875 0.277778 0.722656 0.283333 0.721875 0.288889 0.721094 0.293056 0.719531 0.295833 0.714063 0.301389 0.708594 0.305556 0.708594 0.320833 0.713281 0.320833 0.714063 0.318056 0.714063 0.313889 0.714844 0.311111 0.719531 0.308333 0.721094 0.311111 0.723437 0.312500 0.725000 0.313889 0.725781 0.322222 0.725000 0.323611 0.725000 0.327778 0.725000 0.323611 0.727344 0.319444 0.732031 0.318056 0.736719 0.316667 0.741406 0.315278 0.742188 0.331944 0.743750 0.331944 0.744531 0.330556 0.750781 0.327778 0.752344 0.329167 0.753906 0.331944 0.756250 0.333333 0.757812 0.336111 0.758594 0.336111 0.758594 0.340278 0.757812 0.347222 0.756250 0.350000 0.741406 0.350000 0.738281 0.352778 0.733594 0.356944 0.732031 0.359722 0.731250 0.359722 0.730469 0.361111 0.729688 0.363889 0.729688 0.366667 0.732031 0.370833 0.733594 0.376389 0.732812 0.379167 0.731250 0.381944 0.713281 0.381944 0.707812 0.376389 0.704688 0.375000 0.701562 0.375000 0.697656 0.377778 0.696094 0.379167 0.694531 0.380556 0.693750 0.386111 0.694531 0.401389 0.696094 0.433333 0.697656 0.465278 0.700000 0.497222 0.700000 0.511111 0.702344 0.511111 0.713281 0.508333 0.727344 0.506944 0.730469 0.512500 0.735938 0.513889 0.745313 0.513889 0.767188 0.511111 0.771875 0.511111 0.775000 0.513889 0.777344 0.513889 0.782031 0.512500 0.782813 0.509722 0.781250 0.505556 0.781250 0.504167 0.778906 0.498611 0.778906 0.480556 0.781250 0.476389 0.784375 0.472222 0.786719 0.469444 0.788281 0.468056 0.792969 0.465278 0.796875 0.463889 0.799219 0.462500 0.800781 0.461111 0.801562 0.455556 0.810937 0.438889 0.850781 0.438889 0.853906 0.444444 0.860156 0.444444 0.861719 0.443056 0.864062 0.438889 0.867969 0.438889 0.874219 0.440278 0.875000 0.443056 0.874219 0.393056 0.874219 0.345833 0.873437 0.343056 0.869531 0.341667 0.869531 0.309722 0.867969 0.309722 0.864844 0.304167 0.863281 0.300000 0.863281 0.294444 0.861719 0.297222 0.858594 0.298611 0.846094 0.298611 0.832031 0.297222 0.824219 0.294444 0.821875 0.288889 0.818750 0.284722 0.811719 0.276389 0.810156 0.275000 0.807813 0.275000 0.804688 0.277778 0.800000 0.281944 0.794531 0.281944 0.793750 0.287500 0.792969 0.288889 0.781250 0.290278 0.770312 0.288889 0.758594 0.287500 0.752344 0.284722 0.752344 0.279167 0.746094 0.279167 0.739062 0.280556 0.738281 0.281944 0.736719 0.281944 0.736719 0.286111 0.735156 0.288889 0.731250 0.290278 0.727344 0.283333 0.721875 0.276389 0.719531 0.273611 0.717187 0.272222
