9 0.892430 0.008965 0.139813 0.017931
2 0.542984 0.461833 0.019844 0.028472
2 0.523590 0.454292 0.010289 0.016778
2 0.438184 0.455222 0.017539 0.027667
2 0.143746 0.495375 0.101961 0.075972
2 0.268020 0.475542 0.059227 0.059639
4 0.476969 0.447868 0.020859 0.029875
0 0.965949 0.529465 0.047039 0.202264
0 0.759984 0.498403 0.018469 0.109861
2 0.682348 0.495701 0.068133 0.079681
2 0.647309 0.485729 0.028930 0.058264
2 0.630953 0.473792 0.038672 0.061528
2 0.594488 0.466750 0.039461 0.040944
2 0.307105 0.475215 0.023445 0.047653
2 0.327434 0.470882 0.029242 0.045653
2 0.355496 0.469438 0.030258 0.037208
2 0.387262 0.462493 0.038508 0.036486
0 0.988492 0.488917 0.023016 0.096528
0 0.994586 0.556535 0.010828 0.146069
8 0.924039 0.321521 0.013297 0.064708
8 0.707633 0.033264 0.055672 0.066528
9 0.766715 0.357153 0.029680 0.020139
9 0.048336 0.320361 0.018672 0.013500
9 0.068711 0.308972 0.010844 0.015444
0 0.008750 0.480194 0.017500 0.094056
9 0.115695 0.260208 0.055953 0.025139
8 0.176676 0.240833 0.030227 0.054444
8 0.437180 0.394604 0.007937 0.014403
8 0.544262 0.396187 0.008258 0.012375
8 0.589996 0.430208 0.004602 0.008361
