8 0.223074 0.343340 0.016602 0.033319
2 0.114676 0.520333 0.229352 0.382722
2 0.246469 0.497278 0.101672 0.148472
2 0.391445 0.495319 0.117422 0.225944
2 0.616668 0.514264 0.189648 0.188889
2 0.298383 0.496014 0.014797 0.034250
2 0.479734 0.478528 0.065219 0.103972
2 0.307703 0.495257 0.011937 0.030792
2 0.315445 0.493167 0.006484 0.027444
30 0.468699 0.410924 0.018570 0.030792
30 0.964711 0.034951 0.062688 0.069903
2 0.321531 0.491562 0.006906 0.027153
8 0.507090 0.415410 0.008945 0.017486
8 0.331629 0.293403 0.025180 0.053472
8 0.499687 0.389201 0.005781 0.022708
