0 0.265656 0.326271 0.024609 0.069986
2 0.572684 0.350451 0.162742 0.232153
2 0.788102 0.393160 0.150031 0.189931
2 0.953789 0.386687 0.092422 0.197014
2 0.899320 0.380979 0.037641 0.074514
2 0.859336 0.376993 0.018703 0.076569
2 0.673504 0.354000 0.061695 0.095611
2 0.483934 0.353743 0.019961 0.062514
2 0.442758 0.341222 0.081094 0.082639
2 0.342816 0.330174 0.085008 0.076931
2 0.252363 0.322611 0.109570 0.083139
2 0.178375 0.322931 0.155906 0.092722
2 0.100137 0.333833 0.075586 0.091556
2 0.044414 0.333118 0.088828 0.191431
30 0.381988 0.285229 0.014758 0.034236
30 0.477047 0.300132 0.017766 0.027569
30 0.727812 0.206660 0.012500 0.034181
