2 0.311520 0.387146 0.010617 0.014375
2 0.063805 0.422181 0.107328 0.069583
2 0.126254 0.409903 0.059273 0.029000
2 0.155996 0.395354 0.063789 0.027792
29 0.095625 0.168896 0.073141 0.160458
29 0.080582 0.290160 0.049273 0.072847
29 0.443965 0.234736 0.025117 0.057750
29 0.279039 0.308722 0.005672 0.007778
29 0.287086 0.320181 0.005078 0.008194
29 0.287750 0.334764 0.006094 0.011806
29 0.310641 0.356222 0.005938 0.010000
29 0.316148 0.348861 0.003984 0.007778
29 0.346461 0.349278 0.004609 0.007500
29 0.348258 0.335528 0.004766 0.011389
29 0.334273 0.353514 0.003828 0.008194
29 0.359508 0.354639 0.005313 0.016944
9 0.269082 0.335764 0.016992 0.009806
2 0.838570 0.492951 0.322859 0.310486
2 0.590762 0.401813 0.044258 0.060208
2 0.326023 0.389917 0.017656 0.020583
