0 0.619461 0.328618 0.016047 0.011569
0 0.633840 0.328229 0.006023 0.010708
0 0.716020 0.344285 0.010789 0.066903
0 0.735844 0.350979 0.016312 0.078514
9 0.495781 0.308035 0.015313 0.010653
9 0.668168 0.268181 0.023836 0.040583
0 0.930559 0.338910 0.043148 0.168597
2 0.442926 0.375535 0.080070 0.136125
2 0.486230 0.359549 0.023430 0.044986
2 0.294324 0.381917 0.039320 0.066694
2 0.324555 0.381437 0.024766 0.050292
2 0.342996 0.378382 0.015008 0.041625
2 0.350320 0.375486 0.017172 0.039694
2 0.364059 0.370667 0.020430 0.039056
2 0.527098 0.375042 0.065789 0.095972
2 0.583234 0.364208 0.047234 0.090306
2 0.622316 0.381042 0.079289 0.091972
2 0.178395 0.406188 0.094727 0.095542
2 0.257297 0.391375 0.059297 0.066528
0 0.232535 0.358701 0.005055 0.028708
0 0.677383 0.323569 0.057688 0.022306
