2 0.264234 0.416153 0.045125 0.056361
2 0.179062 0.440833 0.098125 0.109444
8 0.249660 0.201160 0.013398 0.052986
8 0.966406 0.303868 0.049844 0.102403
7 0.621773 0.468750 0.052391 0.065861
7 0.652949 0.455306 0.031492 0.065194
7 0.692324 0.462132 0.039898 0.055264
1 0.621000 0.436368 0.032000 0.077347
1 0.652270 0.433208 0.026352 0.107472
1 0.693422 0.449750 0.018094 0.079944
0 0.842539 0.423792 0.020234 0.072306
0 0.459059 0.418250 0.006164 0.037778
2 0.759309 0.440812 0.106695 0.055875
2 0.820574 0.450660 0.084367 0.055514
9 0.477004 0.342993 0.010367 0.025347
2 0.390207 0.418458 0.021195 0.031639
2 0.379750 0.418417 0.011016 0.028611
2 0.373734 0.418347 0.009922 0.024861
2 0.327883 0.397771 0.007125 0.012958
2 0.348039 0.407667 0.033141 0.032778
2 0.365750 0.415514 0.008906 0.020139
4 0.296902 0.384194 0.007414 0.015917
