2 0.008594 0.697035 0.017188 0.118625
8 0.397109 0.562674 0.006437 0.014181
8 0.389473 0.577701 0.005195 0.011514
8 0.366723 0.579097 0.005602 0.011194
8 0.346203 0.567306 0.005719 0.011500
2 0.794867 0.692076 0.410266 0.453597
2 0.930578 0.882903 0.138844 0.234194
2 0.481965 0.639306 0.050461 0.101111
2 0.516922 0.649431 0.063891 0.148611
2 0.578473 0.672188 0.135336 0.211431
2 0.456883 0.631840 0.027719 0.074236
2 0.074941 0.667514 0.113680 0.115250
2 0.148422 0.653847 0.065406 0.091667
2 0.222051 0.636958 0.081398 0.082528
2 0.447215 0.616660 0.053492 0.077764
