2 0.346516 0.532722 0.042984 0.044056
2 0.367102 0.529611 0.020859 0.040333
2 0.415613 0.513431 0.008680 0.015444
2 0.434797 0.514924 0.013437 0.018931
2 0.491582 0.515750 0.006336 0.031111
2 0.487168 0.512764 0.009055 0.028750
2 0.481973 0.512972 0.004914 0.018056
2 0.478297 0.514222 0.003516 0.012222
2 0.449336 0.511583 0.006641 0.008889
0 0.084582 0.514201 0.015805 0.025875
2 0.293758 0.544451 0.045547 0.065931
2 0.244203 0.552736 0.087406 0.084056
2 0.106707 0.533458 0.100852 0.054750
2 0.218180 0.520542 0.057469 0.038944
2 0.594707 0.539319 0.080414 0.103306
2 0.526852 0.527993 0.037297 0.050653
2 0.503238 0.515993 0.023430 0.041319
