2 0.764930 0.586542 0.229859 0.249389
2 0.528117 0.505937 0.044047 0.074375
2 0.500785 0.499729 0.023648 0.056403
2 0.488234 0.498653 0.012547 0.043111
0 0.641965 0.509326 0.020383 0.077931
2 0.443348 0.498437 0.011586 0.024569
2 0.399160 0.492896 0.022930 0.050875
2 0.310160 0.517139 0.073227 0.102889
2 0.267465 0.529993 0.097258 0.115264
2 0.351258 0.518410 0.029813 0.060208
2 0.187289 0.562667 0.137781 0.197083
2 0.456898 0.500326 0.015203 0.024264
2 0.877777 0.728472 0.244445 0.515278
2 0.562992 0.523576 0.071609 0.090375
2 0.087152 0.593826 0.174305 0.345681
2 0.363129 0.510437 0.025758 0.053514
